0 0.3374233128834356 0.2807017543859649 0.003067484662576687 0.056140350877192984
0 0.49524539877300616 0.4114035087719298 0.003374233128834356 0.04035087719298246
0 0.4575153374233129 0.2517543859649123 0.0027607361963190185 0.04736842105263158
0 0.46748466257668714 0.18771929824561404 0.00245398773006135 0.042105263157894736
0 0.5315950920245399 0.15087719298245614 0.00245398773006135 0.03859649122807018
0 0.5581288343558283 0.24736842105263157 0.003374233128834356 0.05263157894736842
0 0.5190184049079755 0.18947368421052632 0.00245398773006135 0.03508771929824561
0 0.6159509202453988 0.3763157894736842 0.0036809815950920245 0.05789473684210526
0 0.5869631901840491 0.256140350877193 0.0027607361963190185 0.04912280701754386
0 0.5306748466257669 0.27280701754385966 0.003067484662576687 0.05087719298245614
0 0.5553680981595092 0.16052631578947368 0.003374233128834356 0.04035087719298246
0 0.5441717791411043 0.23157894736842105 0.0036809815950920245 0.056140350877192984
0 0.7107361963190184 0.30526315789473685 0.003067484662576687 0.042105263157894736
0 0.604601226993865 0.26842105263157895 0.003067484662576687 0.04912280701754386
0 0.6299079754601227 0.34210526315789475 0.003374233128834356 0.056140350877192984
0 0.5984662576687116 0.2219298245614035 0.004294478527607362 0.05789473684210526
0 0.5861963190184049 0.1850877192982456 0.00245398773006135 0.03333333333333333
0 0.5484662576687117 0.3736842105263158 0.0036809815950920245 0.05964912280701754
0 0.5644171779141104 0.2710526315789474 0.003067484662576687 0.05087719298245614
0 0.5253067484662577 0.22631578947368422 0.0027607361963190185 0.0456140350877193
0 0.561042944785276 0.20877192982456141 0.003067484662576687 0.04912280701754386
0 0.5299079754601227 0.1649122807017544 0.003374233128834356 0.042105263157894736
0 0.4817484662576687 0.21754385964912282 0.0027607361963190185 0.04912280701754386