0 0.30598159509202455 0.30087719298245613 0.0027607361963190185 0.05087719298245614
0 0.5374233128834356 0.537719298245614 0.0049079754601227 0.06140350877192982
0 0.45659509202453985 0.3333333333333333 0.003374233128834356 0.056140350877192984
0 0.4598159509202454 0.18596491228070175 0.00245398773006135 0.042105263157894736
0 0.5150306748466258 0.1692982456140351 0.00245398773006135 0.04035087719298246
0 0.5248466257668711 0.31140350877192985 0.003067484662576687 0.043859649122807015
0 0.5355828220858896 0.20701754385964913 0.0036809815950920245 0.0456140350877193
0 0.5796012269938651 0.4166666666666667 0.003987730061349694 0.06491228070175438
0 0.5837423312883435 0.2850877192982456 0.003067484662576687 0.04035087719298246
0 0.49938650306748467 0.2833333333333333 0.003067484662576687 0.05087719298245614
0 0.5653374233128834 0.17543859649122806 0.003067484662576687 0.042105263157894736
0 0.5335889570552147 0.23421052631578948 0.003374233128834356 0.054385964912280704
0 0.7460122699386503 0.32719298245614037 0.0036809815950920245 0.05087719298245614
0 0.6122699386503068 0.30701754385964913 0.003067484662576687 0.05263157894736842
0 0.600920245398773 0.3956140350877193 0.0036809815950920245 0.06140350877192982
0 0.5966257668711656 0.2631578947368421 0.003067484662576687 0.04912280701754386
0 0.5789877300613497 0.19649122807017544 0.003987730061349694 0.03859649122807018
0 0.5653374233128834 0.4342105263157895 0.004294478527607362 0.06491228070175438
0 0.5156441717791411 0.2964912280701754 0.003067484662576687 0.03859649122807018
0 0.5108895705521472 0.21842105263157896 0.003374233128834356 0.04736842105263158
0 0.5621165644171779 0.2535087719298246 0.0027607361963190185 0.04035087719298246
0 0.5285276073619631 0.1736842105263158 0.003067484662576687 0.03859649122807018
0 0.4834355828220859 0.23508771929824562 0.00245398773006135 0.0456140350877193