0 0.26058282208588956 0.37456140350877193 0.003374233128834356 0.05789473684210526
0 0.44401840490797545 0.5666666666666667 0.005214723926380368 0.06666666666666667
0 0.4338957055214724 0.6763157894736842 0.005828220858895706 0.08947368421052632
0 0.4354294478527607 0.4105263157894737 0.003987730061349694 0.06315789473684211
0 0.45858895705521474 0.28421052631578947 0.003067484662576687 0.04912280701754386
0 0.5607361963190184 0.6175438596491228 0.005521472392638037 0.08771929824561403
0 0.5012269938650307 0.4517543859649123 0.004294478527607362 0.05087719298245614
0 0.5395705521472393 0.7070175438596491 0.006134969325153374 0.07368421052631578
0 0.7030674846625767 0.6043859649122807 0.005521472392638037 0.0824561403508772
0 0.5900306748466257 0.4236842105263158 0.003987730061349694 0.06491228070175438
0 0.552760736196319 0.26842105263157895 0.003067484662576687 0.03859649122807018
0 0.5136503067484662 0.44649122807017544 0.003987730061349694 0.06140350877192982
0 0.7423312883435583 0.3649122807017544 0.0036809815950920245 0.05964912280701754
0 0.7055214723926381 0.5745614035087719 0.006134969325153374 0.08596491228070176
0 0.5122699386503068 0.6947368421052632 0.0049079754601227 0.09473684210526316
0 0.6466257668711657 0.30350877192982456 0.003067484662576687 0.05263157894736842
0 0.5739263803680982 0.20964912280701756 0.00245398773006135 0.043859649122807015
0 0.4601226993865031 0.5333333333333333 0.0049079754601227 0.06315789473684211
0 0.6225460122699387 0.5692982456140351 0.005214723926380368 0.06491228070175438
0 0.48619631901840493 0.36403508771929827 0.0036809815950920245 0.05087719298245614
0 0.5751533742331288 0.4535087719298246 0.004294478527607362 0.06491228070175438
0 0.47638036809815953 0.20789473684210527 0.00245398773006135 0.043859649122807015
0 0.4840490797546012 0.7464912280701754 0.005521472392638037 0.07894736842105263