0 0.2687116564417178 0.34385964912280703 0.004294478527607362 0.06666666666666667
0 0.42484662576687116 0.5692982456140351 0.0049079754601227 0.07894736842105263
0 0.4322085889570552 0.45526315789473687 0.004294478527607362 0.06842105263157895
0 0.45291411042944785 0.3201754385964912 0.003374233128834356 0.054385964912280704
0 0.4429447852760736 0.24035087719298245 0.00245398773006135 0.0456140350877193
0 0.4869631901840491 0.4236842105263158 0.003987730061349694 0.06491228070175438
0 0.49800613496932516 0.33596491228070174 0.003374233128834356 0.04736842105263158
0 0.5095092024539877 0.5289473684210526 0.0049079754601227 0.07192982456140351
0 0.5774539877300614 0.48771929824561405 0.004601226993865031 0.06315789473684211
0 0.5449386503067485 0.3956140350877193 0.003987730061349694 0.06140350877192982
0 0.5024539877300613 0.23333333333333334 0.003067484662576687 0.042105263157894736
0 0.47208588957055214 0.4421052631578947 0.004294478527607362 0.06666666666666667
0 0.7142638036809816 0.33157894736842103 0.003374233128834356 0.056140350877192984
0 0.6297546012269939 0.45087719298245615 0.004294478527607362 0.06666666666666667
0 0.4110429447852761 0.6903508771929825 0.006134969325153374 0.08596491228070176
0 0.6041411042944785 0.3192982456140351 0.003374233128834356 0.0456140350877193
0 0.5355828220858896 0.18859649122807018 0.00245398773006135 0.04035087719298246
0 0.41503067484662576 0.5412280701754386 0.0049079754601227 0.07543859649122807
0 0.5357361963190184 0.3868421052631579 0.004601226993865031 0.06842105263157895
0 0.49846625766871167 0.28157894736842104 0.003067484662576687 0.04035087719298246
0 0.5230061349693251 0.33771929824561403 0.0036809815950920245 0.05789473684210526
0 0.45766871165644174 0.17192982456140352 0.003067484662576687 0.0456140350877193
0 0.4371165644171779 0.6017543859649123 0.006748466257668712 0.08771929824561403