0 0.20398773006134968 0.3929824561403509 0.004294478527607362 0.07017543859649122
0 0.19263803680981595 0.7982456140350878 0.006748466257668712 0.10175438596491228
0 0.20598159509202454 0.5894736842105263 0.005214723926380368 0.08070175438596491
0 0.331441717791411 0.3868421052631579 0.003374233128834356 0.06140350877192982
0 0.3599693251533742 0.30964912280701756 0.003374233128834356 0.054385964912280704
0 0.4214723926380368 0.6157894736842106 0.005521472392638037 0.08421052631578947
0 0.40659509202453986 0.45 0.004601226993865031 0.07543859649122807
0 0.47883435582822087 0.6605263157894737 0.004294478527607362 0.07894736842105263
0 0.5840490797546012 0.6008771929824561 0.005521472392638037 0.07894736842105263
0 0.5122699386503068 0.3649122807017544 0.0036809815950920245 0.05964912280701754
0 0.5061349693251533 0.28596491228070176 0.003067484662576687 0.04912280701754386
0 0.41088957055214725 0.4692982456140351 0.003987730061349694 0.07894736842105263
0 0.7012269938650306 0.3631578947368421 0.0036809815950920245 0.05964912280701754
0 0.563957055214724 0.5771929824561404 0.005214723926380368 0.08070175438596491
0 0.4815950920245399 0.6947368421052632 0.006134969325153374 0.0912280701754386
0 0.556441717791411 0.3736842105263158 0.0036809815950920245 0.05964912280701754
0 0.5188650306748466 0.2482456140350877 0.003987730061349694 0.04035087719298246
0 0.25107361963190183 0.7552631578947369 0.006441717791411043 0.09649122807017543
0 0.4476993865030675 0.5877192982456141 0.005214723926380368 0.06666666666666667
0 0.38052147239263806 0.40350877192982454 0.003987730061349694 0.056140350877192984
0 0.4292944785276074 0.4649122807017544 0.003987730061349694 0.06315789473684211
0 0.36487730061349694 0.29385964912280704 0.003374233128834356 0.054385964912280704
0 0.28450920245398775 0.5587719298245614 0.004601226993865031 0.07192982456140351