0 0.3558282208588957 0.31842105263157894 0.0036809815950920245 0.05789473684210526
0 0.6294478527607362 0.4675438596491228 0.004294478527607362 0.06842105263157895
0 0.5464723926380368 0.34035087719298246 0.003374233128834356 0.056140350877192984
0 0.526840490797546 0.2614035087719298 0.0027607361963190185 0.04912280701754386
0 0.6647239263803681 0.20789473684210527 0.00245398773006135 0.02982456140350877
0 0.700920245398773 0.25877192982456143 0.005521472392638037 0.05087719298245614
0 0.5937116564417177 0.2517543859649123 0.0027607361963190185 0.043859649122807015
0 0.7236196319018405 0.3763157894736842 0.003067484662576687 0.06140350877192982
0 0.7119631901840491 0.3192982456140351 0.004294478527607362 0.056140350877192984
0 0.646319018404908 0.2929824561403509 0.003067484662576687 0.05263157894736842
0 0.5851226993865031 0.18596491228070175 0.0027607361963190185 0.03859649122807018
0 0.6415644171779141 0.23771929824561402 0.003374233128834356 0.054385964912280704
0 0.75920245398773 0.3026315789473684 0.004294478527607362 0.054385964912280704
0 0.7230061349693252 0.2824561403508772 0.004294478527607362 0.056140350877192984
0 0.7334355828220859 0.3473684210526316 0.004294478527607362 0.05964912280701754
0 0.6918711656441717 0.24649122807017543 0.003374233128834356 0.04736842105263158
0 0.6854294478527607 0.2324561403508772 0.0027607361963190185 0.04035087719298246
0 0.69079754601227 0.443859649122807 0.004294478527607362 0.06666666666666667
0 0.6668711656441718 0.3017543859649123 0.003067484662576687 0.05263157894736842
0 0.651840490797546 0.2596491228070175 0.004294478527607362 0.04912280701754386
0 0.6337423312883436 0.22807017543859648 0.0036809815950920245 0.04912280701754386
0 0.6053680981595092 0.18421052631578946 0.003374233128834356 0.042105263157894736
0 0.5300613496932516 0.2912280701754386 0.0036809815950920245 0.056140350877192984