0 0.2969325153374233 0.3605263157894737 0.003067484662576687 0.05087719298245614
0 0.5361963190184049 0.6359649122807017 0.005521472392638037 0.07543859649122807
0 0.5388036809815951 0.4885964912280702 0.004601226993865031 0.07192982456140351
0 0.4878834355828221 0.362280701754386 0.0027607361963190185 0.06140350877192982
0 0.5015337423312883 0.24298245614035088 0.003067484662576687 0.043859649122807015
0 0.6760736196319018 0.44298245614035087 0.004294478527607362 0.06491228070175438
0 0.5653374233128834 0.38859649122807016 0.0036809815950920245 0.05789473684210526
0 0.7062883435582822 0.6192982456140351 0.005214723926380368 0.07017543859649122
0 0.7912576687116565 0.5763157894736842 0.005214723926380368 0.07894736842105263
0 0.7676380368098159 0.42543859649122806 0.003987730061349694 0.06491228070175438
0 0.5884969325153374 0.24736842105263157 0.0027607361963190185 0.0456140350877193
0 0.5719325153374233 0.4114035087719298 0.003374233128834356 0.06842105263157895
0 0.7898773006134969 0.3868421052631579 0.0036809815950920245 0.04736842105263158
0 0.7904907975460123 0.5877192982456141 0.005521472392638037 0.08771929824561403
0 0.7605828220858896 0.7517543859649123 0.006441717791411043 0.09649122807017543
0 0.6621165644171779 0.22017543859649122 0.0027607361963190185 0.03333333333333333
0 0.5562883435582822 0.18157894736842106 0.0027607361963190185 0.03684210526315789
0 0.5498466257668712 0.6763157894736842 0.005828220858895706 0.08947368421052632
0 0.6593558282208589 0.5008771929824561 0.004601226993865031 0.07192982456140351
0 0.5524539877300614 0.47719298245614034 0.004294478527607362 0.05964912280701754
0 0.6892638036809816 0.3894736842105263 0.003067484662576687 0.05263157894736842
0 0.5078220858895706 0.23771929824561402 0.0027607361963190185 0.04736842105263158
0 0.49493865030674844 0.38333333333333336 0.003374233128834356 0.05087719298245614