0 0.2630368098159509 0.36403508771929827 0.004601226993865031 0.07192982456140351
0 0.40521472392638036 0.5921052631578947 0.004294478527607362 0.07192982456140351
0 0.40736196319018403 0.49473684210526314 0.0036809815950920245 0.05964912280701754
0 0.4179447852760736 0.4149122807017544 0.003987730061349694 0.06140350877192982
0 0.4322085889570552 0.34385964912280703 0.003067484662576687 0.056140350877192984
0 0.4943251533742331 0.40964912280701754 0.003987730061349694 0.05087719298245614
0 0.47607361963190187 0.5403508771929825 0.0049079754601227 0.07017543859649122
0 0.49079754601226994 0.6263157894736842 0.005521472392638037 0.06666666666666667
0 0.5903374233128834 0.5307017543859649 0.003987730061349694 0.06491228070175438
0 0.5645705521472393 0.3973684210526316 0.003987730061349694 0.043859649122807015
0 0.5004601226993866 0.2710526315789474 0.003987730061349694 0.04736842105263158
0 0.4457055214723926 0.4166666666666667 0.00245398773006135 0.06491228070175438
0 0.7190184049079754 0.3631578947368421 0.0036809815950920245 0.05964912280701754
0 0.5826687116564417 0.5114035087719299 0.004601226993865031 0.07192982456140351
0 0.48711656441717793 0.6947368421052632 0.006134969325153374 0.0912280701754386
0 0.5792944785276074 0.30964912280701756 0.003374233128834356 0.054385964912280704
0 0.5061349693251533 0.2219298245614035 0.003067484662576687 0.04736842105263158
0 0.3884969325153374 0.7298245614035088 0.006441717791411043 0.09473684210526316
0 0.537883435582822 0.49912280701754386 0.004601226993865031 0.07192982456140351
0 0.5098159509202455 0.5368421052631579 0.0049079754601227 0.06315789473684211
0 0.5322085889570553 0.3815789473684211 0.0036809815950920245 0.06140350877192982
0 0.4558282208588957 0.39824561403508774 0.0036809815950920245 0.07368421052631578
0 0.4226993865030675 0.44912280701754387 0.004294478527607362 0.05263157894736842