0 0.24846625766871167 0.356140350877193 0.00245398773006135 0.05964912280701754
0 0.3900306748466258 0.5780701754385965 0.003987730061349694 0.06491228070175438
0 0.40736196319018403 0.45614035087719296 0.0049079754601227 0.07368421052631578
0 0.4053680981595092 0.4166666666666667 0.003987730061349694 0.06491228070175438
0 0.4174846625766871 0.3131578947368421 0.003067484662576687 0.05789473684210526
0 0.46932515337423314 0.38421052631578945 0.0036809815950920245 0.05964912280701754
0 0.45061349693251534 0.512280701754386 0.0036809815950920245 0.07017543859649122
0 0.4366564417177914 0.6140350877192983 0.004601226993865031 0.08421052631578947
0 0.5260736196319018 0.5 0.004294478527607362 0.06666666666666667
0 0.5176380368098159 0.39649122807017545 0.003987730061349694 0.06315789473684211
0 0.450920245398773 0.2710526315789474 0.003067484662576687 0.04736842105263158
0 0.423159509202454 0.49473684210526314 0.003987730061349694 0.06666666666666667
0 0.7076687116564417 0.35175438596491226 0.0036809815950920245 0.05789473684210526
0 0.548159509202454 0.5578947368421052 0.004294478527607362 0.07017543859649122
0 0.4368098159509202 0.7096491228070175 0.006134969325153374 0.09298245614035087
0 0.5831288343558282 0.2964912280701754 0.003067484662576687 0.05263157894736842
0 0.473159509202454 0.193859649122807 0.0027607361963190185 0.05087719298245614
0 0.37070552147239266 0.7447368421052631 0.006441717791411043 0.09649122807017543
0 0.4723926380368098 0.5228070175438596 0.0049079754601227 0.07368421052631578
0 0.4409509202453988 0.4956140350877193 0.004601226993865031 0.06842105263157895
0 0.4947852760736196 0.3798245614035088 0.0036809815950920245 0.06140350877192982
0 0.42576687116564416 0.2982456140350877 0.003067484662576687 0.05263157894736842
0 0.4116564417177914 0.4342105263157895 0.004294478527607362 0.07192982456140351