0 0.2940184049079755 0.33157894736842103 0.003374233128834356 0.06315789473684211
0 0.4874233128834356 0.46228070175438596 0.004294478527607362 0.06842105263157895
0 0.48773006134969327 0.3298245614035088 0.0036809815950920245 0.06315789473684211
0 0.48665644171779143 0.25526315789473686 0.003374233128834356 0.04736842105263158
0 0.49095092024539877 0.19473684210526315 0.0027607361963190185 0.042105263157894736
0 0.6064417177914111 0.27456140350877195 0.003067484662576687 0.05087719298245614
0 0.5371165644171779 0.22719298245614036 0.00245398773006135 0.04035087719298246
0 0.5611963190184049 0.4149122807017544 0.003987730061349694 0.06140350877192982
0 0.6423312883435582 0.35 0.0036809815950920245 0.05789473684210526
0 0.6276073619631902 0.1868421052631579 0.00245398773006135 0.03684210526315789
0 0.5604294478527607 0.19649122807017544 0.00245398773006135 0.042105263157894736
0 0.55920245398773 0.3017543859649123 0.003067484662576687 0.05263157894736842
0 0.7170245398773006 0.25701754385964914 0.0027607361963190185 0.04035087719298246
0 0.7239263803680982 0.443859649122807 0.004294478527607362 0.06666666666666667
0 0.6236196319018404 0.624561403508772 0.005521472392638037 0.08421052631578947
0 0.6294478527607362 0.17017543859649123 0.0036809815950920245 0.042105263157894736
0 0.5331288343558283 0.1587719298245614 0.0036809815950920245 0.043859649122807015
0 0.49570552147239266 0.5342105263157895 0.0049079754601227 0.07543859649122807
0 0.619478527607362 0.31666666666666665 0.003374233128834356 0.054385964912280704
0 0.5007668711656442 0.23157894736842105 0.0027607361963190185 0.0456140350877193
0 0.5930981595092024 0.22719298245614036 0.003374233128834356 0.054385964912280704
0 0.5262269938650307 0.193859649122807 0.003987730061349694 0.04736842105263158
0 0.4838957055214724 0.28771929824561404 0.003374233128834356 0.056140350877192984