0 0.3111963190184049 0.3412280701754386 0.003987730061349694 0.054385964912280704
0 0.7355828220858895 0.6263157894736842 0.005521472392638037 0.05263157894736842
0 0.47960122699386504 0.4201754385964912 0.003987730061349694 0.06491228070175438
0 0.48849693251533743 0.2543859649122807 0.0027607361963190185 0.04912280701754386
0 0.5388036809815951 0.18596491228070175 0.0027607361963190185 0.03859649122807018
0 0.5191717791411042 0.40350877192982454 0.003987730061349694 0.06315789473684211
0 0.5877300613496933 0.26842105263157895 0.003067484662576687 0.03859649122807018
0 0.5673312883435583 0.5105263157894737 0.004601226993865031 0.05964912280701754
0 0.6659509202453988 0.35 0.0036809815950920245 0.04736842105263158
0 0.5544478527607362 0.3649122807017544 0.003374233128834356 0.056140350877192984
0 0.6193251533742331 0.2131578947368421 0.00245398773006135 0.02982456140350877
0 0.5595092024539877 0.27456140350877195 0.004294478527607362 0.04736842105263158
0 0.7760736196319018 0.3526315789473684 0.0036809815950920245 0.05263157894736842
0 0.6808282208588957 0.4017543859649123 0.003987730061349694 0.04912280701754386
0 0.6050613496932515 0.48333333333333334 0.004601226993865031 0.06842105263157895
0 0.6541411042944786 0.3236842105263158 0.005828220858895706 0.07192982456140351
0 0.6248466257668711 0.256140350877193 0.0036809815950920245 0.03508771929824561
0 0.6966257668711656 0.5456140350877193 0.0049079754601227 0.05964912280701754
0 0.5585889570552147 0.39035087719298245 0.0036809815950920245 0.054385964912280704
0 0.5705521472392638 0.2868421052631579 0.003067484662576687 0.043859649122807015
0 0.6122699386503068 0.33421052631578946 0.003067484662576687 0.05087719298245614
0 0.560122699386503 0.19035087719298247 0.003067484662576687 0.04035087719298246
0 0.5026073619631902 0.3131578947368421 0.003374233128834356 0.054385964912280704