0 0.2940184049079755 0.3526315789473684 0.003374233128834356 0.0456140350877193
0 0.4785276073619632 0.5736842105263158 0.0049079754601227 0.07719298245614035
0 0.49171779141104294 0.39824561403508774 0.0036809815950920245 0.05964912280701754
0 0.48634969325153377 0.30701754385964913 0.003987730061349694 0.04912280701754386
0 0.4967791411042945 0.22631578947368422 0.0027607361963190185 0.0456140350877193
0 0.6193251533742331 0.3798245614035088 0.0036809815950920245 0.06140350877192982
0 0.5484662576687117 0.30087719298245613 0.003067484662576687 0.043859649122807015
0 0.63420245398773 0.5675438596491228 0.005214723926380368 0.07192982456140351
0 0.7338957055214724 0.5114035087719299 0.004601226993865031 0.07192982456140351
0 0.696319018404908 0.28771929824561404 0.003067484662576687 0.042105263157894736
0 0.5682515337423313 0.22807017543859648 0.0027607361963190185 0.0456140350877193
0 0.5524539877300614 0.3798245614035088 0.0036809815950920245 0.06140350877192982
0 0.7618098159509202 0.3473684210526316 0.003374233128834356 0.04912280701754386
0 0.7785276073619631 0.5456140350877193 0.0049079754601227 0.07719298245614035
0 0.7016871165644172 0.7631578947368421 0.006441717791411043 0.09824561403508772
0 0.6547546012269939 0.1780701754385965 0.0027607361963190185 0.03684210526315789
0 0.5421779141104295 0.16842105263157894 0.0027607361963190185 0.042105263157894736
0 0.4822085889570552 0.6263157894736842 0.005521472392638037 0.08421052631578947
0 0.6039877300613496 0.39649122807017545 0.0036809815950920245 0.04912280701754386
0 0.5174846625766871 0.37105263157894736 0.0036809815950920245 0.05789473684210526
0 0.6294478527607362 0.2850877192982456 0.003067484662576687 0.05087719298245614
0 0.5079754601226993 0.21052631578947367 0.0036809815950920245 0.0456140350877193
0 0.48067484662576687 0.34035087719298246 0.0036809815950920245 0.056140350877192984