0 0.35199386503067487 0.3175438596491228 0.0027607361963190185 0.06666666666666667
0 0.5634969325153374 0.45087719298245615 0.004294478527607362 0.05964912280701754
0 0.48711656441717793 0.2833333333333333 0.003067484662576687 0.043859649122807015
0 0.528680981595092 0.23508771929824562 0.003374233128834356 0.03508771929824561
0 0.6587423312883436 0.20964912280701756 0.0027607361963190185 0.04035087719298246
0 0.6875766871165644 0.24736842105263157 0.0027607361963190185 0.04912280701754386
0 0.5578220858895706 0.24035087719298245 0.0027607361963190185 0.03859649122807018
0 0.6742331288343558 0.3631578947368421 0.0036809815950920245 0.05263157894736842
0 0.6593558282208589 0.25263157894736843 0.003374233128834356 0.04912280701754386
0 0.6110429447852761 0.27017543859649124 0.003067484662576687 0.04912280701754386
0 0.6049079754601226 0.19824561403508772 0.00245398773006135 0.042105263157894736
0 0.6150306748466258 0.26666666666666666 0.0036809815950920245 0.05263157894736842
0 0.7558282208588957 0.30526315789473685 0.003067484662576687 0.04912280701754386
0 0.7142638036809816 0.23859649122807017 0.003374233128834356 0.042105263157894736
0 0.6987730061349693 0.36929824561403507 0.0036809815950920245 0.043859649122807015
0 0.6863496932515337 0.2535087719298246 0.003374233128834356 0.054385964912280704
0 0.6613496932515337 0.23157894736842105 0.003067484662576687 0.0456140350877193
0 0.601840490797546 0.4710526315789474 0.004294478527607362 0.05789473684210526
0 0.6254601226993866 0.3 0.003067484662576687 0.0456140350877193
0 0.5746932515337423 0.2631578947368421 0.0027607361963190185 0.042105263157894736
0 0.6254601226993866 0.22982456140350876 0.004294478527607362 0.056140350877192984
0 0.5345092024539877 0.17894736842105263 0.0027607361963190185 0.0456140350877193
0 0.526840490797546 0.25087719298245614 0.003987730061349694 0.0456140350877193