0 0.3423312883435583 0.2807017543859649 0.004294478527607362 0.06666666666666667
0 0.49555214723926383 0.41228070175438597 0.003987730061349694 0.031578947368421054
0 0.45383435582822085 0.23421052631578948 0.0027607361963190185 0.04736842105263158
0 0.475920245398773 0.2043859649122807 0.003374233128834356 0.04736842105263158
0 0.5504601226993865 0.15789473684210525 0.002147239263803681 0.0456140350877193
0 0.5716257668711656 0.23333333333333334 0.0027607361963190185 0.0456140350877193
0 0.5279141104294478 0.20526315789473684 0.00245398773006135 0.03859649122807018
0 0.6099693251533742 0.4 0.003987730061349694 0.06315789473684211
0 0.5961656441717792 0.26052631578947366 0.0027607361963190185 0.04736842105263158
0 0.5398773006134969 0.27456140350877195 0.003067484662576687 0.05087719298245614
0 0.5541411042944785 0.18070175438596492 0.002147239263803681 0.031578947368421054
0 0.5513803680981595 0.2394736842105263 0.003374233128834356 0.054385964912280704
0 0.7136503067484663 0.306140350877193 0.003374233128834356 0.054385964912280704
0 0.6274539877300613 0.27631578947368424 0.003374233128834356 0.054385964912280704
0 0.6263803680981596 0.35526315789473684 0.0036809815950920245 0.05789473684210526
0 0.6049079754601226 0.22982456140350876 0.0036809815950920245 0.05263157894736842
0 0.6023006134969325 0.20877192982456141 0.003374233128834356 0.04912280701754386
0 0.5516871165644172 0.39824561403508774 0.003987730061349694 0.06315789473684211
0 0.5647239263803681 0.27631578947368424 0.003067484662576687 0.05087719298245614
0 0.5308282208588957 0.25 0.0027607361963190185 0.04736842105263158
0 0.5602760736196319 0.20964912280701756 0.0027607361963190185 0.043859649122807015
0 0.5065950920245399 0.1631578947368421 0.0027607361963190185 0.03859649122807018
0 0.4817484662576687 0.2149122807017544 0.0027607361963190185 0.04736842105263158