0 0.26855828220858896 0.34035087719298246 0.004601226993865031 0.07368421052631578
0 0.4383435582822086 0.4903508771929825 0.0036809815950920245 0.07543859649122807
0 0.45153374233128835 0.38333333333333336 0.0036809815950920245 0.06140350877192982
0 0.4619631901840491 0.27456140350877195 0.003067484662576687 0.05087719298245614
0 0.45429447852760735 0.20087719298245615 0.00245398773006135 0.043859649122807015
0 0.48941717791411044 0.32719298245614037 0.003374233128834356 0.043859649122807015
0 0.5285276073619631 0.24561403508771928 0.003067484662576687 0.03859649122807018
0 0.47392638036809814 0.46228070175438596 0.004294478527607362 0.05789473684210526
0 0.5495398773006135 0.40789473684210525 0.003987730061349694 0.05789473684210526
0 0.5274539877300614 0.31666666666666665 0.003374233128834356 0.054385964912280704
0 0.5113496932515338 0.19912280701754387 0.00245398773006135 0.04035087719298246
0 0.4820552147239264 0.3912280701754386 0.003987730061349694 0.05964912280701754
0 0.7136503067484663 0.31491228070175437 0.003374233128834356 0.054385964912280704
0 0.6200920245398773 0.39824561403508774 0.003987730061349694 0.06315789473684211
0 0.5013803680981596 0.6798245614035088 0.005828220858895706 0.08947368421052632
0 0.6004601226993865 0.2578947368421053 0.0027607361963190185 0.03859649122807018
0 0.5334355828220859 0.16228070175438597 0.00245398773006135 0.03684210526315789
0 0.4171779141104294 0.5719298245614035 0.0049079754601227 0.07719298245614035
0 0.5150306748466258 0.33245614035087717 0.004294478527607362 0.05789473684210526
0 0.5289877300613497 0.22807017543859648 0.0027607361963190185 0.03508771929824561
0 0.4938650306748466 0.2649122807017544 0.003067484662576687 0.04912280701754386
0 0.455521472392638 0.16842105263157894 0.003067484662576687 0.042105263157894736
0 0.42960122699386505 0.4631578947368421 0.005214723926380368 0.07719298245614035