0 0.2523006134969325 0.3701754385964912 0.003374233128834356 0.05263157894736842
0 0.4085889570552147 0.5877192982456141 0.0049079754601227 0.08070175438596491
0 0.39662576687116563 0.6078947368421053 0.005521472392638037 0.0824561403508772
0 0.4072085889570552 0.42719298245614035 0.003987730061349694 0.06491228070175438
0 0.4217791411042945 0.30350877192982456 0.003067484662576687 0.05263157894736842
0 0.49371165644171777 0.5684210526315789 0.005214723926380368 0.07368421052631578
0 0.4562883435582822 0.5070175438596491 0.004601226993865031 0.06315789473684211
0 0.5035276073619632 0.6666666666666666 0.005828220858895706 0.07368421052631578
0 0.6207055214723927 0.5912280701754385 0.005214723926380368 0.08070175438596491
0 0.5365030674846626 0.4728070175438597 0.004294478527607362 0.05789473684210526
0 0.48680981595092027 0.27017543859649124 0.003067484662576687 0.04912280701754386
0 0.45245398773006135 0.47543859649122805 0.0036809815950920245 0.056140350877192984
0 0.7184049079754601 0.3649122807017544 0.0036809815950920245 0.05964912280701754
0 0.6190184049079754 0.5412280701754386 0.0049079754601227 0.07543859649122807
0 0.33911042944785275 0.6614035087719298 0.005828220858895706 0.08771929824561403
0 0.6164110429447853 0.3236842105263158 0.003374233128834356 0.054385964912280704
0 0.5357361963190184 0.2219298245614035 0.0027607361963190185 0.043859649122807015
0 0.4254601226993865 0.5412280701754386 0.0049079754601227 0.07543859649122807
0 0.5406441717791411 0.5771929824561404 0.005214723926380368 0.07368421052631578
0 0.46794478527607364 0.3473684210526316 0.003374233128834356 0.05263157894736842
0 0.5226993865030675 0.4368421052631579 0.004294478527607362 0.06666666666666667
0 0.4457055214723926 0.2026315789473684 0.004294478527607362 0.05789473684210526
0 0.4756134969325153 0.7254385964912281 0.006441717791411043 0.08596491228070176