0 0.2673312883435583 0.3894736842105263 0.005214723926380368 0.056140350877192984
0 0.5995398773006135 0.6859649122807018 0.004601226993865031 0.07368421052631578
0 0.4638036809815951 0.5614035087719298 0.0049079754601227 0.06315789473684211
0 0.4852760736196319 0.3605263157894737 0.0036809815950920245 0.05789473684210526
0 0.5042944785276073 0.21228070175438596 0.00245398773006135 0.031578947368421054
0 0.5538343558282208 0.5657894736842105 0.003987730061349694 0.07543859649122807
0 0.5596625766871166 0.3973684210526316 0.003987730061349694 0.054385964912280704
0 0.7150306748466257 0.5605263157894737 0.0049079754601227 0.07192982456140351
0 0.7808282208588957 0.7921052631578948 0.00705521472392638 0.09649122807017543
0 0.6134969325153374 0.37894736842105264 0.0036809815950920245 0.05964912280701754
0 0.6108895705521472 0.26666666666666666 0.0027607361963190185 0.04912280701754386
0 0.5909509202453987 0.37543859649122807 0.003374233128834356 0.056140350877192984
0 0.7702453987730061 0.36666666666666664 0.0036809815950920245 0.05964912280701754
0 0.7516871165644172 0.5614035087719298 0.005214723926380368 0.07368421052631578
0 0.7926380368098159 0.7947368421052632 0.006748466257668712 0.08421052631578947
0 0.7026073619631902 0.4166666666666667 0.003987730061349694 0.06491228070175438
0 0.6435582822085889 0.2964912280701754 0.003067484662576687 0.05263157894736842
0 0.6207055214723927 0.7280701754385965 0.006441717791411043 0.09473684210526316
0 0.6648773006134969 0.5991228070175438 0.005214723926380368 0.0824561403508772
0 0.5529141104294478 0.5350877192982456 0.004601226993865031 0.06666666666666667
0 0.6447852760736197 0.4587719298245614 0.004294478527607362 0.06842105263157895
0 0.5725460122699386 0.2692982456140351 0.003374233128834356 0.043859649122807015
0 0.49800613496932516 0.5868421052631579 0.005214723926380368 0.07894736842105263