0 0.3174846625766871 0.29736842105263156 0.004294478527607362 0.054385964912280704
0 0.49524539877300616 0.4114035087719298 0.003374233128834356 0.04035087719298246
0 0.4644171779141104 0.27017543859649124 0.003067484662576687 0.04912280701754386
0 0.4630368098159509 0.1649122807017544 0.0027607361963190185 0.03508771929824561
0 0.5302147239263804 0.15263157894736842 0.002147239263803681 0.03859649122807018
0 0.5533742331288344 0.27017543859649124 0.003067484662576687 0.04912280701754386
0 0.5115030674846626 0.1824561403508772 0.002147239263803681 0.028070175438596492
0 0.6052147239263803 0.3719298245614035 0.0036809815950920245 0.05964912280701754
0 0.5829754601226994 0.2517543859649123 0.0027607361963190185 0.04736842105263158
0 0.5288343558282208 0.2710526315789474 0.003067484662576687 0.05087719298245614
0 0.5595092024539877 0.16140350877192983 0.003067484662576687 0.03508771929824561
0 0.5391104294478528 0.23684210526315788 0.003374233128834356 0.05263157894736842
0 0.723159509202454 0.30526315789473685 0.003374233128834356 0.05263157894736842
0 0.602760736196319 0.26666666666666666 0.003067484662576687 0.04912280701754386
0 0.623159509202454 0.3350877192982456 0.003374233128834356 0.056140350877192984
0 0.6024539877300613 0.22280701754385965 0.003067484662576687 0.0456140350877193
0 0.5797546012269938 0.17719298245614035 0.003067484662576687 0.03859649122807018
0 0.5444785276073619 0.37719298245614036 0.0036809815950920245 0.05964912280701754
0 0.5653374233128834 0.27017543859649124 0.003067484662576687 0.04912280701754386
0 0.5226993865030675 0.2043859649122807 0.00245398773006135 0.043859649122807015
0 0.5734662576687116 0.21228070175438596 0.003374233128834356 0.0456140350877193
0 0.5424846625766871 0.16842105263157894 0.002147239263803681 0.042105263157894736
0 0.48098159509202454 0.21228070175438596 0.003067484662576687 0.05263157894736842