0 0.2621165644171779 0.37543859649122807 0.003374233128834356 0.056140350877192984
0 0.451840490797546 0.5605263157894737 0.0049079754601227 0.054385964912280704
0 0.4372699386503067 0.6587719298245615 0.005828220858895706 0.07192982456140351
0 0.44125766871165645 0.40789473684210525 0.003987730061349694 0.06491228070175438
0 0.4628834355828221 0.28157894736842104 0.003067484662576687 0.05087719298245614
0 0.568558282208589 0.6096491228070176 0.005828220858895706 0.09649122807017543
0 0.5078220858895706 0.44298245614035087 0.005214723926380368 0.06140350877192982
0 0.5487730061349694 0.6982456140350877 0.006134969325153374 0.06315789473684211
0 0.7049079754601227 0.6052631578947368 0.005521472392638037 0.08070175438596491
0 0.5949386503067484 0.42280701754385963 0.003987730061349694 0.05263157894736842
0 0.556441717791411 0.2736842105263158 0.003067484662576687 0.042105263157894736
0 0.5180981595092025 0.4473684210526316 0.0036809815950920245 0.05964912280701754
0 0.7457055214723927 0.3631578947368421 0.0036809815950920245 0.056140350877192984
0 0.7111963190184049 0.5789473684210527 0.005828220858895706 0.08421052631578947
0 0.5205521472392638 0.6921052631578948 0.0049079754601227 0.09298245614035087
0 0.649079754601227 0.3 0.003067484662576687 0.05263157894736842
0 0.5742331288343558 0.20614035087719298 0.00245398773006135 0.043859649122807015
0 0.4668711656441718 0.5350877192982456 0.0049079754601227 0.06666666666666667
0 0.6283742331288343 0.5763157894736842 0.005214723926380368 0.07543859649122807
0 0.49049079754601227 0.3684210526315789 0.0036809815950920245 0.05263157894736842
0 0.5788343558282208 0.45526315789473687 0.004294478527607362 0.06491228070175438
0 0.4785276073619632 0.20877192982456141 0.00245398773006135 0.042105263157894736
0 0.4845092024539877 0.7271929824561404 0.005828220858895706 0.0824561403508772