0 0.25690184049079756 0.38859649122807016 0.005214723926380368 0.05789473684210526
0 0.5576687116564417 0.6842105263157895 0.0049079754601227 0.08421052631578947
0 0.4325153374233129 0.5473684210526316 0.0049079754601227 0.06315789473684211
0 0.4699386503067485 0.3385964912280702 0.00245398773006135 0.056140350877192984
0 0.49785276073619633 0.20614035087719298 0.00245398773006135 0.03684210526315789
0 0.5265337423312884 0.5640350877192982 0.003374233128834356 0.07192982456140351
0 0.5381901840490797 0.37894736842105264 0.003374233128834356 0.04912280701754386
0 0.6831288343558283 0.5605263157894737 0.0049079754601227 0.06842105263157895
0 0.7154907975460123 0.7807017543859649 0.005828220858895706 0.07719298245614035
0 0.6033742331288343 0.3736842105263158 0.0036809815950920245 0.05964912280701754
0 0.5969325153374233 0.25526315789473686 0.005521472392638037 0.05789473684210526
0 0.568558282208589 0.3719298245614035 0.003374233128834356 0.05263157894736842
0 0.7576687116564417 0.3570175438596491 0.0036809815950920245 0.05789473684210526
0 0.7111963190184049 0.5675438596491228 0.005214723926380368 0.07543859649122807
0 0.7154907975460123 0.7508771929824561 0.005828220858895706 0.08070175438596491
0 0.680521472392638 0.4201754385964912 0.003987730061349694 0.05789473684210526
0 0.6266871165644172 0.2982456140350877 0.003067484662576687 0.04912280701754386
0 0.5883435582822086 0.712280701754386 0.006134969325153374 0.08771929824561403
0 0.6256134969325153 0.5964912280701754 0.005214723926380368 0.07719298245614035
0 0.5274539877300614 0.5403508771929825 0.005214723926380368 0.07368421052631578
0 0.6122699386503068 0.4535087719298246 0.004294478527607362 0.06842105263157895
0 0.5604294478527607 0.27456140350877195 0.003067484662576687 0.043859649122807015
0 0.4848159509202454 0.5763157894736842 0.005214723926380368 0.07894736842105263