0 0.3401840490797546 0.3333333333333333 0.003067484662576687 0.056140350877192984
0 0.5964723926380369 0.5210526315789473 0.004601226993865031 0.07017543859649122
0 0.5386503067484663 0.3587719298245614 0.0036809815950920245 0.05789473684210526
0 0.524079754601227 0.2596491228070175 0.0027607361963190185 0.04912280701754386
0 0.7190184049079754 0.19736842105263158 0.0036809815950920245 0.03684210526315789
0 0.5789877300613497 0.2412280701754386 0.0027607361963190185 0.04736842105263158
0 0.6191717791411043 0.3175438596491228 0.003374233128834356 0.05263157894736842
0 0.7561349693251533 0.38070175438596493 0.003067484662576687 0.056140350877192984
0 0.6803680981595092 0.28771929824561404 0.003067484662576687 0.0456140350877193
0 0.7383435582822085 0.30526315789473685 0.0036809815950920245 0.05263157894736842
0 0.6369631901840491 0.18333333333333332 0.002147239263803681 0.02631578947368421
0 0.656441717791411 0.23596491228070177 0.0036809815950920245 0.054385964912280704
0 0.7734662576687117 0.3254385964912281 0.004601226993865031 0.054385964912280704
0 0.7449386503067484 0.3105263157894737 0.003987730061349694 0.05964912280701754
0 0.7611963190184049 0.37456140350877193 0.003987730061349694 0.05789473684210526
0 0.7372699386503068 0.26403508771929823 0.002147239263803681 0.043859649122807015
0 0.7168711656441717 0.20964912280701756 0.0036809815950920245 0.04035087719298246
0 0.7061349693251534 0.4482456140350877 0.004294478527607362 0.06491228070175438
0 0.7220858895705522 0.3026315789473684 0.0036809815950920245 0.05789473684210526
0 0.6099693251533742 0.2543859649122807 0.0027607361963190185 0.04912280701754386
0 0.695398773006135 0.2885964912280702 0.003067484662576687 0.05087719298245614
0 0.6585889570552147 0.19473684210526315 0.0036809815950920245 0.04912280701754386
0 0.5487730061349694 0.3570175438596491 0.003067484662576687 0.05789473684210526