0 0.25552147239263806 0.3605263157894737 0.004294478527607362 0.06491228070175438
0 0.4013803680981595 0.5921052631578947 0.004601226993865031 0.07543859649122807
0 0.4147239263803681 0.47017543859649125 0.004294478527607362 0.06666666666666667
0 0.4124233128834356 0.41228070175438597 0.003987730061349694 0.05964912280701754
0 0.43236196319018405 0.32280701754385965 0.003374233128834356 0.05964912280701754
0 0.48726993865030677 0.40350877192982454 0.003987730061349694 0.06315789473684211
0 0.47300613496932514 0.525438596491228 0.004294478527607362 0.07192982456140351
0 0.45950920245398774 0.6149122807017544 0.0049079754601227 0.0824561403508772
0 0.5598159509202454 0.5201754385964912 0.0049079754601227 0.07192982456140351
0 0.5354294478527607 0.39649122807017545 0.003987730061349694 0.06315789473684211
0 0.46717791411042947 0.2710526315789474 0.003067484662576687 0.04736842105263158
0 0.43803680981595094 0.4298245614035088 0.00245398773006135 0.06666666666666667
0 0.7073619631901841 0.3649122807017544 0.0036809815950920245 0.05964912280701754
0 0.570398773006135 0.5263157894736842 0.004601226993865031 0.07368421052631578
0 0.46702453987730064 0.6815789473684211 0.005828220858895706 0.08596491228070176
0 0.5803680981595092 0.30350877192982456 0.003067484662576687 0.05263157894736842
0 0.4829754601226994 0.21140350877192982 0.0027607361963190185 0.04736842105263158
0 0.377760736196319 0.7280701754385965 0.006441717791411043 0.09473684210526316
0 0.5257668711656441 0.5210526315789473 0.0049079754601227 0.07368421052631578
0 0.48588957055214727 0.5298245614035088 0.0049079754601227 0.06315789473684211
0 0.5199386503067485 0.37719298245614036 0.0036809815950920245 0.05964912280701754
0 0.44539877300613495 0.3482456140350877 0.0036809815950920245 0.05789473684210526
0 0.4279141104294479 0.45 0.004294478527607362 0.06842105263157895