0 0.25245398773006134 0.35350877192982455 0.0049079754601227 0.07543859649122807
0 0.3955521472392638 0.6789473684210526 0.005828220858895706 0.08421052631578947
0 0.3852760736196319 0.5675438596491228 0.0049079754601227 0.09298245614035087
0 0.4121165644171779 0.3798245614035088 0.003374233128834356 0.06491228070175438
0 0.42576687116564416 0.2719298245614035 0.003067484662576687 0.03859649122807018
0 0.4466257668711656 0.5228070175438596 0.0049079754601227 0.07368421052631578
0 0.45950920245398774 0.3912280701754386 0.0036809815950920245 0.0456140350877193
0 0.49984662576687117 0.6543859649122807 0.005214723926380368 0.08771929824561403
0 0.568558282208589 0.443859649122807 0.003374233128834356 0.06666666666666667
0 0.5168711656441718 0.4421052631578947 0.004294478527607362 0.06666666666666667
0 0.49524539877300616 0.23771929824561402 0.0027607361963190185 0.03684210526315789
0 0.4503067484662577 0.4964912280701754 0.004294478527607362 0.07719298245614035
0 0.7184049079754601 0.3412280701754386 0.003067484662576687 0.05087719298245614
0 0.594478527607362 0.5307017543859649 0.0049079754601227 0.07543859649122807
0 0.5472392638036809 0.7 0.006134969325153374 0.0912280701754386
0 0.5774539877300614 0.3192982456140351 0.005214723926380368 0.06315789473684211
0 0.5406441717791411 0.25263157894736843 0.0027607361963190185 0.04912280701754386
0 0.38328220858895706 0.7429824561403509 0.006441717791411043 0.09649122807017543
0 0.5038343558282209 0.48333333333333334 0.004601226993865031 0.06140350877192982
0 0.46855828220858897 0.3394736842105263 0.003987730061349694 0.05087719298245614
0 0.5492331288343558 0.4614035087719298 0.003374233128834356 0.06315789473684211
0 0.44585889570552145 0.18859649122807018 0.003987730061349694 0.05087719298245614
0 0.37852760736196317 0.625438596491228 0.004294478527607362 0.0824561403508772