0 0.3138036809815951 0.2982456140350877 0.00245398773006135 0.056140350877192984
0 0.49647239263803683 0.4192982456140351 0.003374233128834356 0.05263157894736842
0 0.45858895705521474 0.2885964912280702 0.003067484662576687 0.05087719298245614
0 0.45812883435582824 0.1736842105263158 0.0027607361963190185 0.042105263157894736
0 0.5168711656441718 0.15526315789473685 0.003067484662576687 0.04035087719298246
0 0.5380368098159509 0.2833333333333333 0.003067484662576687 0.05087719298245614
0 0.504601226993865 0.1649122807017544 0.0036809815950920245 0.03859649122807018
0 0.6042944785276073 0.37456140350877193 0.0036809815950920245 0.05789473684210526
0 0.5725460122699386 0.24736842105263157 0.0027607361963190185 0.0456140350877193
0 0.5044478527607362 0.2517543859649123 0.0027607361963190185 0.04736842105263158
0 0.5553680981595092 0.16140350877192983 0.003374233128834356 0.03859649122807018
0 0.5375766871165644 0.24385964912280703 0.003374233128834356 0.05263157894736842
0 0.7280674846625766 0.30964912280701756 0.003374233128834356 0.054385964912280704
0 0.5987730061349693 0.2631578947368421 0.003067484662576687 0.04912280701754386
0 0.622239263803681 0.3298245614035088 0.003374233128834356 0.056140350877192984
0 0.595398773006135 0.22719298245614036 0.003067484662576687 0.04736842105263158
0 0.5656441717791411 0.17017543859649123 0.0036809815950920245 0.03508771929824561
0 0.5328220858895706 0.36666666666666664 0.0036809815950920245 0.05964912280701754
0 0.5559815950920245 0.2675438596491228 0.003374233128834356 0.04736842105263158
0 0.5072085889570552 0.1780701754385965 0.003374233128834356 0.03684210526315789
0 0.5688650306748466 0.2131578947368421 0.003987730061349694 0.04736842105263158
0 0.5233128834355828 0.16403508771929826 0.003067484662576687 0.03684210526315789
0 0.48006134969325154 0.20789473684210527 0.003067484662576687 0.05087719298245614