0 0.329601226993865 0.3263157894736842 0.003374233128834356 0.056140350877192984
0 0.7585889570552147 0.6649122807017543 0.007361963190184049 0.09824561403508772
0 0.48987730061349694 0.37719298245614036 0.0036809815950920245 0.05964912280701754
0 0.48420245398773004 0.2929824561403509 0.0027607361963190185 0.0456140350877193
0 0.553680981595092 0.19035087719298247 0.0036809815950920245 0.05087719298245614
0 0.5613496932515337 0.35 0.0036809815950920245 0.05789473684210526
0 0.6087423312883435 0.26052631578947366 0.0027607361963190185 0.043859649122807015
0 0.5329754601226994 0.4745614035087719 0.004601226993865031 0.06491228070175438
0 0.7012269938650306 0.38070175438596493 0.004294478527607362 0.06315789473684211
0 0.7046012269938651 0.3587719298245614 0.004294478527607362 0.06140350877192982
0 0.6611963190184049 0.24649122807017543 0.003374233128834356 0.04736842105263158
0 0.627760736196319 0.39035087719298245 0.003987730061349694 0.06491228070175438
0 0.7134969325153374 0.2850877192982456 0.003067484662576687 0.04736842105263158
0 0.716717791411043 0.38070175438596493 0.004601226993865031 0.06315789473684211
0 0.685122699386503 0.5596491228070175 0.005214723926380368 0.07368421052631578
0 0.6866564417177914 0.2675438596491228 0.0027607361963190185 0.043859649122807015
0 0.7055214723926381 0.2912280701754386 0.004294478527607362 0.05964912280701754
0 0.7381901840490798 0.6403508771929824 0.005214723926380368 0.08421052631578947
0 0.6506134969325154 0.3684210526315789 0.004294478527607362 0.06315789473684211
0 0.5941717791411043 0.3026315789473684 0.003067484662576687 0.04736842105263158
0 0.6182515337423313 0.24035087719298245 0.003374233128834356 0.04912280701754386
0 0.5808282208588957 0.156140350877193 0.003374233128834356 0.03859649122807018
0 0.48098159509202454 0.3201754385964912 0.0036809815950920245 0.054385964912280704