0 0.25690184049079756 0.3447368421052632 0.0027607361963190185 0.054385964912280704
0 0.40828220858895703 0.4807017543859649 0.004294478527607362 0.07017543859649122
0 0.42116564417177915 0.3912280701754386 0.003067484662576687 0.05964912280701754
0 0.42208588957055215 0.31666666666666665 0.0036809815950920245 0.054385964912280704
0 0.4335889570552147 0.22982456140350876 0.0027607361963190185 0.03859649122807018
0 0.4723926380368098 0.4324561403508772 0.004294478527607362 0.06491228070175438
0 0.4762269938650307 0.3105263157894737 0.003374233128834356 0.05263157894736842
0 0.4838957055214724 0.5219298245614035 0.004601226993865031 0.06842105263157895
0 0.5334355828220859 0.39035087719298245 0.0036809815950920245 0.054385964912280704
0 0.5398773006134969 0.27807017543859647 0.003067484662576687 0.043859649122807015
0 0.4835889570552147 0.24035087719298245 0.0027607361963190185 0.03859649122807018
0 0.46886503067484664 0.4421052631578947 0.003987730061349694 0.07017543859649122
0 0.7084355828220859 0.3298245614035088 0.003374233128834356 0.056140350877192984
0 0.5789877300613497 0.4219298245614035 0.003987730061349694 0.06491228070175438
0 0.5638036809815951 0.7149122807017544 0.006134969325153374 0.09298245614035087
0 0.587116564417178 0.27631578947368424 0.003067484662576687 0.05087719298245614
0 0.5098159509202455 0.17105263157894737 0.00245398773006135 0.03684210526315789
0 0.402760736196319 0.5307017543859649 0.0049079754601227 0.07543859649122807
0 0.48006134969325154 0.48947368421052634 0.004294478527607362 0.07368421052631578
0 0.4947852760736196 0.2692982456140351 0.003067484662576687 0.043859649122807015
0 0.4690184049079755 0.36929824561403507 0.0036809815950920245 0.054385964912280704
0 0.44033742331288345 0.19298245614035087 0.0027607361963190185 0.03859649122807018
0 0.423159509202454 0.3307017543859649 0.003374233128834356 0.054385964912280704