0 0.3467791411042945 0.30350877192982456 0.003374233128834356 0.06315789473684211
0 0.5145705521472392 0.4236842105263158 0.003987730061349694 0.06140350877192982
0 0.48144171779141104 0.2543859649122807 0.0027607361963190185 0.04912280701754386
0 0.5210122699386504 0.20087719298245615 0.0027607361963190185 0.03684210526315789
0 0.6223926380368098 0.2043859649122807 0.00245398773006135 0.043859649122807015
0 0.6435582822085889 0.23859649122807017 0.0036809815950920245 0.05263157894736842
0 0.5498466257668712 0.22280701754385965 0.0027607361963190185 0.042105263157894736
0 0.6328220858895706 0.3798245614035088 0.0036809815950920245 0.05789473684210526
0 0.6303680981595092 0.26052631578947366 0.0036809815950920245 0.05087719298245614
0 0.5819018404907975 0.2736842105263158 0.003067484662576687 0.03859649122807018
0 0.5773006134969325 0.19912280701754387 0.00245398773006135 0.03684210526315789
0 0.5711656441717792 0.27456140350877195 0.0036809815950920245 0.054385964912280704
0 0.7519938650306749 0.3236842105263158 0.003374233128834356 0.054385964912280704
0 0.6914110429447853 0.26228070175438595 0.0036809815950920245 0.04736842105263158
0 0.657361963190184 0.38333333333333336 0.0036809815950920245 0.06140350877192982
0 0.6487730061349694 0.24298245614035088 0.004294478527607362 0.04736842105263158
0 0.6388036809815951 0.22280701754385965 0.003374233128834356 0.0456140350877193
0 0.5567484662576687 0.45087719298245615 0.004294478527607362 0.06666666666666667
0 0.597239263803681 0.2912280701754386 0.003067484662576687 0.05263157894736842
0 0.5584355828220859 0.2614035087719298 0.0027607361963190185 0.031578947368421054
0 0.5742331288343558 0.2149122807017544 0.0036809815950920245 0.054385964912280704
0 0.5007668711656442 0.17105263157894737 0.0027607361963190185 0.04736842105263158
0 0.5205521472392638 0.23508771929824562 0.005521472392638037 0.04912280701754386