0 0.3128834355828221 0.3175438596491228 0.003067484662576687 0.0456140350877193
0 0.548159509202454 0.6263157894736842 0.005521472392638037 0.08421052631578947
0 0.49739263803680983 0.4 0.003987730061349694 0.06315789473684211
0 0.49647239263803683 0.24649122807017543 0.0027607361963190185 0.04736842105263158
0 0.5929447852760736 0.17017543859649123 0.0036809815950920245 0.042105263157894736
0 0.5239263803680981 0.22280701754385965 0.00245398773006135 0.03508771929824561
0 0.5288343558282208 0.29473684210526313 0.003067484662576687 0.028070175438596492
0 0.679601226993865 0.47017543859649125 0.003987730061349694 0.06315789473684211
0 0.601840490797546 0.2324561403508772 0.0036809815950920245 0.043859649122807015
0 0.6245398773006134 0.3 0.003067484662576687 0.04912280701754386
0 0.5792944785276074 0.20964912280701756 0.002147239263803681 0.043859649122807015
0 0.5769938650306748 0.22631578947368422 0.0036809815950920245 0.04912280701754386
0 0.7587423312883436 0.3236842105263158 0.003374233128834356 0.05087719298245614
0 0.6553680981595092 0.3263157894736842 0.003374233128834356 0.056140350877192984
0 0.6788343558282208 0.42280701754385963 0.005521472392638037 0.07017543859649122
0 0.6182515337423313 0.23859649122807017 0.003987730061349694 0.06315789473684211
0 0.6095092024539878 0.2324561403508772 0.0036809815950920245 0.03333333333333333
0 0.6230061349693251 0.5157894736842106 0.0049079754601227 0.07368421052631578
0 0.6219325153374233 0.3078947368421053 0.003374233128834356 0.054385964912280704
0 0.558282208588957 0.2692982456140351 0.003067484662576687 0.04736842105263158
0 0.6 0.26403508771929823 0.0036809815950920245 0.04736842105263158
0 0.570398773006135 0.21929824561403508 0.003374233128834356 0.0456140350877193
0 0.5291411042944786 0.3508771929824561 0.004294478527607362 0.05964912280701754