0 0.22530674846625767 0.393859649122807 0.003987730061349694 0.06842105263157895
0 0.2743865030674847 0.7666666666666667 0.006441717791411043 0.08771929824561403
0 0.27607361963190186 0.612280701754386 0.005521472392638037 0.06666666666666667
0 0.35245398773006137 0.46403508771929824 0.004294478527607362 0.06842105263157895
0 0.3782208588957055 0.3684210526315789 0.0036809815950920245 0.04912280701754386
0 0.33358895705521474 0.6228070175438597 0.004601226993865031 0.08070175438596491
0 0.3848159509202454 0.5675438596491228 0.005214723926380368 0.06842105263157895
0 0.35030674846625764 0.7105263157894737 0.0049079754601227 0.08771929824561403
0 0.4237730061349693 0.7219298245614035 0.003987730061349694 0.0824561403508772
0 0.4733128834355828 0.4307017543859649 0.004294478527607362 0.06491228070175438
0 0.49325153374233127 0.3570175438596491 0.0036809815950920245 0.05789473684210526
0 0.4358895705521472 0.4587719298245614 0.004294478527607362 0.05789473684210526
0 0.701840490797546 0.38333333333333336 0.0036809815950920245 0.06140350877192982
0 0.5245398773006135 0.6298245614035087 0.005521472392638037 0.08421052631578947
0 0.42668711656441716 0.7131578947368421 0.004294478527607362 0.08596491228070176
0 0.5228527607361964 0.4956140350877193 0.004601226993865031 0.07192982456140351
0 0.5041411042944786 0.356140350877193 0.003374233128834356 0.05964912280701754
0 0.3595092024539877 0.7166666666666667 0.006134969325153374 0.0824561403508772
0 0.3441717791411043 0.6412280701754386 0.0049079754601227 0.08596491228070176
0 0.375920245398773 0.4842105263157895 0.004601226993865031 0.06666666666666667
0 0.4151840490797546 0.5973684210526315 0.005214723926380368 0.07543859649122807
0 0.4004601226993865 0.3956140350877193 0.003987730061349694 0.06140350877192982
0 0.2835889570552147 0.6219298245614036 0.005214723926380368 0.07543859649122807