0 0.23650306748466257 0.37543859649122807 0.0036809815950920245 0.05263157894736842
0 0.2782208588957055 0.7114035087719298 0.006134969325153374 0.07894736842105263
0 0.35383435582822087 0.5140350877192983 0.004601226993865031 0.05964912280701754
0 0.3955521472392638 0.3894736842105263 0.003374233128834356 0.04912280701754386
0 0.43558282208588955 0.29473684210526313 0.003067484662576687 0.042105263157894736
0 0.5176380368098159 0.5614035087719298 0.005214723926380368 0.07017543859649122
0 0.45061349693251534 0.4149122807017544 0.003067484662576687 0.06140350877192982
0 0.48849693251533743 0.6385964912280702 0.003987730061349694 0.0912280701754386
0 0.6262269938650307 0.5578947368421052 0.005214723926380368 0.07368421052631578
0 0.5458588957055215 0.34385964912280703 0.003374233128834356 0.042105263157894736
0 0.5328220858895706 0.2736842105263158 0.003067484662576687 0.042105263157894736
0 0.4392638036809816 0.47368421052631576 0.0036809815950920245 0.07368421052631578
0 0.7309815950920245 0.35350877192982455 0.0036809815950920245 0.05789473684210526
0 0.6374233128834356 0.6008771929824561 0.005521472392638037 0.0824561403508772
0 0.5361963190184049 0.6991228070175438 0.006134969325153374 0.08596491228070176
0 0.5932515337423313 0.30350877192982456 0.003067484662576687 0.05263157894736842
0 0.5208588957055215 0.19298245614035087 0.00245398773006135 0.03508771929824561
0 0.2684049079754601 0.7192982456140351 0.006134969325153374 0.0912280701754386
0 0.5486196319018405 0.49298245614035086 0.004601226993865031 0.06666666666666667
0 0.4584355828220859 0.32894736842105265 0.003374233128834356 0.05087719298245614
0 0.4553680981595092 0.4368421052631579 0.003987730061349694 0.05263157894736842
0 0.4331288343558282 0.21666666666666667 0.003067484662576687 0.043859649122807015
0 0.38144171779141106 0.5114035087719299 0.005214723926380368 0.07192982456140351