0 0.2799079754601227 0.3543859649122807 0.0027607361963190185 0.05964912280701754
0 0.4418711656441718 0.6859649122807018 0.005828220858895706 0.08771929824561403
0 0.4144171779141104 0.4570175438596491 0.004294478527607362 0.06842105263157895
0 0.4415644171779141 0.24473684210526317 0.0027607361963190185 0.04736842105263158
0 0.5263803680981595 0.1763157894736842 0.0036809815950920245 0.04035087719298246
0 0.4662576687116564 0.3017543859649123 0.003067484662576687 0.05263157894736842
0 0.4855828220858896 0.4780701754385965 0.005521472392638037 0.07894736842105263
0 0.5900306748466257 0.506140350877193 0.003987730061349694 0.06140350877192982
0 0.5929447852760736 0.4675438596491228 0.004294478527607362 0.06842105263157895
0 0.571319018404908 0.34210526315789475 0.003374233128834356 0.05964912280701754
0 0.47162576687116564 0.39210526315789473 0.003374233128834356 0.06140350877192982
0 0.5337423312883436 0.29473684210526313 0.004294478527607362 0.05964912280701754
0 0.7357361963190184 0.34210526315789475 0.003374233128834356 0.056140350877192984
0 0.6211656441717791 0.4473684210526316 0.004294478527607362 0.06666666666666667
0 0.5932515337423313 0.5140350877192983 0.0049079754601227 0.07368421052631578
0 0.6041411042944785 0.34035087719298246 0.003374233128834356 0.056140350877192984
0 0.5805214723926381 0.2482456140350877 0.0027607361963190185 0.04736842105263158
0 0.5358895705521473 0.6026315789473684 0.005521472392638037 0.0824561403508772
0 0.5549079754601227 0.443859649122807 0.004294478527607362 0.06666666666666667
0 0.496319018404908 0.3973684210526316 0.0036809815950920245 0.05087719298245614
0 0.573159509202454 0.36403508771929827 0.004601226993865031 0.05087719298245614
0 0.5191717791411042 0.29736842105263156 0.0027607361963190185 0.04736842105263158
0 0.4746932515337423 0.46228070175438596 0.003987730061349694 0.06491228070175438