0 0.29187116564417176 0.32894736842105265 0.003374233128834356 0.06491228070175438
0 0.4831288343558282 0.4535087719298246 0.004294478527607362 0.054385964912280704
0 0.48466257668711654 0.3307017543859649 0.0036809815950920245 0.05789473684210526
0 0.48282208588957054 0.25087719298245614 0.0018404907975460123 0.042105263157894736
0 0.48819018404907977 0.1912280701754386 0.003374233128834356 0.042105263157894736
0 0.604601226993865 0.2710526315789474 0.003067484662576687 0.05087719298245614
0 0.5352760736196319 0.22456140350877193 0.00245398773006135 0.03859649122807018
0 0.5572085889570552 0.4219298245614035 0.003987730061349694 0.06140350877192982
0 0.6429447852760736 0.3649122807017544 0.0036809815950920245 0.05964912280701754
0 0.6210122699386503 0.18421052631578946 0.002147239263803681 0.031578947368421054
0 0.5588957055214724 0.1868421052631579 0.00245398773006135 0.03333333333333333
0 0.5558282208588957 0.29912280701754385 0.003067484662576687 0.05087719298245614
0 0.7191717791411043 0.2543859649122807 0.0027607361963190185 0.04912280701754386
0 0.7136503067484663 0.42719298245614035 0.003987730061349694 0.06491228070175438
0 0.6184049079754601 0.6166666666666667 0.005521472392638037 0.0824561403508772
0 0.6225460122699387 0.1675438596491228 0.0027607361963190185 0.05087719298245614
0 0.5309815950920246 0.1570175438596491 0.003067484662576687 0.04035087719298246
0 0.49141104294478527 0.5342105263157895 0.0049079754601227 0.07543859649122807
0 0.6124233128834355 0.3219298245614035 0.003374233128834356 0.054385964912280704
0 0.4995398773006135 0.22807017543859648 0.0027607361963190185 0.0456140350877193
0 0.5940184049079754 0.23508771929824562 0.003374233128834356 0.05263157894736842
0 0.5260736196319018 0.1912280701754386 0.0036809815950920245 0.0456140350877193
0 0.48098159509202454 0.29035087719298247 0.003067484662576687 0.06140350877192982