0 0.2570552147239264 0.3394736842105263 0.003067484662576687 0.054385964912280704
0 0.40644171779141103 0.5157894736842106 0.0049079754601227 0.07368421052631578
0 0.4288343558282209 0.3684210526315789 0.0036809815950920245 0.05964912280701754
0 0.4279141104294479 0.2956140350877193 0.0036809815950920245 0.06140350877192982
0 0.4457055214723926 0.19649122807017544 0.00245398773006135 0.042105263157894736
0 0.4854294478527607 0.4166666666666667 0.003987730061349694 0.06491228070175438
0 0.4808282208588957 0.2675438596491228 0.0027607361963190185 0.03684210526315789
0 0.48987730061349694 0.5026315789473684 0.004294478527607362 0.07192982456140351
0 0.5124233128834356 0.3605263157894737 0.003374233128834356 0.05789473684210526
0 0.530521472392638 0.2596491228070175 0.0027607361963190185 0.04912280701754386
0 0.48420245398773004 0.22280701754385965 0.0027607361963190185 0.0456140350877193
0 0.4733128834355828 0.4342105263157895 0.0036809815950920245 0.06491228070175438
0 0.7010736196319018 0.3219298245614035 0.003374233128834356 0.05087719298245614
0 0.5946319018404908 0.41842105263157897 0.003987730061349694 0.06491228070175438
0 0.5397239263803681 0.7315789473684211 0.006441717791411043 0.09473684210526316
0 0.5725460122699386 0.256140350877193 0.0027607361963190185 0.04912280701754386
0 0.5134969325153375 0.1692982456140351 0.00245398773006135 0.03333333333333333
0 0.3993865030674847 0.6210526315789474 0.005521472392638037 0.08421052631578947
0 0.49892638036809817 0.42894736842105263 0.003987730061349694 0.06491228070175438
0 0.49892638036809817 0.24736842105263157 0.0027607361963190185 0.03859649122807018
0 0.49754601226993866 0.3105263157894737 0.003067484662576687 0.03859649122807018
0 0.4512269938650307 0.17894736842105263 0.0036809815950920245 0.0456140350877193
0 0.4306748466257669 0.3017543859649123 0.003067484662576687 0.04912280701754386