0 0.2427914110429448 0.3675438596491228 0.003374233128834356 0.05087719298245614
0 0.419478527607362 0.7333333333333333 0.006441717791411043 0.0912280701754386
0 0.37975460122699384 0.6271929824561403 0.0049079754601227 0.07894736842105263
0 0.40613496932515336 0.4070175438596491 0.004294478527607362 0.06666666666666667
0 0.4306748466257669 0.2885964912280702 0.003067484662576687 0.04035087719298246
0 0.4573619631901841 0.6131578947368421 0.005521472392638037 0.07894736842105263
0 0.4401840490797546 0.45789473684210524 0.004294478527607362 0.06666666666666667
0 0.5021472392638037 0.6982456140350877 0.006134969325153374 0.0912280701754386
0 0.5779141104294478 0.42105263157894735 0.004294478527607362 0.05263157894736842
0 0.5065950920245399 0.4368421052631579 0.003987730061349694 0.06666666666666667
0 0.525920245398773 0.23508771929824562 0.0027607361963190185 0.03508771929824561
0 0.4553680981595092 0.48596491228070177 0.005214723926380368 0.06666666666666667
0 0.7151840490797546 0.3473684210526316 0.003374233128834356 0.056140350877192984
0 0.6012269938650306 0.5508771929824562 0.0049079754601227 0.07719298245614035
0 0.5421779141104295 0.7447368421052631 0.006441717791411043 0.09649122807017543
0 0.5794478527607362 0.33421052631578946 0.0049079754601227 0.06140350877192982
0 0.5504601226993865 0.256140350877193 0.0027607361963190185 0.04912280701754386
0 0.4236196319018405 0.7403508771929824 0.006748466257668712 0.10877192982456141
0 0.48941717791411044 0.5947368421052631 0.005214723926380368 0.07719298245614035
0 0.4532208588957055 0.3956140350877193 0.004601226993865031 0.05087719298245614
0 0.5217791411042945 0.4473684210526316 0.004294478527607362 0.05263157894736842
0 0.44217791411042945 0.19824561403508772 0.003987730061349694 0.04912280701754386
0 0.38834355828220857 0.6429824561403509 0.004294478527607362 0.07894736842105263