0 0.2656441717791411 0.34035087719298246 0.004294478527607362 0.06666666666666667
0 0.4269938650306748 0.5008771929824561 0.0049079754601227 0.07543859649122807
0 0.4427914110429448 0.39035087719298245 0.003987730061349694 0.06140350877192982
0 0.455521472392638 0.2868421052631579 0.003067484662576687 0.05087719298245614
0 0.44355828220858895 0.21140350877192982 0.00245398773006135 0.043859649122807015
0 0.48098159509202454 0.3482456140350877 0.0036809815950920245 0.05789473684210526
0 0.528680981595092 0.25701754385964914 0.0027607361963190185 0.03333333333333333
0 0.48144171779141104 0.47719298245614034 0.004601226993865031 0.07017543859649122
0 0.5544478527607362 0.42894736842105263 0.003987730061349694 0.06491228070175438
0 0.5280674846625767 0.3368421052631579 0.003374233128834356 0.056140350877192984
0 0.5061349693251533 0.20614035087719298 0.00245398773006135 0.043859649122807015
0 0.4746932515337423 0.4087719298245614 0.003987730061349694 0.06315789473684211
0 0.7065950920245399 0.3131578947368421 0.003374233128834356 0.054385964912280704
0 0.6115030674846625 0.40350877192982454 0.003987730061349694 0.06315789473684211
0 0.470398773006135 0.6728070175438596 0.005828220858895706 0.08596491228070176
0 0.5861963190184049 0.27456140350877195 0.003067484662576687 0.05087719298245614
0 0.5239263803680981 0.1649122807017544 0.00245398773006135 0.03859649122807018
0 0.4147239263803681 0.5491228070175439 0.0049079754601227 0.07719298245614035
0 0.5006134969325153 0.35 0.0036809815950920245 0.05789473684210526
0 0.5289877300613497 0.256140350877193 0.0027607361963190185 0.04912280701754386
0 0.49785276073619633 0.27280701754385966 0.003067484662576687 0.04035087719298246
0 0.4549079754601227 0.16666666666666666 0.003067484662576687 0.0456140350877193
0 0.422239263803681 0.5087719298245614 0.005214723926380368 0.08421052631578947