0 0.3061349693251534 0.306140350877193 0.00245398773006135 0.04736842105263158
0 0.564877300613497 0.593859649122807 0.005214723926380368 0.07894736842105263
0 0.4607361963190184 0.35 0.0036809815950920245 0.05087719298245614
0 0.4653374233128834 0.20614035087719298 0.00245398773006135 0.043859649122807015
0 0.5177914110429448 0.17280701754385966 0.00245398773006135 0.04035087719298246
0 0.5217791411042945 0.3394736842105263 0.0036809815950920245 0.06491228070175438
0 0.5487730061349694 0.21929824561403508 0.003067484662576687 0.03508771929824561
0 0.5886503067484663 0.4473684210526316 0.004294478527607362 0.056140350877192984
0 0.5969325153374233 0.3026315789473684 0.003067484662576687 0.043859649122807015
0 0.5052147239263803 0.3017543859649123 0.003067484662576687 0.05263157894736842
0 0.5762269938650306 0.1824561403508772 0.002147239263803681 0.028070175438596492
0 0.5348159509202454 0.23859649122807017 0.003374233128834356 0.05263157894736842
0 0.7526073619631902 0.3394736842105263 0.003987730061349694 0.054385964912280704
0 0.616717791411043 0.3298245614035088 0.003374233128834356 0.056140350877192984
0 0.6035276073619632 0.4236842105263158 0.003987730061349694 0.06491228070175438
0 0.6033742331288343 0.27631578947368424 0.003067484662576687 0.05087719298245614
0 0.588036809815951 0.20701754385964913 0.004294478527607362 0.03859649122807018
0 0.5788343558282208 0.47192982456140353 0.004294478527607362 0.06666666666666667
0 0.5243865030674847 0.3201754385964912 0.003374233128834356 0.054385964912280704
0 0.5173312883435582 0.23771929824561402 0.003374233128834356 0.04736842105263158
0 0.5654907975460123 0.27456140350877195 0.0027607361963190185 0.04035087719298246
0 0.535122699386503 0.17894736842105263 0.0027607361963190185 0.0456140350877193
0 0.48680981595092027 0.2517543859649123 0.003067484662576687 0.043859649122807015