0 0.2392638036809816 0.3631578947368421 0.00245398773006135 0.05964912280701754
0 0.4067484662576687 0.6701754385964912 0.007361963190184049 0.0912280701754386
0 0.41180981595092025 0.5552631578947368 0.003987730061349694 0.06491228070175438
0 0.3914110429447853 0.4535087719298246 0.004294478527607362 0.06842105263157895
0 0.4121165644171779 0.31491228070175437 0.003374233128834356 0.054385964912280704
0 0.4457055214723926 0.4824561403508772 0.004294478527607362 0.0456140350877193
0 0.42254601226993865 0.6526315789473685 0.005828220858895706 0.07719298245614035
0 0.44401840490797545 0.7026315789473684 0.005214723926380368 0.09649122807017543
0 0.5093558282208589 0.5456140350877193 0.004601226993865031 0.07719298245614035
0 0.5159509202453988 0.37543859649122807 0.0036809815950920245 0.05964912280701754
0 0.43604294478527605 0.25 0.0027607361963190185 0.04035087719298246
0 0.4115030674846626 0.4964912280701754 0.003987730061349694 0.07368421052631578
0 0.7239263803680982 0.35526315789473684 0.0036809815950920245 0.05789473684210526
0 0.549079754601227 0.5640350877192982 0.0049079754601227 0.07894736842105263
0 0.39401840490797546 0.7666666666666667 0.008895705521472393 0.10877192982456141
0 0.554601226993865 0.3684210526315789 0.0036809815950920245 0.05964912280701754
0 0.5053680981595092 0.2324561403508772 0.0027607361963190185 0.043859649122807015
0 0.40015337423312886 0.7394736842105263 0.00950920245398773 0.04736842105263158
0 0.4401840490797546 0.55 0.0049079754601227 0.07543859649122807
0 0.4087423312883436 0.5842105263157895 0.003987730061349694 0.07368421052631578
0 0.46088957055214724 0.4885964912280702 0.004601226993865031 0.07192982456140351
0 0.41549079754601226 0.2754385964912281 0.003987730061349694 0.05263157894736842
0 0.3521472392638037 0.5745614035087719 0.005521472392638037 0.09298245614035087