0 0.25996932515337423 0.35175438596491226 0.004601226993865031 0.07192982456140351
0 0.36595092024539877 0.6333333333333333 0.005521472392638037 0.08421052631578947
0 0.3838957055214724 0.48157894736842105 0.004601226993865031 0.06140350877192982
0 0.42576687116564416 0.37105263157894736 0.0036809815950920245 0.05789473684210526
0 0.4226993865030675 0.2912280701754386 0.003067484662576687 0.04912280701754386
0 0.425 0.5070175438596491 0.004601226993865031 0.07368421052631578
0 0.47484662576687114 0.4421052631578947 0.004294478527607362 0.07017543859649122
0 0.43941717791411045 0.6649122807017543 0.005214723926380368 0.09473684210526316
0 0.45720858895705524 0.6429824561403509 0.005828220858895706 0.08596491228070176
0 0.5099693251533742 0.3991228070175439 0.003987730061349694 0.06140350877192982
0 0.5058282208588957 0.29912280701754385 0.003067484662576687 0.04736842105263158
0 0.4705521472392638 0.4605263157894737 0.0036809815950920245 0.06140350877192982
0 0.7174846625766871 0.36666666666666664 0.0036809815950920245 0.05964912280701754
0 0.5915644171779141 0.5807017543859649 0.005214723926380368 0.08070175438596491
0 0.4950920245398773 0.7201754385964912 0.006134969325153374 0.09298245614035087
0 0.6053680981595092 0.3956140350877193 0.003987730061349694 0.06140350877192982
0 0.5377300613496933 0.28157894736842104 0.003067484662576687 0.05087719298245614
0 0.3923312883435583 0.6947368421052632 0.006134969325153374 0.0912280701754386
0 0.45337423312883435 0.5307017543859649 0.0049079754601227 0.08596491228070176
0 0.4630368098159509 0.35175438596491226 0.003374233128834356 0.054385964912280704
0 0.5081288343558282 0.49473684210526314 0.004601226993865031 0.07017543859649122
0 0.4397239263803681 0.26228070175438595 0.0027607361963190185 0.04736842105263158
0 0.37254601226993866 0.5201754385964912 0.006441717791411043 0.08947368421052632