0 0.18972392638036809 0.4201754385964912 0.003374233128834356 0.05087719298245614
0 0.21319018404907975 0.7885964912280702 0.006748466257668712 0.1
0 0.15996932515337423 0.6526315789473685 0.005828220858895706 0.08771929824561403
0 0.3164110429447853 0.41754385964912283 0.003374233128834356 0.06666666666666667
0 0.3575153374233129 0.3263157894736842 0.003374233128834356 0.056140350877192984
0 0.37392638036809817 0.6473684210526316 0.004294478527607362 0.08771929824561403
0 0.38450920245398773 0.5 0.004601226993865031 0.06666666666666667
0 0.499079754601227 0.6622807017543859 0.0049079754601227 0.0824561403508772
0 0.5590490797546013 0.6614035087719298 0.005828220858895706 0.08771929824561403
0 0.49647239263803683 0.393859649122807 0.003987730061349694 0.06140350877192982
0 0.49309815950920244 0.3078947368421053 0.003374233128834356 0.054385964912280704
0 0.4236196319018405 0.4780701754385965 0.004294478527607362 0.07543859649122807
0 0.6950920245398773 0.3701754385964912 0.0036809815950920245 0.05964912280701754
0 0.5409509202453988 0.5877192982456141 0.005214723926380368 0.08070175438596491
0 0.5072085889570552 0.6798245614035088 0.005214723926380368 0.1
0 0.5412576687116565 0.41842105263157897 0.003987730061349694 0.06491228070175438
0 0.5044478527607362 0.30087719298245613 0.003374233128834356 0.04736842105263158
0 0.3165644171779141 0.718421052631579 0.006134969325153374 0.09298245614035087
0 0.38144171779141106 0.6464912280701754 0.005828220858895706 0.08596491228070176
0 0.346319018404908 0.4517543859649123 0.004294478527607362 0.06140350877192982
0 0.4035276073619632 0.5070175438596491 0.004601226993865031 0.07368421052631578
0 0.3647239263803681 0.32456140350877194 0.003067484662576687 0.04912280701754386
0 0.23788343558282207 0.5929824561403508 0.006441717791411043 0.07719298245614035