0 0.3449386503067485 0.2789473684210526 0.003374233128834356 0.05263157894736842
0 0.49555214723926383 0.41578947368421054 0.003987730061349694 0.03859649122807018
0 0.4523006134969325 0.23421052631578948 0.0027607361963190185 0.04736842105263158
0 0.475920245398773 0.20701754385964913 0.003374233128834356 0.0456140350877193
0 0.5447852760736196 0.156140350877193 0.00245398773006135 0.0456140350877193
0 0.5688650306748466 0.23421052631578948 0.0027607361963190185 0.04736842105263158
0 0.5260736196319018 0.20526315789473684 0.00245398773006135 0.03859649122807018
0 0.6130368098159509 0.4 0.003987730061349694 0.06315789473684211
0 0.5927914110429447 0.2578947368421053 0.0027607361963190185 0.0456140350877193
0 0.5374233128834356 0.2719298245614035 0.003067484662576687 0.04912280701754386
0 0.5538343558282208 0.17280701754385966 0.002147239263803681 0.03684210526315789
0 0.5516871165644172 0.23771929824561402 0.003374233128834356 0.054385964912280704
0 0.7110429447852761 0.30350877192982456 0.003067484662576687 0.0456140350877193
0 0.6226993865030674 0.27456140350877195 0.0036809815950920245 0.05789473684210526
0 0.6263803680981596 0.35 0.0036809815950920245 0.05789473684210526
0 0.6016871165644172 0.22719298245614036 0.003987730061349694 0.054385964912280704
0 0.5987730061349693 0.20526315789473684 0.0036809815950920245 0.04912280701754386
0 0.5516871165644172 0.39210526315789473 0.003987730061349694 0.06140350877192982
0 0.5641104294478527 0.27456140350877195 0.003067484662576687 0.05087719298245614
0 0.529601226993865 0.24473684210526317 0.0027607361963190185 0.04736842105263158
0 0.5587423312883436 0.20964912280701756 0.0027607361963190185 0.043859649122807015
0 0.5113496932515338 0.1649122807017544 0.003067484662576687 0.042105263157894736
0 0.4820552147239264 0.21578947368421053 0.0027607361963190185 0.04912280701754386