0 0.3665644171779141 0.3157894736842105 0.00245398773006135 0.056140350877192984
0 0.6220858895705521 0.4649122807017544 0.004294478527607362 0.06315789473684211
0 0.5409509202453988 0.3263157894736842 0.003374233128834356 0.04912280701754386
0 0.528680981595092 0.2614035087719298 0.0027607361963190185 0.0456140350877193
0 0.646319018404908 0.16052631578947368 0.003067484662576687 0.04035087719298246
0 0.5819018404907975 0.20614035087719298 0.00245398773006135 0.043859649122807015
0 0.6273006134969326 0.28157894736842104 0.003067484662576687 0.04736842105263158
0 0.7230061349693252 0.37543859649122807 0.0036809815950920245 0.05964912280701754
0 0.675 0.3201754385964912 0.003374233128834356 0.054385964912280704
0 0.6722392638036809 0.22894736842105262 0.003374233128834356 0.04736842105263158
0 0.6328220858895706 0.17894736842105263 0.003067484662576687 0.03859649122807018
0 0.6513803680981595 0.23157894736842105 0.003987730061349694 0.05263157894736842
0 0.7714723926380368 0.3263157894736842 0.0036809815950920245 0.05964912280701754
0 0.7165644171779141 0.3043859649122807 0.005521472392638037 0.06140350877192982
0 0.7325153374233129 0.36666666666666664 0.0036809815950920245 0.05263157894736842
0 0.676840490797546 0.22982456140350876 0.003374233128834356 0.05263157894736842
0 0.6602760736196319 0.1780701754385965 0.0027607361963190185 0.04035087719298246
0 0.6995398773006135 0.40789473684210525 0.003987730061349694 0.06140350877192982
0 0.7010736196319018 0.30701754385964913 0.003374233128834356 0.05263157894736842
0 0.6151840490797545 0.2149122807017544 0.0027607361963190185 0.04736842105263158
0 0.6618098159509203 0.2578947368421053 0.003987730061349694 0.04912280701754386
0 0.6435582822085889 0.18070175438596492 0.004294478527607362 0.0456140350877193
0 0.5461656441717792 0.3254385964912281 0.003374233128834356 0.05789473684210526