0 0.35644171779141104 0.31842105263157894 0.0036809815950920245 0.05789473684210526
0 0.6309815950920246 0.4675438596491228 0.004294478527607362 0.06842105263157895
0 0.5452453987730062 0.34035087719298246 0.003374233128834356 0.056140350877192984
0 0.5274539877300614 0.2614035087719298 0.0027607361963190185 0.04912280701754386
0 0.6677914110429448 0.21754385964912282 0.00245398773006135 0.0456140350877193
0 0.7041411042944785 0.2596491228070175 0.005828220858895706 0.05263157894736842
0 0.5937116564417177 0.2543859649122807 0.0027607361963190185 0.03859649122807018
0 0.7276073619631902 0.3780701754385965 0.003067484662576687 0.06491228070175438
0 0.7134969325153374 0.3157894736842105 0.004294478527607362 0.056140350877192984
0 0.6469325153374234 0.28596491228070176 0.003067484662576687 0.0456140350877193
0 0.5861963190184049 0.1850877192982456 0.00245398773006135 0.03684210526315789
0 0.644478527607362 0.2412280701754386 0.003067484662576687 0.05087719298245614
0 0.7570552147239263 0.2956140350877193 0.004294478527607362 0.054385964912280704
0 0.7263803680981595 0.28157894736842104 0.004294478527607362 0.05789473684210526
0 0.7366564417177914 0.3456140350877193 0.004601226993865031 0.05964912280701754
0 0.6946319018404908 0.24736842105263157 0.003374233128834356 0.04912280701754386
0 0.6881901840490797 0.23421052631578948 0.0027607361963190185 0.04035087719298246
0 0.693558282208589 0.4473684210526316 0.004294478527607362 0.06666666666666667
0 0.6680981595092025 0.3017543859649123 0.003067484662576687 0.05263157894736842
0 0.653680981595092 0.2596491228070175 0.004294478527607362 0.04912280701754386
0 0.6346625766871166 0.22807017543859648 0.0036809815950920245 0.04912280701754386
0 0.6059815950920245 0.18333333333333332 0.003374233128834356 0.043859649122807015
0 0.5300613496932516 0.2912280701754386 0.0036809815950920245 0.056140350877192984