0 0.3565950920245399 0.34649122807017546 0.003374233128834356 0.05789473684210526
0 0.9378834355828221 0.7552631578947369 0.00950920245398773 0.09298245614035087
0 0.5095092024539877 0.3798245614035088 0.0036809815950920245 0.06140350877192982
0 0.5001533742331289 0.3105263157894737 0.003374233128834356 0.056140350877192984
0 0.5766871165644172 0.22017543859649122 0.0036809815950920245 0.05087719298245614
0 0.5717791411042945 0.36666666666666664 0.0036809815950920245 0.05964912280701754
0 0.6532208588957055 0.31666666666666665 0.003374233128834356 0.043859649122807015
0 0.6507668711656441 0.5263157894736842 0.004601226993865031 0.042105263157894736
0 0.7855828220858896 0.4105263157894737 0.006134969325153374 0.06315789473684211
0 0.7562883435582822 0.36666666666666664 0.003987730061349694 0.06315789473684211
0 0.7138036809815951 0.29473684210526313 0.0036809815950920245 0.042105263157894736
0 0.6737730061349694 0.33596491228070174 0.003374233128834356 0.054385964912280704
0 0.7190184049079754 0.3087719298245614 0.0036809815950920245 0.06315789473684211
0 0.7515337423312883 0.37280701754385964 0.0049079754601227 0.07543859649122807
0 0.7501533742331289 0.5175438596491229 0.004601226993865031 0.05263157894736842
0 0.7162576687116564 0.2754385964912281 0.003067484662576687 0.04912280701754386
0 0.7340490797546012 0.3087719298245614 0.004294478527607362 0.056140350877192984
0 0.8693251533742331 0.6368421052631579 0.005521472392638037 0.06666666666666667
0 0.7190184049079754 0.36403508771929827 0.005521472392638037 0.05789473684210526
0 0.6225460122699387 0.3201754385964912 0.003374233128834356 0.054385964912280704
0 0.683282208588957 0.29912280701754385 0.003987730061349694 0.06140350877192982
0 0.6081288343558282 0.18070175438596492 0.003374233128834356 0.04912280701754386
0 0.5116564417177915 0.3447368421052632 0.0036809815950920245 0.05789473684210526