0 0.31242331288343556 0.32719298245614037 0.003374233128834356 0.04736842105263158
0 0.63420245398773 0.5973684210526315 0.005214723926380368 0.0824561403508772
0 0.48374233128834354 0.3649122807017544 0.0036809815950920245 0.05964912280701754
0 0.4845092024539877 0.29912280701754385 0.0027607361963190185 0.04736842105263158
0 0.532361963190184 0.18859649122807018 0.0027607361963190185 0.043859649122807015
0 0.5561349693251534 0.35350877192982455 0.0036809815950920245 0.05789473684210526
0 0.5877300613496933 0.27017543859649124 0.003067484662576687 0.04912280701754386
0 0.48941717791411044 0.48596491228070177 0.004601226993865031 0.07017543859649122
0 0.6742331288343558 0.3719298245614035 0.0036809815950920245 0.056140350877192984
0 0.6515337423312884 0.3605263157894737 0.0036809815950920245 0.05789473684210526
0 0.6455521472392638 0.2412280701754386 0.0027607361963190185 0.043859649122807015
0 0.5861963190184049 0.4280701754385965 0.004294478527607362 0.07017543859649122
0 0.7226993865030675 0.312280701754386 0.0036809815950920245 0.05263157894736842
0 0.7289877300613496 0.4236842105263158 0.003987730061349694 0.06491228070175438
0 0.662883435582822 0.5982456140350877 0.005521472392638037 0.08070175438596491
0 0.6714723926380368 0.24561403508771928 0.003067484662576687 0.042105263157894736
0 0.6644171779141105 0.2675438596491228 0.003067484662576687 0.043859649122807015
0 0.6273006134969326 0.6508771929824562 0.006134969325153374 0.09824561403508772
0 0.6153374233128834 0.38070175438596493 0.0036809815950920245 0.05964912280701754
0 0.5588957055214724 0.3026315789473684 0.003067484662576687 0.05087719298245614
0 0.6026073619631902 0.26052631578947366 0.003374233128834356 0.04736842105263158
0 0.553680981595092 0.1675438596491228 0.0036809815950920245 0.04035087719298246
0 0.47791411042944787 0.3280701754385965 0.003067484662576687 0.05964912280701754