0 0.31349693251533745 0.29736842105263156 0.00245398773006135 0.05789473684210526
0 0.496319018404908 0.4245614035087719 0.003067484662576687 0.05263157894736842
0 0.4570552147239264 0.2868421052631579 0.003067484662576687 0.05087719298245614
0 0.456441717791411 0.17456140350877192 0.00245398773006135 0.04035087719298246
0 0.5159509202453988 0.16052631578947368 0.00245398773006135 0.03333333333333333
0 0.5371165644171779 0.28157894736842104 0.003067484662576687 0.05087719298245614
0 0.5032208588957056 0.1675438596491228 0.003374233128834356 0.03333333333333333
0 0.6044478527607362 0.3780701754385965 0.003374233128834356 0.05789473684210526
0 0.571319018404908 0.25 0.0027607361963190185 0.04736842105263158
0 0.5013803680981596 0.25263157894736843 0.0027607361963190185 0.04912280701754386
0 0.5538343558282208 0.16228070175438597 0.0027607361963190185 0.04035087719298246
0 0.5363496932515337 0.24298245614035088 0.003374233128834356 0.054385964912280704
0 0.7280674846625766 0.30964912280701756 0.003374233128834356 0.054385964912280704
0 0.5978527607361963 0.2631578947368421 0.003067484662576687 0.04912280701754386
0 0.6219325153374233 0.33157894736842103 0.003374233128834356 0.05263157894736842
0 0.5937116564417177 0.22543859649122808 0.003374233128834356 0.05087719298245614
0 0.5644171779141104 0.1692982456140351 0.0036809815950920245 0.03333333333333333
0 0.5325153374233129 0.36666666666666664 0.0036809815950920245 0.05964912280701754
0 0.5532208588957055 0.2657894736842105 0.003374233128834356 0.04736842105263158
0 0.5052147239263803 0.18070175438596492 0.0036809815950920245 0.03508771929824561
0 0.5677914110429448 0.2131578947368421 0.0036809815950920245 0.04736842105263158
0 0.5207055214723927 0.16403508771929826 0.0027607361963190185 0.03333333333333333
0 0.47929447852760737 0.20701754385964913 0.0027607361963190185 0.04912280701754386