0 0.253680981595092 0.35789473684210527 0.003067484662576687 0.06315789473684211
0 0.4 0.5921052631578947 0.004294478527607362 0.07543859649122807
0 0.4134969325153374 0.4692982456140351 0.004294478527607362 0.06491228070175438
0 0.4105828220858896 0.4131578947368421 0.003987730061349694 0.06140350877192982
0 0.4303680981595092 0.3254385964912281 0.003067484662576687 0.06140350877192982
0 0.4848159509202454 0.40350877192982454 0.003987730061349694 0.06315789473684211
0 0.47024539877300614 0.5263157894736842 0.0049079754601227 0.07017543859649122
0 0.4573619631901841 0.6087719298245614 0.005521472392638037 0.07719298245614035
0 0.5552147239263804 0.5175438596491229 0.0049079754601227 0.07368421052631578
0 0.5320552147239264 0.4 0.003987730061349694 0.06315789473684211
0 0.4619631901840491 0.2710526315789474 0.003067484662576687 0.04736842105263158
0 0.4378834355828221 0.4324561403508772 0.0027607361963190185 0.06842105263157895
0 0.7058282208588957 0.35526315789473684 0.0036809815950920245 0.05789473684210526
0 0.5688650306748466 0.5289473684210526 0.004601226993865031 0.07192982456140351
0 0.4633435582822086 0.6807017543859649 0.005828220858895706 0.08771929824561403
0 0.5809815950920245 0.3 0.003067484662576687 0.05263157894736842
0 0.48021472392638037 0.21140350877192982 0.0027607361963190185 0.04736842105263158
0 0.378680981595092 0.7280701754385965 0.006441717791411043 0.09473684210526316
0 0.5208588957055215 0.5236842105263158 0.0049079754601227 0.07543859649122807
0 0.48098159509202454 0.5236842105263158 0.0049079754601227 0.05789473684210526
0 0.5162576687116565 0.3736842105263158 0.0036809815950920245 0.05964912280701754
0 0.44217791411042945 0.3385964912280702 0.003374233128834356 0.056140350877192984
0 0.42668711656441716 0.4482456140350877 0.004294478527607362 0.06842105263157895