0 0.27361963190184047 0.36666666666666664 0.0036809815950920245 0.05263157894736842
0 0.4803680981595092 0.7140350877192982 0.006134969325153374 0.0912280701754386
0 0.45245398773006135 0.4956140350877193 0.0036809815950920245 0.07543859649122807
0 0.4766871165644172 0.3649122807017544 0.0036809815950920245 0.05964912280701754
0 0.49217791411042944 0.24385964912280703 0.0027607361963190185 0.0456140350877193
0 0.6064417177914111 0.5526315789473685 0.0049079754601227 0.07719298245614035
0 0.5343558282208589 0.3824561403508772 0.0036809815950920245 0.056140350877192984
0 0.6584355828220859 0.7552631578947369 0.006441717791411043 0.08947368421052632
0 0.6983128834355828 0.5184210526315789 0.004601226993865031 0.06842105263157895
0 0.6306748466257669 0.3675438596491228 0.0036809815950920245 0.054385964912280704
0 0.5679447852760736 0.2535087719298246 0.0027607361963190185 0.04736842105263158
0 0.536042944785276 0.45964912280701753 0.004601226993865031 0.07017543859649122
0 0.758282208588957 0.3736842105263158 0.0036809815950920245 0.05964912280701754
0 0.7719325153374234 0.5798245614035088 0.005214723926380368 0.07894736842105263
0 0.6776073619631902 0.7894736842105263 0.006748466257668712 0.08070175438596491
0 0.6734662576687117 0.25 0.0027607361963190185 0.04736842105263158
0 0.5633435582822086 0.18421052631578946 0.003374233128834356 0.042105263157894736
0 0.4848159509202454 0.7578947368421053 0.006441717791411043 0.0912280701754386
0 0.6349693251533742 0.5578947368421052 0.0049079754601227 0.07719298245614035
0 0.5131901840490798 0.35350877192982455 0.0036809815950920245 0.054385964912280704
0 0.6184049079754601 0.3798245614035088 0.0036809815950920245 0.06140350877192982
0 0.49095092024539877 0.18771929824561404 0.003374233128834356 0.04912280701754386
0 0.456441717791411 0.48596491228070177 0.0036809815950920245 0.05964912280701754