0 0.33174846625766874 0.29035087719298247 0.003374233128834356 0.06842105263157895
0 0.49555214723926383 0.41578947368421054 0.003987730061349694 0.042105263157894736
0 0.46180981595092024 0.22982456140350876 0.0027607361963190185 0.0456140350877193
0 0.4835889570552147 0.18947368421052632 0.0027607361963190185 0.03859649122807018
0 0.5771472392638037 0.17719298245614035 0.0027607361963190185 0.03508771929824561
0 0.5927914110429447 0.23157894736842105 0.0027607361963190185 0.0456140350877193
0 0.5334355828220859 0.21228070175438596 0.00245398773006135 0.042105263157894736
0 0.6042944785276073 0.393859649122807 0.0036809815950920245 0.06140350877192982
0 0.6070552147239264 0.2631578947368421 0.003067484662576687 0.05964912280701754
0 0.5503067484662577 0.27017543859649124 0.003067484662576687 0.04912280701754386
0 0.557361963190184 0.18947368421052632 0.003067484662576687 0.042105263157894736
0 0.5484662576687117 0.24736842105263157 0.003067484662576687 0.04912280701754386
0 0.7283742331288343 0.30964912280701756 0.003374233128834356 0.054385964912280704
0 0.6484662576687117 0.27017543859649124 0.0036809815950920245 0.0456140350877193
0 0.6285276073619632 0.3736842105263158 0.0036809815950920245 0.05964912280701754
0 0.6197852760736197 0.23508771929824562 0.003987730061349694 0.04912280701754386
0 0.6154907975460123 0.2149122807017544 0.003374233128834356 0.04736842105263158
0 0.5480061349693252 0.42543859649122806 0.003987730061349694 0.06491228070175438
0 0.5745398773006135 0.28157894736842104 0.003067484662576687 0.05087719298245614
0 0.536963190184049 0.2631578947368421 0.0027607361963190185 0.03859649122807018
0 0.5565950920245398 0.20614035087719298 0.003374233128834356 0.05087719298245614
0 0.49401840490797544 0.16578947368421051 0.0027607361963190185 0.04035087719298246
0 0.48803680981595093 0.2236842105263158 0.0036809815950920245 0.054385964912280704