0 0.27254601226993863 0.3394736842105263 0.003987730061349694 0.05789473684210526
0 0.4489263803680982 0.4903508771929825 0.003987730061349694 0.07192982456140351
0 0.45766871165644174 0.37719298245614036 0.0036809815950920245 0.05964912280701754
0 0.4656441717791411 0.27280701754385966 0.003067484662576687 0.05087719298245614
0 0.4653374233128834 0.19649122807017544 0.00245398773006135 0.03508771929824561
0 0.4946319018404908 0.3333333333333333 0.003374233128834356 0.056140350877192984
0 0.5237730061349694 0.24385964912280703 0.003374233128834356 0.042105263157894736
0 0.4733128834355828 0.45526315789473687 0.004294478527607362 0.06842105263157895
0 0.5495398773006135 0.4017543859649123 0.003987730061349694 0.06315789473684211
0 0.5300613496932516 0.3026315789473684 0.00245398773006135 0.04736842105263158
0 0.5165644171779141 0.20087719298245615 0.00245398773006135 0.04035087719298246
0 0.48665644171779143 0.393859649122807 0.003987730061349694 0.06140350877192982
0 0.7179447852760736 0.3131578947368421 0.003374233128834356 0.054385964912280704
0 0.6262269938650307 0.40350877192982454 0.003987730061349694 0.06315789473684211
0 0.5214723926380368 0.7026315789473684 0.006134969325153374 0.08947368421052632
0 0.6052147239263803 0.26842105263157895 0.003067484662576687 0.04912280701754386
0 0.5354294478527607 0.1631578947368421 0.0027607361963190185 0.03508771929824561
0 0.4245398773006135 0.6008771929824561 0.005521472392638037 0.0824561403508772
0 0.5326687116564417 0.3333333333333333 0.003987730061349694 0.056140350877192984
0 0.5282208588957055 0.2219298245614035 0.003067484662576687 0.043859649122807015
0 0.48957055214723927 0.26842105263157895 0.003067484662576687 0.04912280701754386
0 0.4598159509202454 0.1692982456140351 0.003067484662576687 0.043859649122807015
0 0.4420245398773006 0.443859649122807 0.004294478527607362 0.07719298245614035