0 0.2696319018404908 0.3429824561403509 0.0036809815950920245 0.06491228070175438
0 0.4093558282208589 0.6596491228070176 0.005828220858895706 0.08421052631578947
0 0.3901840490797546 0.4605263157894737 0.004294478527607362 0.06842105263157895
0 0.4151840490797546 0.23596491228070177 0.0027607361963190185 0.04736842105263158
0 0.5187116564417178 0.17105263157894737 0.003067484662576687 0.043859649122807015
0 0.4441717791411043 0.2868421052631579 0.003067484662576687 0.05087719298245614
0 0.46319018404907975 0.44473684210526315 0.004294478527607362 0.06140350877192982
0 0.6023006134969325 0.5807017543859649 0.005214723926380368 0.08070175438596491
0 0.5726993865030675 0.38421052631578945 0.0036809815950920245 0.04912280701754386
0 0.5443251533742332 0.3333333333333333 0.003374233128834356 0.056140350877192984
0 0.46273006134969324 0.3350877192982456 0.003374233128834356 0.056140350877192984
0 0.5243865030674847 0.2675438596491228 0.003987730061349694 0.06140350877192982
0 0.7210122699386503 0.32894736842105265 0.003374233128834356 0.05087719298245614
0 0.5984662576687116 0.38333333333333336 0.0036809815950920245 0.06140350877192982
0 0.6064417177914111 0.5307017543859649 0.0049079754601227 0.07192982456140351
0 0.5826687116564417 0.3236842105263158 0.003374233128834356 0.054385964912280704
0 0.5581288343558283 0.22982456140350876 0.0027607361963190185 0.0456140350877193
0 0.5128834355828221 0.5491228070175439 0.0049079754601227 0.07719298245614035
0 0.5409509202453988 0.39210526315789473 0.003987730061349694 0.06140350877192982
0 0.48328220858895704 0.3429824561403509 0.003374233128834356 0.05087719298245614
0 0.535122699386503 0.3175438596491228 0.004601226993865031 0.05263157894736842
0 0.48957055214723927 0.28157894736842104 0.0036809815950920245 0.04736842105263158
0 0.4443251533742331 0.46228070175438596 0.005214723926380368 0.07543859649122807