0 0.30644171779141105 0.3157894736842105 0.003067484662576687 0.04912280701754386
0 0.6085889570552148 0.6570175438596492 0.005521472392638037 0.08596491228070176
0 0.46717791411042947 0.3815789473684211 0.0036809815950920245 0.06140350877192982
0 0.4728527607361963 0.22456140350877193 0.0027607361963190185 0.0456140350877193
0 0.5251533742331288 0.18070175438596492 0.003067484662576687 0.042105263157894736
0 0.5174846625766871 0.3684210526315789 0.0036809815950920245 0.05964912280701754
0 0.5618098159509203 0.23333333333333334 0.0027607361963190185 0.03859649122807018
0 0.5723926380368098 0.4535087719298246 0.004294478527607362 0.06491228070175438
0 0.616717791411043 0.3236842105263158 0.003987730061349694 0.05087719298245614
0 0.5121165644171779 0.3350877192982456 0.003374233128834356 0.056140350877192984
0 0.5901840490797546 0.1912280701754386 0.00245398773006135 0.03859649122807018
0 0.5389570552147239 0.24736842105263157 0.003067484662576687 0.04912280701754386
0 0.7615030674846626 0.34210526315789475 0.003374233128834356 0.056140350877192984
0 0.6346625766871166 0.3570175438596491 0.0036809815950920245 0.05789473684210526
0 0.595398773006135 0.44298245614035087 0.004294478527607362 0.04736842105263158
0 0.6154907975460123 0.29385964912280704 0.004601226993865031 0.054385964912280704
0 0.6001533742331289 0.22280701754385965 0.003987730061349694 0.03859649122807018
0 0.5996932515337423 0.5219298245614035 0.0049079754601227 0.07894736842105263
0 0.5366564417177914 0.3482456140350877 0.003374233128834356 0.04736842105263158
0 0.5306748466257669 0.26228070175438595 0.0036809815950920245 0.04736842105263158
0 0.5730061349693252 0.3017543859649123 0.003067484662576687 0.0456140350877193
0 0.5443251533742332 0.1850877192982456 0.0027607361963190185 0.03684210526315789
0 0.4915644171779141 0.2789473684210526 0.003374233128834356 0.0456140350877193