0 0.279601226993865 0.36140350877192984 0.003987730061349694 0.05964912280701754
0 0.4673312883435583 0.5043859649122807 0.004601226993865031 0.07192982456140351
0 0.4673312883435583 0.45087719298245615 0.003987730061349694 0.05964912280701754
0 0.4901840490797546 0.393859649122807 0.004294478527607362 0.06842105263157895
0 0.46978527607361964 0.40614035087719297 0.003987730061349694 0.05087719298245614
0 0.5444785276073619 0.45 0.0049079754601227 0.07894736842105263
0 0.5085889570552147 0.47719298245614034 0.0049079754601227 0.05964912280701754
0 0.6391104294478528 0.5719298245614035 0.005214723926380368 0.07368421052631578
0 0.6714723926380368 0.5526315789473685 0.0049079754601227 0.07719298245614035
0 0.6547546012269939 0.4149122807017544 0.003987730061349694 0.054385964912280704
0 0.5828220858895705 0.2912280701754386 0.003067484662576687 0.04912280701754386
0 0.5315950920245399 0.34385964912280703 0.003067484662576687 0.056140350877192984
0 0.7496932515337423 0.35 0.0036809815950920245 0.05789473684210526
0 0.6404907975460122 0.46842105263157896 0.004294478527607362 0.07017543859649122
0 0.5822085889570552 0.6052631578947368 0.005521472392638037 0.07017543859649122
0 0.6164110429447853 0.30350877192982456 0.003374233128834356 0.05263157894736842
0 0.5452453987730062 0.22017543859649122 0.0027607361963190185 0.043859649122807015
0 0.4541411042944785 0.5482456140350878 0.004601226993865031 0.07192982456140351
0 0.5478527607361963 0.4166666666666667 0.004294478527607362 0.07192982456140351
0 0.5124233128834356 0.4842105263157895 0.004601226993865031 0.04912280701754386
0 0.5745398773006135 0.36140350877192984 0.0036809815950920245 0.056140350877192984
0 0.45521472392638035 0.4245614035087719 0.0036809815950920245 0.05263157894736842
0 0.5131901840490798 0.387719298245614 0.0036809815950920245 0.06315789473684211