0 0.34708588957055214 0.3368421052631579 0.003374233128834356 0.056140350877192984
0 0.8717791411042944 0.7219298245614035 0.006134969325153374 0.09649122807017543
0 0.5026073619631902 0.38859649122807016 0.003987730061349694 0.06140350877192982
0 0.49233128834355827 0.3078947368421053 0.003067484662576687 0.05087719298245614
0 0.568558282208589 0.20789473684210527 0.003987730061349694 0.05087719298245614
0 0.5668711656441717 0.3508771929824561 0.0036809815950920245 0.04912280701754386
0 0.6374233128834356 0.2868421052631579 0.003067484662576687 0.043859649122807015
0 0.5992331288343559 0.49473684210526314 0.004601226993865031 0.04912280701754386
0 0.7584355828220859 0.40789473684210525 0.004601226993865031 0.06842105263157895
0 0.7469325153374233 0.3736842105263158 0.005521472392638037 0.06315789473684211
0 0.6924846625766872 0.2824561403508772 0.003987730061349694 0.05263157894736842
0 0.6579754601226994 0.35964912280701755 0.0036809815950920245 0.05964912280701754
0 0.7095092024539877 0.28157894736842104 0.004294478527607362 0.054385964912280704
0 0.7343558282208589 0.3719298245614035 0.005521472392638037 0.07368421052631578
0 0.7214723926380369 0.5307017543859649 0.0049079754601227 0.06842105263157895
0 0.6976993865030675 0.2578947368421053 0.003374233128834356 0.04912280701754386
0 0.7239263803680982 0.3017543859649123 0.004294478527607362 0.056140350877192984
0 0.8226993865030675 0.6403508771929824 0.005521472392638037 0.07368421052631578
0 0.6912576687116564 0.3736842105263158 0.003987730061349694 0.056140350877192984
0 0.6062883435582822 0.30964912280701756 0.003374233128834356 0.054385964912280704
0 0.6565950920245399 0.2692982456140351 0.003987730061349694 0.05789473684210526
0 0.5998466257668712 0.1692982456140351 0.003374233128834356 0.043859649122807015
0 0.4950920245398773 0.3447368421052632 0.0036809815950920245 0.054385964912280704