0 0.25337423312883434 0.36403508771929827 0.0036809815950920245 0.054385964912280704
0 0.4093558282208589 0.6728070175438596 0.005828220858895706 0.07894736842105263
0 0.4124233128834356 0.5140350877192983 0.004601226993865031 0.07017543859649122
0 0.4190184049079755 0.36140350877192984 0.0036809815950920245 0.056140350877192984
0 0.4303680981595092 0.29385964912280704 0.003067484662576687 0.05087719298245614
0 0.4668711656441718 0.5754385964912281 0.005521472392638037 0.08421052631578947
0 0.4911042944785276 0.3912280701754386 0.0036809815950920245 0.0456140350877193
0 0.5125766871165645 0.5482456140350878 0.0049079754601227 0.07192982456140351
0 0.5858895705521472 0.34385964912280703 0.003067484662576687 0.0456140350877193
0 0.5095092024539877 0.40087719298245617 0.004294478527607362 0.06491228070175438
0 0.5633435582822086 0.22807017543859648 0.003374233128834356 0.04912280701754386
0 0.5015337423312883 0.45263157894736844 0.0049079754601227 0.05964912280701754
0 0.7280674846625766 0.3385964912280702 0.003374233128834356 0.056140350877192984
0 0.6029141104294479 0.48596491228070177 0.004601226993865031 0.07017543859649122
0 0.5173312883435582 0.6666666666666666 0.005828220858895706 0.08421052631578947
0 0.5842024539877301 0.3201754385964912 0.003987730061349694 0.04736842105263158
0 0.568558282208589 0.25526315789473686 0.0027607361963190185 0.04736842105263158
0 0.41886503067484665 0.7157894736842105 0.006441717791411043 0.09473684210526316
0 0.48957055214723927 0.5745614035087719 0.0049079754601227 0.06491228070175438
0 0.4624233128834356 0.3701754385964912 0.003374233128834356 0.04912280701754386
0 0.5337423312883436 0.38859649122807016 0.004294478527607362 0.054385964912280704
0 0.4438650306748466 0.21228070175438596 0.003067484662576687 0.04912280701754386
0 0.4223926380368098 0.5114035087719299 0.0036809815950920245 0.05789473684210526