0 0.29662576687116565 0.3298245614035088 0.0036809815950920245 0.05964912280701754
0 0.48803680981595093 0.46403508771929824 0.004294478527607362 0.06842105263157895
0 0.48941717791411044 0.3307017543859649 0.003987730061349694 0.06140350877192982
0 0.4874233128834356 0.2578947368421053 0.003067484662576687 0.0456140350877193
0 0.49217791411042944 0.19649122807017544 0.0027607361963190185 0.042105263157894736
0 0.6079754601226994 0.27982456140350875 0.003067484662576687 0.05087719298245614
0 0.5384969325153375 0.23157894736842105 0.0027607361963190185 0.042105263157894736
0 0.563036809815951 0.4131578947368421 0.003987730061349694 0.05789473684210526
0 0.6429447852760736 0.34912280701754383 0.0036809815950920245 0.056140350877192984
0 0.6325153374233129 0.18947368421052632 0.00245398773006135 0.042105263157894736
0 0.561963190184049 0.19649122807017544 0.00245398773006135 0.042105263157894736
0 0.5595092024539877 0.30350877192982456 0.003067484662576687 0.05263157894736842
0 0.7170245398773006 0.2578947368421053 0.0027607361963190185 0.0456140350877193
0 0.7297546012269939 0.45087719298245615 0.004294478527607362 0.06666666666666667
0 0.6251533742331289 0.6324561403508772 0.005521472392638037 0.08596491228070176
0 0.6329754601226993 0.1649122807017544 0.003987730061349694 0.03859649122807018
0 0.5337423312883436 0.15789473684210525 0.0036809815950920245 0.0456140350877193
0 0.497239263803681 0.5324561403508772 0.0049079754601227 0.07543859649122807
0 0.6207055214723927 0.31666666666666665 0.003374233128834356 0.054385964912280704
0 0.5023006134969326 0.24210526315789474 0.0027607361963190185 0.042105263157894736
0 0.5950920245398773 0.22719298245614036 0.003067484662576687 0.054385964912280704
0 0.5257668711656441 0.19649122807017544 0.0036809815950920245 0.0456140350877193
0 0.4848159509202454 0.28771929824561404 0.003374233128834356 0.05263157894736842