0 0.27653374233128836 0.36929824561403507 0.003987730061349694 0.06140350877192982
0 0.4619631901840491 0.5210526315789473 0.005521472392638037 0.06315789473684211
0 0.46411042944785275 0.4631578947368421 0.0049079754601227 0.07017543859649122
0 0.4829754601226994 0.3912280701754386 0.004601226993865031 0.07017543859649122
0 0.470398773006135 0.41228070175438597 0.003987730061349694 0.04912280701754386
0 0.5377300613496933 0.4482456140350877 0.0049079754601227 0.06491228070175438
0 0.5015337423312883 0.4868421052631579 0.0049079754601227 0.06140350877192982
0 0.6320552147239263 0.5736842105263158 0.005214723926380368 0.07368421052631578
0 0.6690184049079755 0.5508771929824562 0.0049079754601227 0.07368421052631578
0 0.6507668711656441 0.4166666666666667 0.003987730061349694 0.05789473684210526
0 0.5809815950920245 0.2956140350877193 0.003067484662576687 0.04736842105263158
0 0.5269938650306748 0.3482456140350877 0.003067484662576687 0.054385964912280704
0 0.7493865030674847 0.35 0.0036809815950920245 0.05789473684210526
0 0.6348159509202455 0.47192982456140353 0.004601226993865031 0.07017543859649122
0 0.5690184049079755 0.6166666666666667 0.005521472392638037 0.07894736842105263
0 0.6142638036809815 0.3078947368421053 0.003374233128834356 0.054385964912280704
0 0.5427914110429448 0.22105263157894736 0.0027607361963190185 0.042105263157894736
0 0.45337423312883435 0.5657894736842105 0.0049079754601227 0.07543859649122807
0 0.5437116564417178 0.41754385964912283 0.004601226993865031 0.07719298245614035
0 0.5041411042944786 0.4903508771929825 0.004601226993865031 0.05087719298245614
0 0.5693251533742332 0.362280701754386 0.0036809815950920245 0.054385964912280704
0 0.45475460122699385 0.43333333333333335 0.003987730061349694 0.056140350877192984
0 0.5085889570552147 0.38859649122807016 0.0036809815950920245 0.06491228070175438