0 0.24432515337423313 0.3675438596491228 0.002147239263803681 0.05087719298245614
0 0.3553680981595092 0.6350877192982456 0.005214723926380368 0.07719298245614035
0 0.39677914110429446 0.5210526315789473 0.004601226993865031 0.056140350877192984
0 0.348159509202454 0.4570175438596491 0.004294478527607362 0.06842105263157895
0 0.38512269938650306 0.33157894736842103 0.003374233128834356 0.0456140350877193
0 0.43941717791411045 0.4368421052631579 0.003987730061349694 0.06666666666666667
0 0.4470858895705521 0.6464912280701754 0.005214723926380368 0.08596491228070176
0 0.47070552147239264 0.6482456140350877 0.005828220858895706 0.08596491228070176
0 0.498159509202454 0.5289473684210526 0.0049079754601227 0.07543859649122807
0 0.5233128834355828 0.3684210526315789 0.0036809815950920245 0.05964912280701754
0 0.44923312883435584 0.24385964912280703 0.0027607361963190185 0.0456140350877193
0 0.4246932515337423 0.47368421052631576 0.003987730061349694 0.07368421052631578
0 0.7217791411042945 0.3570175438596491 0.0036809815950920245 0.05789473684210526
0 0.555521472392638 0.5657894736842105 0.0049079754601227 0.07894736842105263
0 0.4513803680981595 0.6657894736842105 0.005828220858895706 0.0824561403508772
0 0.5625766871165644 0.36666666666666664 0.0036809815950920245 0.05964912280701754
0 0.5015337423312883 0.21842105263157896 0.00245398773006135 0.043859649122807015
0 0.3661042944785276 0.6728070175438596 0.005828220858895706 0.08947368421052632
0 0.46319018404907975 0.6421052631578947 0.0049079754601227 0.08421052631578947
0 0.4199386503067485 0.5526315789473685 0.004294478527607362 0.056140350877192984
0 0.4647239263803681 0.4605263157894737 0.004294478527607362 0.06842105263157895
0 0.39892638036809813 0.29035087719298247 0.0027607361963190185 0.05087719298245614
0 0.3282208588957055 0.5991228070175438 0.004294478527607362 0.07543859649122807