0 0.25736196319018406 0.356140350877193 0.004294478527607362 0.07017543859649122
0 0.35506134969325154 0.6587719298245615 0.005828220858895706 0.0824561403508772
0 0.37484662576687117 0.5140350877192983 0.0049079754601227 0.07368421052631578
0 0.40659509202453986 0.3991228070175439 0.003987730061349694 0.054385964912280704
0 0.4093558282208589 0.3105263157894737 0.003374233128834356 0.0456140350877193
0 0.4161042944785276 0.5324561403508772 0.004601226993865031 0.07543859649122807
0 0.4690184049079755 0.4824561403508772 0.004294478527607362 0.06666666666666667
0 0.43144171779141105 0.6780701754385965 0.005214723926380368 0.09298245614035087
0 0.45015337423312884 0.6728070175438596 0.005828220858895706 0.08947368421052632
0 0.5044478527607362 0.4201754385964912 0.003987730061349694 0.06491228070175438
0 0.5026073619631902 0.3157894736842105 0.003374233128834356 0.05263157894736842
0 0.4647239263803681 0.46578947368421053 0.0036809815950920245 0.06140350877192982
0 0.7171779141104294 0.37543859649122807 0.0036809815950920245 0.05964912280701754
0 0.573159509202454 0.5833333333333334 0.005214723926380368 0.07894736842105263
0 0.4869631901840491 0.7271929824561404 0.006441717791411043 0.09298245614035087
0 0.5983128834355829 0.4219298245614035 0.003987730061349694 0.06491228070175438
0 0.5334355828220859 0.3017543859649123 0.003067484662576687 0.0456140350877193
0 0.39631901840490796 0.706140350877193 0.006134969325153374 0.09298245614035087
0 0.4441717791411043 0.5570175438596491 0.0049079754601227 0.08596491228070176
0 0.45337423312883435 0.38070175438596493 0.0036809815950920245 0.056140350877192984
0 0.498159509202454 0.5228070175438596 0.0049079754601227 0.07368421052631578
0 0.4371165644171779 0.29473684210526313 0.003067484662576687 0.05263157894736842
0 0.36441717791411044 0.5447368421052632 0.006134969325153374 0.08596491228070176