0 0.26671779141104296 0.3394736842105263 0.004601226993865031 0.07192982456140351
0 0.4320552147239264 0.4921052631578947 0.003374233128834356 0.07192982456140351
0 0.44677914110429445 0.38859649122807016 0.003987730061349694 0.06140350877192982
0 0.4579754601226994 0.27807017543859647 0.003067484662576687 0.05087719298245614
0 0.449079754601227 0.20087719298245615 0.00245398773006135 0.03333333333333333
0 0.4826687116564417 0.33596491228070174 0.003374233128834356 0.054385964912280704
0 0.5315950920245399 0.25 0.0036809815950920245 0.043859649122807015
0 0.47730061349693254 0.46403508771929824 0.004294478527607362 0.06842105263157895
0 0.5519938650306748 0.4219298245614035 0.003987730061349694 0.06491228070175438
0 0.526840490797546 0.3263157894736842 0.003374233128834356 0.056140350877192984
0 0.5085889570552147 0.20175438596491227 0.00245398773006135 0.03859649122807018
0 0.4771472392638037 0.39824561403508774 0.003987730061349694 0.06315789473684211
0 0.7102760736196319 0.31140350877192985 0.003374233128834356 0.054385964912280704
0 0.6154907975460123 0.3956140350877193 0.003987730061349694 0.06140350877192982
0 0.48819018404907977 0.6719298245614035 0.005828220858895706 0.08070175438596491
0 0.5950920245398773 0.26666666666666666 0.003067484662576687 0.04912280701754386
0 0.5292944785276074 0.16228070175438597 0.0027607361963190185 0.04035087719298246
0 0.4156441717791411 0.5578947368421052 0.0049079754601227 0.07719298245614035
0 0.5056748466257669 0.33157894736842103 0.003987730061349694 0.056140350877192984
0 0.529601226993865 0.2412280701754386 0.0027607361963190185 0.04736842105263158
0 0.4947852760736196 0.2692982456140351 0.003067484662576687 0.04736842105263158
0 0.45475460122699385 0.16666666666666666 0.003374233128834356 0.0456140350877193
0 0.4245398773006135 0.47719298245614034 0.005521472392638037 0.08070175438596491