0 0.3056748466257669 0.31140350877192985 0.003374233128834356 0.054385964912280704
0 0.5822085889570552 0.618421052631579 0.005521472392638037 0.06842105263157895
0 0.4638036809815951 0.36666666666666664 0.0036809815950920245 0.05964912280701754
0 0.4690184049079755 0.2131578947368421 0.00245398773006135 0.043859649122807015
0 0.5214723926380368 0.17543859649122806 0.00245398773006135 0.03859649122807018
0 0.520398773006135 0.3482456140350877 0.003374233128834356 0.05789473684210526
0 0.5550613496932515 0.22719298245614036 0.0027607361963190185 0.03684210526315789
0 0.5855828220858895 0.46403508771929824 0.004294478527607362 0.06842105263157895
0 0.6069018404907975 0.3140350877192982 0.003374233128834356 0.0456140350877193
0 0.5076687116564417 0.31491228070175437 0.003067484662576687 0.054385964912280704
0 0.5831288343558282 0.18596491228070175 0.00245398773006135 0.03508771929824561
0 0.5366564417177914 0.24210526315789474 0.003374233128834356 0.05263157894736842
0 0.7558282208588957 0.3429824561403509 0.0036809815950920245 0.054385964912280704
0 0.6236196319018404 0.3482456140350877 0.0036809815950920245 0.05789473684210526
0 0.6047546012269939 0.4394736842105263 0.003987730061349694 0.05789473684210526
0 0.6095092024539878 0.2850877192982456 0.004294478527607362 0.05087719298245614
0 0.5934049079754601 0.21403508771929824 0.003987730061349694 0.03859649122807018
0 0.5892638036809816 0.49473684210526314 0.0049079754601227 0.07719298245614035
0 0.5326687116564417 0.33245614035087717 0.003374233128834356 0.05087719298245614
0 0.5223926380368098 0.25087719298245614 0.0036809815950920245 0.0456140350877193
0 0.5674846625766872 0.28771929824561404 0.003067484662576687 0.042105263157894736
0 0.5394171779141105 0.18333333333333332 0.002147239263803681 0.04035087719298246
0 0.4888036809815951 0.2649122807017544 0.003374233128834356 0.0456140350877193