0 0.2432515337423313 0.37894736842105264 0.0036809815950920245 0.07017543859649122
0 0.31579754601226995 0.7324561403508771 0.006441717791411043 0.09298245614035087
0 0.3248466257668712 0.5921052631578947 0.004294478527607362 0.07543859649122807
0 0.37699386503067484 0.46228070175438596 0.004294478527607362 0.06842105263157895
0 0.400920245398773 0.3701754385964912 0.0036809815950920245 0.05964912280701754
0 0.373159509202454 0.6157894736842106 0.005214723926380368 0.09473684210526316
0 0.42346625766871165 0.5640350877192982 0.005214723926380368 0.06140350877192982
0 0.39754601226993863 0.7052631578947368 0.004294478527607362 0.07368421052631578
0 0.4317484662576687 0.7456140350877193 0.005214723926380368 0.08771929824561403
0 0.48420245398773004 0.4342105263157895 0.003987730061349694 0.054385964912280704
0 0.4986196319018405 0.3570175438596491 0.003374233128834356 0.05789473684210526
0 0.4476993865030675 0.46228070175438596 0.003987730061349694 0.06842105263157895
0 0.7082822085889571 0.3815789473684211 0.0036809815950920245 0.06140350877192982
0 0.5440184049079755 0.6526315789473685 0.005828220858895706 0.08771929824561403
0 0.44785276073619634 0.7219298245614035 0.006134969325153374 0.08947368421052632
0 0.5457055214723926 0.4675438596491228 0.004294478527607362 0.06842105263157895
0 0.5214723926380368 0.36140350877192984 0.003067484662576687 0.05263157894736842
0 0.40950920245398775 0.7201754385964912 0.006134969325153374 0.09298245614035087
0 0.40245398773006136 0.6298245614035087 0.0049079754601227 0.08771929824561403
0 0.39969325153374236 0.4763157894736842 0.004294478527607362 0.054385964912280704
0 0.46042944785276074 0.6087719298245614 0.005521472392638037 0.08070175438596491
0 0.42822085889570555 0.38333333333333336 0.0036809815950920245 0.06140350877192982
0 0.32085889570552145 0.6008771929824561 0.005521472392638037 0.07543859649122807