0 0.2677914110429448 0.34385964912280703 0.004294478527607362 0.06666666666666667
0 0.4245398773006135 0.5710526315789474 0.0049079754601227 0.07894736842105263
0 0.4312883435582822 0.45526315789473687 0.004294478527607362 0.06842105263157895
0 0.45291411042944785 0.3236842105263158 0.003374233128834356 0.054385964912280704
0 0.44309815950920245 0.24649122807017543 0.0027607361963190185 0.04736842105263158
0 0.4878834355828221 0.4263157894736842 0.003987730061349694 0.05964912280701754
0 0.4976993865030675 0.3429824561403509 0.003374233128834356 0.05087719298245614
0 0.5115030674846626 0.5350877192982456 0.004601226993865031 0.07017543859649122
0 0.5796012269938651 0.49736842105263157 0.004601226993865031 0.07192982456140351
0 0.5452453987730062 0.4052631578947368 0.003987730061349694 0.06315789473684211
0 0.5015337423312883 0.23421052631578948 0.00245398773006135 0.04035087719298246
0 0.47116564417177914 0.443859649122807 0.004294478527607362 0.06666666666666667
0 0.714877300613497 0.33157894736842103 0.003374233128834356 0.056140350877192984
0 0.6303680981595092 0.4535087719298246 0.004294478527607362 0.06842105263157895
0 0.40782208588957053 0.6894736842105263 0.005828220858895706 0.08771929824561403
0 0.6069018404907975 0.32456140350877194 0.003374233128834356 0.05263157894736842
0 0.5368098159509203 0.1912280701754386 0.00245398773006135 0.042105263157894736
0 0.41595092024539876 0.543859649122807 0.0049079754601227 0.07719298245614035
0 0.5386503067484663 0.39210526315789473 0.004294478527607362 0.06842105263157895
0 0.496319018404908 0.28157894736842104 0.003067484662576687 0.043859649122807015
0 0.5230061349693251 0.34035087719298246 0.0036809815950920245 0.05964912280701754
0 0.4573619631901841 0.17192982456140352 0.003067484662576687 0.0456140350877193
0 0.43849693251533745 0.612280701754386 0.00705521472392638 0.08771929824561403