0 0.2476993865030675 0.38333333333333336 0.003374233128834356 0.05087719298245614
0 0.38987730061349696 0.5657894736842105 0.0049079754601227 0.04736842105263158
0 0.39447852760736196 0.6921052631578948 0.006134969325153374 0.08947368421052632
0 0.3998466257668712 0.4359649122807018 0.003987730061349694 0.06140350877192982
0 0.4299079754601227 0.306140350877193 0.003374233128834356 0.05087719298245614
0 0.49938650306748467 0.6289473684210526 0.005521472392638037 0.0824561403508772
0 0.4516871165644172 0.5166666666666667 0.004601226993865031 0.04736842105263158
0 0.4579754601226994 0.7456140350877193 0.006134969325153374 0.07719298245614035
0 0.6797546012269938 0.6157894736842106 0.005521472392638037 0.07719298245614035
0 0.563036809815951 0.42719298245614035 0.003987730061349694 0.06491228070175438
0 0.5234662576687117 0.2657894736842105 0.0027607361963190185 0.04035087719298246
0 0.475920245398773 0.4614035087719298 0.003987730061349694 0.06315789473684211
0 0.7294478527607362 0.362280701754386 0.0036809815950920245 0.05789473684210526
0 0.658282208588957 0.5482456140350878 0.004294478527607362 0.07894736842105263
0 0.4187116564417178 0.6710526315789473 0.007361963190184049 0.10350877192982456
0 0.625 0.3201754385964912 0.003374233128834356 0.054385964912280704
0 0.5585889570552147 0.2219298245614035 0.00245398773006135 0.04035087719298246
0 0.43558282208588955 0.5333333333333333 0.0049079754601227 0.07017543859649122
0 0.573159509202454 0.5605263157894737 0.005214723926380368 0.07894736842105263
0 0.46134969325153374 0.3543859649122807 0.0036809815950920245 0.056140350877192984
0 0.5460122699386503 0.46842105263157896 0.004294478527607362 0.07017543859649122
0 0.4559815950920245 0.21403508771929824 0.0027607361963190185 0.0456140350877193
0 0.4639570552147239 0.7649122807017544 0.005828220858895706 0.08070175438596491