0 0.36441717791411044 0.31666666666666665 0.003067484662576687 0.06842105263157895
0 0.6116564417177914 0.4666666666666667 0.004294478527607362 0.06315789473684211
0 0.5151840490797546 0.31491228070175437 0.003374233128834356 0.054385964912280704
0 0.5122699386503068 0.24473684210526317 0.003067484662576687 0.04035087719298246
0 0.6803680981595092 0.2149122807017544 0.00245398773006135 0.043859649122807015
0 0.7095092024539877 0.25701754385964914 0.0049079754601227 0.04736842105263158
0 0.5869631901840491 0.2482456140350877 0.0027607361963190185 0.04736842105263158
0 0.7101226993865031 0.3526315789473684 0.0036809815950920245 0.05263157894736842
0 0.6915644171779141 0.2578947368421053 0.0027607361963190185 0.0456140350877193
0 0.6383435582822086 0.27280701754385966 0.003067484662576687 0.04736842105263158
0 0.6061349693251534 0.19649122807017544 0.00245398773006135 0.042105263157894736
0 0.6570552147239264 0.24649122807017543 0.003067484662576687 0.04035087719298246
0 0.7496932515337423 0.2807017543859649 0.003067484662576687 0.028070175438596492
0 0.7113496932515337 0.22543859649122808 0.0036809815950920245 0.043859649122807015
0 0.7361963190184049 0.3736842105263158 0.0036809815950920245 0.05964912280701754
0 0.7039877300613497 0.2543859649122807 0.003067484662576687 0.04912280701754386
0 0.679601226993865 0.23421052631578948 0.003987730061349694 0.05087719298245614
0 0.6703987730061349 0.5043859649122807 0.004601226993865031 0.054385964912280704
0 0.6532208588957055 0.30964912280701756 0.003374233128834356 0.054385964912280704
0 0.6180981595092024 0.27017543859649124 0.0036809815950920245 0.04912280701754386
0 0.6421779141104295 0.22631578947368422 0.0027607361963190185 0.0456140350877193
0 0.5791411042944785 0.1692982456140351 0.003067484662576687 0.04736842105263158
0 0.5156441717791411 0.27456140350877195 0.0036809815950920245 0.054385964912280704