0 0.3133435582822086 0.34035087719298246 0.003374233128834356 0.05263157894736842
0 0.7651840490797546 0.6368421052631579 0.010736196319018405 0.05263157894736842
0 0.4848159509202454 0.4201754385964912 0.003987730061349694 0.06491228070175438
0 0.49125766871165644 0.2578947368421053 0.0027607361963190185 0.0456140350877193
0 0.5411042944785276 0.18771929824561404 0.003067484662576687 0.042105263157894736
0 0.5228527607361964 0.3991228070175439 0.003987730061349694 0.054385964912280704
0 0.5973926380368099 0.26842105263157895 0.0027607361963190185 0.03859649122807018
0 0.5780674846625767 0.5280701754385965 0.004601226993865031 0.06666666666666667
0 0.6783742331288344 0.362280701754386 0.003374233128834356 0.05087719298245614
0 0.5677914110429448 0.3701754385964912 0.003067484662576687 0.04912280701754386
0 0.6285276073619632 0.22280701754385965 0.00245398773006135 0.03508771929824561
0 0.568558282208589 0.28157894736842104 0.004601226993865031 0.04736842105263158
0 0.7794478527607362 0.3543859649122807 0.0036809815950920245 0.05263157894736842
0 0.6949386503067485 0.3991228070175439 0.003987730061349694 0.06140350877192982
0 0.6196319018404908 0.4903508771929825 0.004294478527607362 0.06491228070175438
0 0.6665644171779141 0.3254385964912281 0.006134969325153374 0.07543859649122807
0 0.6319018404907976 0.2596491228070175 0.004294478527607362 0.03859649122807018
0 0.7236196319018405 0.5535087719298246 0.0049079754601227 0.07192982456140351
0 0.5705521472392638 0.393859649122807 0.0036809815950920245 0.05789473684210526
0 0.5788343558282208 0.29385964912280704 0.003067484662576687 0.04736842105263158
0 0.6223926380368098 0.3368421052631579 0.003067484662576687 0.05263157894736842
0 0.5641104294478527 0.18859649122807018 0.003067484662576687 0.04035087719298246
0 0.5050613496932516 0.3175438596491228 0.003374233128834356 0.056140350877192984