0 0.25674846625766873 0.34035087719298246 0.003067484662576687 0.05263157894736842
0 0.4067484662576687 0.5140350877192983 0.0049079754601227 0.07368421052631578
0 0.4288343558282209 0.36666666666666664 0.0036809815950920245 0.05263157894736842
0 0.42760736196319016 0.29912280701754385 0.0036809815950920245 0.05789473684210526
0 0.4450920245398773 0.20175438596491227 0.00245398773006135 0.042105263157894736
0 0.4860429447852761 0.4201754385964912 0.003987730061349694 0.06140350877192982
0 0.48006134969325154 0.2710526315789474 0.003067484662576687 0.04035087719298246
0 0.4892638036809816 0.5087719298245614 0.004294478527607362 0.07368421052631578
0 0.5128834355828221 0.35964912280701755 0.0036809815950920245 0.056140350877192984
0 0.5308282208588957 0.2596491228070175 0.0027607361963190185 0.04912280701754386
0 0.4835889570552147 0.22543859649122808 0.0027607361963190185 0.043859649122807015
0 0.47346625766871164 0.43508771929824563 0.003987730061349694 0.06666666666666667
0 0.7013803680981595 0.3219298245614035 0.003374233128834356 0.054385964912280704
0 0.5930981595092024 0.4236842105263158 0.003987730061349694 0.06491228070175438
0 0.5430981595092025 0.7429824561403509 0.006441717791411043 0.09649122807017543
0 0.5734662576687116 0.2578947368421053 0.0027607361963190185 0.04912280701754386
0 0.5134969325153375 0.17017543859649123 0.00245398773006135 0.03508771929824561
0 0.40061349693251536 0.6175438596491228 0.005521472392638037 0.08421052631578947
0 0.49739263803680983 0.4421052631578947 0.003987730061349694 0.06666666666666667
0 0.4976993865030675 0.24912280701754386 0.0027607361963190185 0.042105263157894736
0 0.4946319018404908 0.3219298245614035 0.003374233128834356 0.05087719298245614
0 0.44923312883435584 0.17719298245614035 0.0027607361963190185 0.042105263157894736
0 0.4303680981595092 0.30701754385964913 0.003067484662576687 0.05263157894736842