0 0.2915644171779141 0.32894736842105265 0.003374233128834356 0.06491228070175438
0 0.4831288343558282 0.45263157894736844 0.004294478527607362 0.056140350877192984
0 0.48466257668711654 0.33157894736842103 0.0036809815950920245 0.05964912280701754
0 0.4826687116564417 0.25087719298245614 0.002147239263803681 0.042105263157894736
0 0.48819018404907977 0.1912280701754386 0.003374233128834356 0.042105263157894736
0 0.604601226993865 0.2710526315789474 0.003067484662576687 0.05087719298245614
0 0.535122699386503 0.22807017543859648 0.0027607361963190185 0.0456140350877193
0 0.5572085889570552 0.4219298245614035 0.003987730061349694 0.06140350877192982
0 0.6429447852760736 0.35964912280701755 0.0036809815950920245 0.056140350877192984
0 0.6208588957055214 0.18596491228070175 0.00245398773006135 0.03508771929824561
0 0.5585889570552147 0.1868421052631579 0.00245398773006135 0.03333333333333333
0 0.5552147239263804 0.2982456140350877 0.003067484662576687 0.04912280701754386
0 0.719478527607362 0.2596491228070175 0.0027607361963190185 0.042105263157894736
0 0.7127300613496933 0.42894736842105263 0.003987730061349694 0.06491228070175438
0 0.6177914110429448 0.6166666666666667 0.005521472392638037 0.0824561403508772
0 0.6223926380368098 0.16842105263157894 0.003067484662576687 0.05263157894736842
0 0.5309815950920246 0.15789473684210525 0.003067484662576687 0.042105263157894736
0 0.49095092024539877 0.537719298245614 0.004601226993865031 0.07543859649122807
0 0.6124233128834355 0.3219298245614035 0.003374233128834356 0.054385964912280704
0 0.49984662576687117 0.22807017543859648 0.0027607361963190185 0.0456140350877193
0 0.5943251533742331 0.23596491228070177 0.003374233128834356 0.054385964912280704
0 0.5260736196319018 0.19210526315789472 0.0036809815950920245 0.043859649122807015
0 0.4808282208588957 0.2912280701754386 0.003374233128834356 0.05964912280701754