0 0.32177914110429445 0.3201754385964912 0.003067484662576687 0.05789473684210526
0 0.5541411042944785 0.5912280701754385 0.005214723926380368 0.07719298245614035
0 0.508282208588957 0.36666666666666664 0.0036809815950920245 0.05263157894736842
0 0.5041411042944786 0.2482456140350877 0.0027607361963190185 0.04736842105263158
0 0.6351226993865031 0.17982456140350878 0.003374233128834356 0.03684210526315789
0 0.5392638036809816 0.21578947368421053 0.00245398773006135 0.031578947368421054
0 0.5572085889570552 0.30964912280701756 0.003374233128834356 0.04736842105263158
0 0.7065950920245399 0.437719298245614 0.003987730061349694 0.06140350877192982
0 0.6234662576687117 0.23859649122807017 0.0027607361963190185 0.03508771929824561
0 0.6602760736196319 0.31491228070175437 0.003374233128834356 0.054385964912280704
0 0.5993865030674846 0.19649122807017544 0.003067484662576687 0.042105263157894736
0 0.5941717791411043 0.23421052631578948 0.0036809815950920245 0.05087719298245614
0 0.7697852760736197 0.3298245614035088 0.003374233128834356 0.056140350877192984
0 0.6834355828220859 0.31140350877192985 0.0036809815950920245 0.04736842105263158
0 0.701840490797546 0.39824561403508774 0.0049079754601227 0.06315789473684211
0 0.6483128834355828 0.23421052631578948 0.003374233128834356 0.05087719298245614
0 0.6338957055214723 0.2149122807017544 0.003374233128834356 0.03333333333333333
0 0.6449386503067485 0.5140350877192983 0.004601226993865031 0.07368421052631578
0 0.6432515337423312 0.32280701754385965 0.003067484662576687 0.014035087719298246
0 0.571319018404908 0.26228070175438595 0.0027607361963190185 0.04736842105263158
0 0.6214723926380368 0.2596491228070175 0.003067484662576687 0.0456140350877193
0 0.6044478527607362 0.21052631578947367 0.0027607361963190185 0.0456140350877193
0 0.536042944785276 0.35175438596491226 0.003987730061349694 0.05789473684210526