0 0.3006134969325153 0.387719298245614 0.0036809815950920245 0.05964912280701754
0 0.5834355828220859 0.7263157894736842 0.0049079754601227 0.09473684210526316
0 0.5001533742331289 0.6096491228070176 0.005214723926380368 0.0824561403508772
0 0.495398773006135 0.44035087719298244 0.004294478527607362 0.06666666666666667
0 0.5157975460122699 0.2649122807017544 0.0027607361963190185 0.03859649122807018
0 0.5851226993865031 0.5780701754385965 0.005214723926380368 0.09298245614035087
0 0.5831288343558282 0.47017543859649125 0.004294478527607362 0.07017543859649122
0 0.7757668711656441 0.6157894736842106 0.005521472392638037 0.08070175438596491
0 0.7161042944785276 0.6614035087719298 0.005828220858895706 0.08421052631578947
0 0.6726993865030675 0.537719298245614 0.0049079754601227 0.07192982456140351
0 0.6134969325153374 0.30087719298245613 0.003067484662576687 0.05087719298245614
0 0.5937116564417177 0.43508771929824563 0.003987730061349694 0.06666666666666667
0 0.7717791411042945 0.37543859649122807 0.0036809815950920245 0.05964912280701754
0 0.845398773006135 0.6552631578947369 0.006134969325153374 0.0824561403508772
0 0.7868098159509203 0.7736842105263158 0.006748466257668712 0.09824561403508772
0 0.7173312883435583 0.41228070175438597 0.003987730061349694 0.06315789473684211
0 0.6496932515337424 0.27631578947368424 0.003067484662576687 0.04736842105263158
0 0.5961656441717792 0.7578947368421053 0.006441717791411043 0.09824561403508772
0 0.7049079754601227 0.618421052631579 0.005521472392638037 0.0824561403508772
0 0.5707055214723926 0.5263157894736842 0.005828220858895706 0.08421052631578947
0 0.6753067484662577 0.4842105263157895 0.004601226993865031 0.07017543859649122
0 0.5469325153374233 0.25 0.004294478527607362 0.04736842105263158
0 0.5088957055214723 0.6114035087719298 0.005521472392638037 0.0824561403508772