0 0.32469325153374234 0.33157894736842103 0.003374233128834356 0.056140350877192984
0 0.7228527607361963 0.6421052631578947 0.006441717791411043 0.08771929824561403
0 0.48773006134969327 0.3736842105263158 0.0036809815950920245 0.05964912280701754
0 0.4826687116564417 0.29210526315789476 0.0027607361963190185 0.04736842105263158
0 0.5476993865030675 0.1868421052631579 0.0027607361963190185 0.043859649122807015
0 0.5615030674846626 0.3447368421052632 0.003374233128834356 0.04736842105263158
0 0.6 0.26052631578947366 0.003067484662576687 0.04736842105263158
0 0.5176380368098159 0.47719298245614034 0.004601226993865031 0.06666666666666667
0 0.685122699386503 0.37105263157894736 0.003987730061349694 0.06842105263157895
0 0.689877300613497 0.35964912280701755 0.004294478527607362 0.06315789473684211
0 0.6553680981595092 0.24210526315789474 0.003374233128834356 0.04912280701754386
0 0.6173312883435583 0.3991228070175439 0.003987730061349694 0.06491228070175438
0 0.7154907975460123 0.2894736842105263 0.0027607361963190185 0.0456140350877193
0 0.7170245398773006 0.387719298245614 0.004601226993865031 0.05964912280701754
0 0.6838957055214724 0.5763157894736842 0.005214723926380368 0.07894736842105263
0 0.6828220858895706 0.26666666666666666 0.003067484662576687 0.04912280701754386
0 0.6952453987730062 0.2850877192982456 0.004601226993865031 0.054385964912280704
0 0.7095092024539877 0.6412280701754386 0.0049079754601227 0.07894736842105263
0 0.6401840490797546 0.37543859649122807 0.0036809815950920245 0.05964912280701754
0 0.5849693251533742 0.2982456140350877 0.003067484662576687 0.05263157894736842
0 0.6092024539877301 0.24210526315789474 0.0036809815950920245 0.05263157894736842
0 0.5751533742331288 0.156140350877193 0.0036809815950920245 0.0456140350877193
0 0.4780674846625767 0.3192982456140351 0.0027607361963190185 0.05263157894736842