0 0.2236196319018405 0.393859649122807 0.004294478527607362 0.06842105263157895
0 0.26411042944785273 0.7763157894736842 0.006748466257668712 0.09298245614035087
0 0.26088957055214723 0.6114035087719298 0.005214723926380368 0.07192982456140351
0 0.345398773006135 0.46403508771929824 0.004294478527607362 0.06842105263157895
0 0.3717791411042945 0.3719298245614035 0.0036809815950920245 0.05964912280701754
0 0.3165644171779141 0.6263157894736842 0.004294478527607362 0.07719298245614035
0 0.37791411042944784 0.5543859649122806 0.0049079754601227 0.07017543859649122
0 0.3665644171779141 0.7131578947368421 0.005521472392638037 0.08947368421052632
0 0.43144171779141105 0.7210526315789474 0.005214723926380368 0.10526315789473684
0 0.47346625766871164 0.4324561403508772 0.003987730061349694 0.06491228070175438
0 0.49555214723926383 0.3508771929824561 0.003374233128834356 0.056140350877192984
0 0.43374233128834355 0.4763157894736842 0.005521472392638037 0.08596491228070176
0 0.7042944785276074 0.3815789473684211 0.0036809815950920245 0.06140350877192982
0 0.5177914110429448 0.637719298245614 0.005521472392638037 0.08596491228070176
0 0.4392638036809816 0.7131578947368421 0.004294478527607362 0.08947368421052632
0 0.522239263803681 0.4956140350877193 0.004601226993865031 0.07192982456140351
0 0.5038343558282209 0.3456140350877193 0.003374233128834356 0.056140350877192984
0 0.3684049079754601 0.7140350877192982 0.005521472392638037 0.09473684210526316
0 0.324079754601227 0.6368421052631579 0.005214723926380368 0.09824561403508772
0 0.36825153374233127 0.48157894736842105 0.004601226993865031 0.06842105263157895
0 0.40475460122699386 0.5780701754385965 0.005214723926380368 0.07543859649122807
0 0.39079754601226996 0.38859649122807016 0.0036809815950920245 0.06140350877192982
0 0.2723926380368098 0.6210526315789474 0.005521472392638037 0.07719298245614035