0 0.22515337423312884 0.3201754385964912 0.00245398773006135 0.05789473684210526
0 0.25996932515337423 0.41842105263157897 0.003987730061349694 0.06491228070175438
0 0.26088957055214723 0.3675438596491228 0.0027607361963190185 0.04736842105263158
0 0.2665644171779141 0.29210526315789476 0.0036809815950920245 0.05789473684210526
0 0.2950920245398773 0.20701754385964913 0.0036809815950920245 0.0456140350877193
0 0.3168711656441718 0.34385964912280703 0.004294478527607362 0.06666666666666667
0 0.3108895705521472 0.2868421052631579 0.003987730061349694 0.043859649122807015
0 0.3642638036809816 0.5114035087719299 0.004601226993865031 0.06842105263157895
0 0.5072085889570552 0.4070175438596491 0.003987730061349694 0.06315789473684211
0 0.4210122699386503 0.3350877192982456 0.003374233128834356 0.05263157894736842
0 0.31625766871165645 0.21666666666666667 0.00245398773006135 0.03684210526315789
0 0.349079754601227 0.3824561403508772 0.004294478527607362 0.07368421052631578
0 0.68420245398773 0.3192982456140351 0.0027607361963190185 0.05263157894736842
0 0.5179447852760736 0.39210526315789473 0.003987730061349694 0.06140350877192982
0 0.4269938650306748 0.525438596491228 0.0049079754601227 0.07192982456140351
0 0.5104294478527608 0.27456140350877195 0.003067484662576687 0.05087719298245614
0 0.451840490797546 0.2026315789473684 0.00245398773006135 0.03684210526315789
0 0.26625766871165646 0.40964912280701754 0.0036809815950920245 0.06140350877192982
0 0.3693251533742331 0.3280701754385965 0.0036809815950920245 0.05964912280701754
0 0.3001533742331288 0.3105263157894737 0.003987730061349694 0.04912280701754386
0 0.4303680981595092 0.27982456140350875 0.003067484662576687 0.05087719298245614
0 0.29754601226993865 0.1956140350877193 0.0036809815950920245 0.05087719298245614
0 0.249079754601227 0.393859649122807 0.003067484662576687 0.054385964912280704