0 0.33358895705521474 0.3456140350877193 0.003374233128834356 0.056140350877192984
0 0.9638036809815951 0.7473684210526316 0.0049079754601227 0.06315789473684211
0 0.5121165644171779 0.4105263157894737 0.003987730061349694 0.06315789473684211
0 0.5113496932515338 0.2850877192982456 0.003067484662576687 0.05087719298245614
0 0.5687116564417178 0.20789473684210527 0.00245398773006135 0.043859649122807015
0 0.5512269938650307 0.387719298245614 0.0036809815950920245 0.05263157894736842
0 0.6605828220858896 0.3192982456140351 0.003374233128834356 0.05263157894736842
0 0.6932515337423313 0.618421052631579 0.005521472392638037 0.0824561403508772
0 0.7616564417177915 0.4026315789473684 0.003067484662576687 0.054385964912280704
0 0.6854294478527607 0.36578947368421055 0.004601226993865031 0.06140350877192982
0 0.7067484662576687 0.27456140350877195 0.0036809815950920245 0.043859649122807015
0 0.6406441717791411 0.28421052631578947 0.003987730061349694 0.056140350877192984
0 0.7904907975460123 0.35964912280701755 0.0049079754601227 0.05964912280701754
0 0.7693251533742331 0.393859649122807 0.005521472392638037 0.05789473684210526
0 0.7398773006134969 0.5421052631578948 0.0049079754601227 0.07719298245614035
0 0.7452453987730061 0.34035087719298246 0.004601226993865031 0.05964912280701754
0 0.7134969325153374 0.29736842105263156 0.0036809815950920245 0.05087719298245614
0 0.8912576687116565 0.6087719298245614 0.005828220858895706 0.08771929824561403
0 0.6848159509202454 0.38596491228070173 0.004601226993865031 0.056140350877192984
0 0.6297546012269939 0.3175438596491228 0.0036809815950920245 0.05263157894736842
0 0.6923312883435583 0.34649122807017546 0.0036809815950920245 0.054385964912280704
0 0.602760736196319 0.19649122807017544 0.003067484662576687 0.0456140350877193
0 0.5239263803680981 0.3333333333333333 0.0036809815950920245 0.0456140350877193