0 0.2196319018404908 0.4017543859649123 0.004294478527607362 0.06315789473684211
0 0.22162576687116564 0.5850877192982457 0.005214723926380368 0.07543859649122807
0 0.29432515337423315 0.4956140350877193 0.004601226993865031 0.07192982456140351
0 0.3248466257668712 0.29035087719298247 0.003067484662576687 0.05087719298245614
0 0.4125766871165644 0.2219298245614035 0.00245398773006135 0.03684210526315789
0 0.39524539877300613 0.34210526315789475 0.003374233128834356 0.056140350877192984
0 0.4325153374233129 0.5245614035087719 0.0049079754601227 0.07368421052631578
0 0.523159509202454 0.5947368421052631 0.005214723926380368 0.08070175438596491
0 0.5085889570552147 0.43508771929824563 0.0049079754601227 0.07719298245614035
0 0.49846625766871167 0.3719298245614035 0.0036809815950920245 0.05964912280701754
0 0.5 0.23771929824561402 0.00245398773006135 0.04736842105263158
0 0.4628834355828221 0.3192982456140351 0.003067484662576687 0.05263157894736842
0 0.7073619631901841 0.3482456140350877 0.0036809815950920245 0.05789473684210526
0 0.55920245398773 0.4535087719298246 0.004294478527607362 0.06842105263157895
0 0.5386503067484663 0.6114035087719298 0.005521472392638037 0.0824561403508772
0 0.5361963190184049 0.3684210526315789 0.0036809815950920245 0.05964912280701754
0 0.5190184049079755 0.26842105263157895 0.003067484662576687 0.04912280701754386
0 0.38190184049079756 0.6096491228070176 0.005521472392638037 0.0824561403508772
0 0.5023006134969326 0.4842105263157895 0.004601226993865031 0.07017543859649122
0 0.3955521472392638 0.5008771929824561 0.004601226993865031 0.06842105263157895
0 0.4644171779141104 0.36140350877192984 0.0036809815950920245 0.05964912280701754
0 0.3808282208588957 0.27017543859649124 0.003374233128834356 0.05263157894736842
0 0.23006134969325154 0.543859649122807 0.007361963190184049 0.08070175438596491