0 0.28159509202453986 0.35526315789473684 0.003067484662576687 0.043859649122807015
0 0.47699386503067487 0.5412280701754386 0.0049079754601227 0.06491228070175438
0 0.4808282208588957 0.4070175438596491 0.003374233128834356 0.06315789473684211
0 0.4874233128834356 0.3201754385964912 0.003067484662576687 0.04035087719298246
0 0.496319018404908 0.23508771929824562 0.0036809815950920245 0.042105263157894736
0 0.6200920245398773 0.41578947368421054 0.003987730061349694 0.06315789473684211
0 0.5443251533742332 0.34210526315789475 0.003374233128834356 0.056140350877192984
0 0.6007668711656442 0.5771929824561404 0.005214723926380368 0.08070175438596491
0 0.7046012269938651 0.45087719298245615 0.004294478527607362 0.05964912280701754
0 0.6151840490797545 0.26842105263157895 0.0027607361963190185 0.04912280701754386
0 0.5489263803680982 0.23771929824561402 0.0027607361963190185 0.043859649122807015
0 0.5335889570552147 0.42105263157894735 0.004601226993865031 0.05964912280701754
0 0.7512269938650307 0.3526315789473684 0.0036809815950920245 0.056140350877192984
0 0.720398773006135 0.525438596491228 0.005214723926380368 0.07894736842105263
0 0.618558282208589 0.7482456140350877 0.006441717791411043 0.09649122807017543
0 0.6358895705521472 0.2043859649122807 0.00245398773006135 0.043859649122807015
0 0.5306748466257669 0.17017543859649123 0.0018404907975460123 0.031578947368421054
0 0.4855828220858896 0.6526315789473685 0.005521472392638037 0.08771929824561403
0 0.6398773006134969 0.4605263157894737 0.004294478527607362 0.06842105263157895
0 0.5242331288343558 0.29035087719298247 0.003067484662576687 0.04736842105263158
0 0.6450920245398774 0.3684210526315789 0.0036809815950920245 0.05964912280701754
0 0.49984662576687117 0.19824561403508772 0.003374233128834356 0.042105263157894736
0 0.48052147239263804 0.3675438596491228 0.003987730061349694 0.05789473684210526