0 0.3334355828220859 0.3280701754385965 0.0036809815950920245 0.05964912280701754
0 0.5819018404907975 0.5456140350877193 0.0049079754601227 0.07368421052631578
0 0.5273006134969325 0.3587719298245614 0.0036809815950920245 0.05789473684210526
0 0.5176380368098159 0.2517543859649123 0.0027607361963190185 0.04736842105263158
0 0.6958588957055215 0.19210526315789472 0.003987730061349694 0.043859649122807015
0 0.5670245398773006 0.23596491228070177 0.0027607361963190185 0.04736842105263158
0 0.6016871165644172 0.31666666666666665 0.003374233128834356 0.054385964912280704
0 0.7449386503067484 0.4017543859649123 0.003374233128834356 0.05964912280701754
0 0.6622699386503067 0.2710526315789474 0.003067484662576687 0.04035087719298246
0 0.7184049079754601 0.3333333333333333 0.0036809815950920245 0.056140350877192984
0 0.6236196319018404 0.1824561403508772 0.00245398773006135 0.03508771929824561
0 0.6338957055214723 0.23596491228070177 0.003987730061349694 0.054385964912280704
0 0.7742331288343558 0.32719298245614037 0.004294478527607362 0.05087719298245614
0 0.7323619631901841 0.33245614035087717 0.003374233128834356 0.054385964912280704
0 0.749079754601227 0.38596491228070173 0.004294478527607362 0.05964912280701754
0 0.7099693251533742 0.25087719298245614 0.0027607361963190185 0.04912280701754386
0 0.6937116564417178 0.2043859649122807 0.004601226993865031 0.04736842105263158
0 0.6871165644171779 0.46578947368421053 0.004294478527607362 0.06842105263157895
0 0.6966257668711656 0.3087719298245614 0.0036809815950920245 0.06666666666666667
0 0.5955521472392638 0.2517543859649123 0.0027607361963190185 0.04736842105263158
0 0.6723926380368098 0.27807017543859647 0.0036809815950920245 0.04736842105263158
0 0.6404907975460122 0.19649122807017544 0.0036809815950920245 0.0456140350877193
0 0.5452453987730062 0.3543859649122807 0.003987730061349694 0.05263157894736842