0 0.3553680981595092 0.3447368421052632 0.003374233128834356 0.05789473684210526
0 0.9225460122699386 0.7482456140350877 0.008282208588957056 0.11403508771929824
0 0.5069018404907976 0.393859649122807 0.003987730061349694 0.06140350877192982
0 0.49693251533742333 0.30964912280701756 0.003067484662576687 0.054385964912280704
0 0.5736196319018405 0.21842105263157896 0.0036809815950920245 0.04736842105263158
0 0.5711656441717792 0.3631578947368421 0.0036809815950920245 0.05964912280701754
0 0.6486196319018405 0.30964912280701756 0.003374233128834356 0.043859649122807015
0 0.6340490797546012 0.5219298245614035 0.0049079754601227 0.06842105263157895
0 0.7774539877300614 0.41403508771929826 0.004601226993865031 0.06315789473684211
0 0.7542944785276073 0.3675438596491228 0.004294478527607362 0.06491228070175438
0 0.7075153374233129 0.2964912280701754 0.0027607361963190185 0.0456140350877193
0 0.6699386503067485 0.34385964912280703 0.0036809815950920245 0.056140350877192984
0 0.7156441717791411 0.2964912280701754 0.0049079754601227 0.05964912280701754
0 0.746319018404908 0.3719298245614035 0.005521472392638037 0.08070175438596491
0 0.74079754601227 0.525438596491228 0.0049079754601227 0.07192982456140351
0 0.7092024539877301 0.2692982456140351 0.003067484662576687 0.04736842105263158
0 0.7309815950920245 0.30701754385964913 0.004294478527607362 0.056140350877192984
0 0.8582822085889571 0.6403508771929824 0.005521472392638037 0.05964912280701754
0 0.7104294478527607 0.36578947368421055 0.0036809815950920245 0.05789473684210526
0 0.6161042944785277 0.3140350877192982 0.003374233128834356 0.05263157894736842
0 0.6751533742331288 0.29473684210526313 0.0036809815950920245 0.05263157894736842
0 0.6061349693251534 0.1780701754385965 0.003067484662576687 0.043859649122807015
0 0.5076687116564417 0.3412280701754386 0.0036809815950920245 0.05789473684210526