0 0.25674846625766873 0.34035087719298246 0.003067484662576687 0.05263157894736842
0 0.40644171779141103 0.5035087719298246 0.004294478527607362 0.05964912280701754
0 0.42822085889570555 0.3675438596491228 0.0036809815950920245 0.05087719298245614
0 0.42760736196319016 0.29912280701754385 0.0036809815950920245 0.06140350877192982
0 0.44447852760736195 0.20175438596491227 0.00245398773006135 0.042105263157894736
0 0.4860429447852761 0.4236842105263158 0.003987730061349694 0.06140350877192982
0 0.48006134969325154 0.2754385964912281 0.003067484662576687 0.03859649122807018
0 0.48911042944785277 0.5096491228070176 0.003987730061349694 0.07192982456140351
0 0.5134969325153375 0.3631578947368421 0.0036809815950920245 0.05964912280701754
0 0.5308282208588957 0.2596491228070175 0.0027607361963190185 0.04912280701754386
0 0.4835889570552147 0.22456140350877193 0.0027607361963190185 0.042105263157894736
0 0.47346625766871164 0.4359649122807018 0.003987730061349694 0.06491228070175438
0 0.7016871165644172 0.3219298245614035 0.003374233128834356 0.05087719298245614
0 0.5921779141104294 0.4201754385964912 0.003987730061349694 0.06491228070175438
0 0.5443251533742332 0.743859649122807 0.006441717791411043 0.09473684210526316
0 0.574079754601227 0.2578947368421053 0.0027607361963190185 0.04912280701754386
0 0.5134969325153375 0.17017543859649123 0.00245398773006135 0.03508771929824561
0 0.4003067484662577 0.6140350877192983 0.005521472392638037 0.08421052631578947
0 0.49693251533742333 0.443859649122807 0.004294478527607362 0.06666666666666667
0 0.4976993865030675 0.25 0.0027607361963190185 0.043859649122807015
0 0.49309815950920244 0.3192982456140351 0.003374233128834356 0.0456140350877193
0 0.4486196319018405 0.1780701754385965 0.0027607361963190185 0.043859649122807015
0 0.4302147239263804 0.30701754385964913 0.003374233128834356 0.05263157894736842