0 0.31625766871165645 0.29912280701754385 0.004294478527607362 0.05087719298245614
0 0.49524539877300616 0.4087719298245614 0.003987730061349694 0.04912280701754386
0 0.4656441717791411 0.27456140350877195 0.003067484662576687 0.05087719298245614
0 0.4648773006134969 0.1692982456140351 0.003374233128834356 0.04035087719298246
0 0.5299079754601227 0.15 0.004601226993865031 0.05087719298245614
0 0.5503067484662577 0.2736842105263158 0.003067484662576687 0.04912280701754386
0 0.5104294478527608 0.17280701754385966 0.003067484662576687 0.03684210526315789
0 0.603680981595092 0.36666666666666664 0.0036809815950920245 0.056140350877192984
0 0.5811349693251534 0.256140350877193 0.0027607361963190185 0.04912280701754386
0 0.5273006134969325 0.27017543859649124 0.003067484662576687 0.04912280701754386
0 0.55920245398773 0.16052631578947368 0.003067484662576687 0.03684210526315789
0 0.5394171779141105 0.23859649122807017 0.003374233128834356 0.056140350877192984
0 0.7265337423312883 0.3078947368421053 0.003374233128834356 0.054385964912280704
0 0.6021472392638036 0.26666666666666666 0.003067484662576687 0.04912280701754386
0 0.6228527607361963 0.3333333333333333 0.003374233128834356 0.056140350877192984
0 0.6030674846625766 0.22280701754385965 0.003067484662576687 0.04912280701754386
0 0.5783742331288344 0.17719298245614035 0.0027607361963190185 0.03508771929824561
0 0.5423312883435583 0.37719298245614036 0.0036809815950920245 0.05964912280701754
0 0.5653374233128834 0.27017543859649124 0.003067484662576687 0.04912280701754386
0 0.5223926380368098 0.2043859649122807 0.00245398773006135 0.043859649122807015
0 0.5757668711656442 0.2149122807017544 0.0036809815950920245 0.043859649122807015
0 0.5440184049079755 0.1675438596491228 0.002147239263803681 0.04035087719298246
0 0.48098159509202454 0.21140350877192982 0.003067484662576687 0.05087719298245614