0 0.2432515337423313 0.36666666666666664 0.00245398773006135 0.056140350877192984
0 0.3496932515337423 0.525438596491228 0.0049079754601227 0.07543859649122807
0 0.37668711656441717 0.4763157894736842 0.004294478527607362 0.05789473684210526
0 0.3392638036809816 0.4666666666666667 0.004294478527607362 0.04912280701754386
0 0.38634969325153373 0.3017543859649123 0.003987730061349694 0.056140350877192984
0 0.45475460122699385 0.4052631578947368 0.003987730061349694 0.06315789473684211
0 0.43098159509202455 0.5087719298245614 0.0036809815950920245 0.07017543859649122
0 0.4530674846625767 0.6096491228070176 0.005521472392638037 0.07894736842105263
0 0.4615030674846626 0.5140350877192983 0.004601226993865031 0.07368421052631578
0 0.5226993865030675 0.3701754385964912 0.0036809815950920245 0.05964912280701754
0 0.44125766871165645 0.22982456140350876 0.0027607361963190185 0.042105263157894736
0 0.40843558282208586 0.5429824561403509 0.004601226993865031 0.09298245614035087
0 0.717638036809816 0.35 0.003374233128834356 0.05789473684210526
0 0.5093558282208589 0.5140350877192983 0.004601226993865031 0.07368421052631578
0 0.4191717791411043 0.7473684210526316 0.005214723926380368 0.10526315789473684
0 0.6029141104294479 0.3157894736842105 0.003374233128834356 0.04912280701754386
0 0.475920245398773 0.17982456140350878 0.002147239263803681 0.03333333333333333
0 0.33312883435582824 0.6815789473684211 0.006134969325153374 0.08947368421052632
0 0.48757668711656443 0.6394736842105263 0.005828220858895706 0.08596491228070176
0 0.4134969325153374 0.43859649122807015 0.004294478527607362 0.05263157894736842
0 0.4958588957055215 0.43157894736842106 0.003987730061349694 0.05964912280701754
0 0.4093558282208589 0.2657894736842105 0.003374233128834356 0.054385964912280704
0 0.3492331288343558 0.48333333333333334 0.004601226993865031 0.06491228070175438