0 0.26717791411042946 0.3429824561403509 0.003067484662576687 0.05789473684210526
0 0.4049079754601227 0.5394736842105263 0.0049079754601227 0.07543859649122807
0 0.41825153374233126 0.4087719298245614 0.003987730061349694 0.06315789473684211
0 0.4378834355828221 0.312280701754386 0.003374233128834356 0.05964912280701754
0 0.4391104294478528 0.22807017543859648 0.0027607361963190185 0.0456140350877193
0 0.45567484662576685 0.42543859649122806 0.003987730061349694 0.06491228070175438
0 0.47530674846625764 0.29385964912280704 0.004601226993865031 0.06140350877192982
0 0.46365030674846625 0.5798245614035088 0.005214723926380368 0.07543859649122807
0 0.4780674846625767 0.5008771929824561 0.004601226993865031 0.06842105263157895
0 0.5234662576687117 0.3263157894736842 0.003374233128834356 0.056140350877192984
0 0.5128834355828221 0.24649122807017543 0.00245398773006135 0.04736842105263158
0 0.4834355828220859 0.4359649122807018 0.0036809815950920245 0.06140350877192982
0 0.7102760736196319 0.3298245614035088 0.003374233128834356 0.056140350877192984
0 0.6099693251533742 0.4868421052631579 0.004601226993865031 0.07192982456140351
0 0.5056748466257669 0.6964912280701754 0.005828220858895706 0.08771929824561403
0 0.5915644171779141 0.3298245614035088 0.003374233128834356 0.056140350877192984
0 0.5398773006134969 0.19824561403508772 0.00245398773006135 0.03508771929824561
0 0.3934049079754601 0.6675438596491228 0.005828220858895706 0.08596491228070176
0 0.46886503067484664 0.4359649122807018 0.003374233128834356 0.06842105263157895
0 0.4825153374233129 0.25877192982456143 0.003067484662576687 0.043859649122807015
0 0.5498466257668712 0.4219298245614035 0.003987730061349694 0.05789473684210526
0 0.45613496932515335 0.19824561403508772 0.00245398773006135 0.042105263157894736
0 0.4144171779141104 0.4043859649122807 0.004294478527607362 0.06491228070175438