0 0.2584355828220859 0.3412280701754386 0.003374233128834356 0.05789473684210526
0 0.3911042944785276 0.5473684210526316 0.0049079754601227 0.07368421052631578
0 0.4242331288343558 0.37543859649122807 0.0036809815950920245 0.06315789473684211
0 0.42438650306748466 0.3254385964912281 0.003374233128834356 0.054385964912280704
0 0.42346625766871165 0.23596491228070177 0.0027607361963190185 0.03684210526315789
0 0.4507668711656442 0.4149122807017544 0.003987730061349694 0.06491228070175438
0 0.4615030674846626 0.31140350877192985 0.003374233128834356 0.054385964912280704
0 0.46503067484662575 0.5754385964912281 0.0049079754601227 0.07719298245614035
0 0.5047546012269939 0.4052631578947368 0.003987730061349694 0.06315789473684211
0 0.5115030674846626 0.3254385964912281 0.003374233128834356 0.05087719298245614
0 0.48665644171779143 0.22631578947368422 0.0027607361963190185 0.03859649122807018
0 0.46717791411042947 0.45614035087719296 0.004294478527607362 0.07368421052631578
0 0.7090490797546012 0.3280701754385965 0.003374233128834356 0.056140350877192984
0 0.5924846625766871 0.47543859649122805 0.004601226993865031 0.07017543859649122
0 0.47607361963190187 0.706140350877193 0.006134969325153374 0.09298245614035087
0 0.5815950920245399 0.27982456140350875 0.003067484662576687 0.05087719298245614
0 0.5159509202453988 0.1824561403508772 0.00245398773006135 0.03508771929824561
0 0.36625766871165644 0.7017543859649122 0.006134969325153374 0.0912280701754386
0 0.44309815950920245 0.4649122807017544 0.003374233128834356 0.07017543859649122
0 0.5010736196319019 0.25701754385964914 0.0027607361963190185 0.04736842105263158
0 0.5262269938650307 0.4070175438596491 0.003987730061349694 0.06315789473684211
0 0.4409509202453988 0.1692982456140351 0.002147239263803681 0.04035087719298246
0 0.4532208588957055 0.3456140350877193 0.003374233128834356 0.06666666666666667