0 0.25153374233128833 0.38070175438596493 0.003067484662576687 0.04912280701754386
0 0.40904907975460125 0.5640350877192982 0.005214723926380368 0.06842105263157895
0 0.4187116564417178 0.6964912280701754 0.006134969325153374 0.07368421052631578
0 0.41042944785276075 0.4245614035087719 0.0036809815950920245 0.05964912280701754
0 0.4395705521472393 0.29385964912280704 0.003067484662576687 0.043859649122807015
0 0.5251533742331288 0.624561403508772 0.005521472392638037 0.07017543859649122
0 0.4691717791411043 0.4868421052631579 0.004601226993865031 0.05087719298245614
0 0.48113496932515337 0.7324561403508771 0.006441717791411043 0.0824561403508772
0 0.6911042944785276 0.6140350877192983 0.005521472392638037 0.06666666666666667
0 0.5734662576687116 0.4263157894736842 0.003987730061349694 0.05964912280701754
0 0.5338957055214724 0.2614035087719298 0.0027607361963190185 0.03859649122807018
0 0.4906441717791411 0.45526315789473687 0.003987730061349694 0.06140350877192982
0 0.7337423312883435 0.3631578947368421 0.0036809815950920245 0.05964912280701754
0 0.6746932515337424 0.5614035087719298 0.003987730061349694 0.07719298245614035
0 0.45613496932515335 0.6885964912280702 0.006748466257668712 0.09298245614035087
0 0.6329754601226993 0.3140350877192982 0.003374233128834356 0.05263157894736842
0 0.5656441717791411 0.21754385964912282 0.00245398773006135 0.03508771929824561
0 0.43558282208588955 0.5228070175438596 0.0049079754601227 0.07017543859649122
0 0.5934049079754601 0.5789473684210527 0.005214723926380368 0.042105263157894736
0 0.46656441717791414 0.35964912280701755 0.0036809815950920245 0.05263157894736842
0 0.557361963190184 0.46228070175438596 0.004294478527607362 0.06140350877192982
0 0.4638036809815951 0.21052631578947367 0.00245398773006135 0.0456140350877193
0 0.4677914110429448 0.762280701754386 0.005521472392638037 0.07894736842105263