0 0.35107361963190187 0.3078947368421053 0.003374233128834356 0.06140350877192982
0 0.525 0.42719298245614035 0.003987730061349694 0.06140350877192982
0 0.4817484662576687 0.26228070175438595 0.0027607361963190185 0.04736842105263158
0 0.5320552147239264 0.21052631578947367 0.0027607361963190185 0.03859649122807018
0 0.6325153374233129 0.20701754385964913 0.00245398773006135 0.042105263157894736
0 0.6550613496932516 0.23771929824561402 0.003374233128834356 0.04736842105263158
0 0.5526073619631902 0.22982456140350876 0.0027607361963190185 0.0456140350877193
0 0.6438650306748466 0.3719298245614035 0.0036809815950920245 0.056140350877192984
0 0.6388036809815951 0.25526315789473686 0.0027607361963190185 0.043859649122807015
0 0.5892638036809816 0.2719298245614035 0.003067484662576687 0.0456140350877193
0 0.5855828220858895 0.2043859649122807 0.00245398773006135 0.03333333333333333
0 0.5826687116564417 0.2771929824561403 0.003987730061349694 0.056140350877192984
0 0.7544478527607362 0.3219298245614035 0.003374233128834356 0.054385964912280704
0 0.6993865030674846 0.25263157894736843 0.0036809815950920245 0.0456140350877193
0 0.6671779141104295 0.3736842105263158 0.0036809815950920245 0.05964912280701754
0 0.6587423312883436 0.24473684210526317 0.003987730061349694 0.04736842105263158
0 0.6455521472392638 0.22456140350877193 0.003374233128834356 0.0456140350877193
0 0.5579754601226994 0.4587719298245614 0.004294478527607362 0.06842105263157895
0 0.6021472392638036 0.2964912280701754 0.003067484662576687 0.05263157894736842
0 0.5642638036809816 0.26052631578947366 0.0027607361963190185 0.043859649122807015
0 0.5875766871165644 0.21754385964912282 0.003987730061349694 0.04912280701754386
0 0.5070552147239263 0.17192982456140352 0.00245398773006135 0.042105263157894736
0 0.5280674846625767 0.23859649122807017 0.005214723926380368 0.04912280701754386