0 0.3084355828220859 0.312280701754386 0.003374233128834356 0.04912280701754386
0 0.502760736196319 0.5245614035087719 0.0036809815950920245 0.07017543859649122
0 0.4657975460122699 0.3385964912280702 0.003374233128834356 0.04912280701754386
0 0.45720858895705524 0.29210526315789476 0.003374233128834356 0.04736842105263158
0 0.4825153374233129 0.21666666666666667 0.00245398773006135 0.03684210526315789
0 0.5171779141104295 0.3 0.0036809815950920245 0.05263157894736842
0 0.5837423312883435 0.27807017543859647 0.003067484662576687 0.04035087719298246
0 0.5214723926380368 0.4473684210526316 0.004294478527607362 0.06315789473684211
0 0.675 0.2982456140350877 0.003987730061349694 0.04912280701754386
0 0.5803680981595092 0.3526315789473684 0.0036809815950920245 0.0456140350877193
0 0.624079754601227 0.22543859649122808 0.0027607361963190185 0.04035087719298246
0 0.5424846625766871 0.41228070175438597 0.004601226993865031 0.05964912280701754
0 0.7237730061349693 0.3157894736842105 0.003374233128834356 0.0456140350877193
0 0.6927914110429448 0.41842105263157897 0.003987730061349694 0.05087719298245614
0 0.6374233128834356 0.5403508771929825 0.0049079754601227 0.07368421052631578
0 0.6357361963190185 0.22631578947368422 0.0027607361963190185 0.0456140350877193
0 0.600920245398773 0.23157894736842105 0.0036809815950920245 0.042105263157894736
0 0.5176380368098159 0.5710526315789474 0.005214723926380368 0.07894736842105263
0 0.5697852760736196 0.3763157894736842 0.004601226993865031 0.06140350877192982
0 0.508282208588957 0.27631578947368424 0.003067484662576687 0.04035087719298246
0 0.6122699386503068 0.2894736842105263 0.004294478527607362 0.056140350877192984
0 0.4929447852760736 0.2219298245614035 0.003067484662576687 0.043859649122807015
0 0.46840490797546014 0.3307017543859649 0.003067484662576687 0.05087719298245614