0 0.2705521472392638 0.33771929824561403 0.003067484662576687 0.06140350877192982
0 0.46717791411042947 0.45526315789473687 0.004294478527607362 0.06842105263157895
0 0.4717791411042945 0.3649122807017544 0.0036809815950920245 0.05964912280701754
0 0.4794478527607362 0.3 0.003067484662576687 0.05263157894736842
0 0.4838957055214724 0.21403508771929824 0.003374233128834356 0.05263157894736842
0 0.5107361963190185 0.3824561403508772 0.004294478527607362 0.06666666666666667
0 0.5119631901840491 0.2771929824561403 0.003067484662576687 0.04912280701754386
0 0.5262269938650307 0.5140350877192983 0.004601226993865031 0.07017543859649122
0 0.6384969325153375 0.3350877192982456 0.003374233128834356 0.0456140350877193
0 0.592638036809816 0.26403508771929823 0.0036809815950920245 0.054385964912280704
0 0.5377300613496933 0.20964912280701756 0.00245398773006135 0.043859649122807015
0 0.497239263803681 0.4166666666666667 0.0036809815950920245 0.07543859649122807
0 0.712116564417178 0.31140350877192985 0.003374233128834356 0.05087719298245614
0 0.6384969325153375 0.37719298245614036 0.003987730061349694 0.06315789473684211
0 0.5757668711656442 0.7096491228070175 0.006134969325153374 0.09298245614035087
0 0.6133435582822085 0.23333333333333334 0.0027607361963190185 0.0456140350877193
0 0.5216257668711657 0.1631578947368421 0.0027607361963190185 0.03859649122807018
0 0.449079754601227 0.5342105263157895 0.0049079754601227 0.07543859649122807
0 0.5131901840490798 0.4473684210526316 0.004294478527607362 0.056140350877192984
0 0.498159509202454 0.27017543859649124 0.003067484662576687 0.04912280701754386
0 0.5050613496932516 0.3280701754385965 0.003374233128834356 0.05263157894736842
0 0.47699386503067487 0.19035087719298247 0.003067484662576687 0.04736842105263158
0 0.4616564417177914 0.3236842105263158 0.004294478527607362 0.06140350877192982