0 0.3581288343558282 0.34035087719298246 0.003374233128834356 0.056140350877192984
0 0.9496932515337423 0.7570175438596491 0.006134969325153374 0.08947368421052632
0 0.5115030674846626 0.393859649122807 0.003987730061349694 0.06140350877192982
0 0.5033742331288343 0.3157894736842105 0.003067484662576687 0.05263157894736842
0 0.5794478527607362 0.22105263157894736 0.0036809815950920245 0.04912280701754386
0 0.5726993865030675 0.36666666666666664 0.0036809815950920245 0.05263157894736842
0 0.6556748466257669 0.3192982456140351 0.003374233128834356 0.04912280701754386
0 0.662883435582822 0.5333333333333333 0.0049079754601227 0.04912280701754386
0 0.7892638036809816 0.4114035087719298 0.006134969325153374 0.06140350877192982
0 0.7579754601226993 0.36666666666666664 0.0036809815950920245 0.056140350877192984
0 0.7190184049079754 0.2982456140350877 0.0036809815950920245 0.042105263157894736
0 0.675920245398773 0.3307017543859649 0.003374233128834356 0.054385964912280704
0 0.723159509202454 0.3157894736842105 0.003374233128834356 0.056140350877192984
0 0.7567484662576687 0.3701754385964912 0.0049079754601227 0.07017543859649122
0 0.7542944785276073 0.5175438596491229 0.0049079754601227 0.07017543859649122
0 0.7228527607361963 0.28771929824561404 0.004601226993865031 0.05263157894736842
0 0.7355828220858895 0.30964912280701756 0.004294478527607362 0.054385964912280704
0 0.8791411042944786 0.6359649122807017 0.005521472392638037 0.06140350877192982
0 0.7242331288343559 0.3649122807017544 0.0049079754601227 0.05263157894736842
0 0.6274539877300613 0.3236842105263158 0.003374233128834356 0.05087719298245614
0 0.6895705521472393 0.30526315789473685 0.004294478527607362 0.06315789473684211
0 0.6092024539877301 0.18421052631578946 0.0036809815950920245 0.04912280701754386
0 0.5144171779141105 0.3447368421052632 0.0036809815950920245 0.05789473684210526