0 0.28773006134969326 0.34912280701754383 0.004294478527607362 0.056140350877192984
0 0.4901840490797546 0.48947368421052634 0.004294478527607362 0.05964912280701754
0 0.48941717791411044 0.3736842105263158 0.003987730061349694 0.06315789473684211
0 0.49233128834355827 0.3078947368421053 0.003067484662576687 0.054385964912280704
0 0.5035276073619632 0.21666666666666667 0.003374233128834356 0.03684210526315789
0 0.6069018404907975 0.33421052631578946 0.003374233128834356 0.054385964912280704
0 0.5383435582822086 0.2929824561403509 0.003067484662576687 0.042105263157894736
0 0.6061349693251534 0.5236842105263158 0.0049079754601227 0.06140350877192982
0 0.7128834355828221 0.36666666666666664 0.0036809815950920245 0.042105263157894736
0 0.6148773006134969 0.25 0.0027607361963190185 0.04736842105263158
0 0.5512269938650307 0.22280701754385965 0.00245398773006135 0.0456140350877193
0 0.5331288343558283 0.40350877192982454 0.0036809815950920245 0.07017543859649122
0 0.7208588957055214 0.3078947368421053 0.003067484662576687 0.04736842105263158
0 0.7251533742331289 0.5070175438596491 0.005521472392638037 0.07719298245614035
0 0.6308282208588957 0.6614035087719298 0.005828220858895706 0.08421052631578947
0 0.6407975460122699 0.19298245614035087 0.00245398773006135 0.042105263157894736
0 0.524079754601227 0.16666666666666666 0.0027607361963190185 0.031578947368421054
0 0.502760736196319 0.5640350877192982 0.004294478527607362 0.07894736842105263
0 0.6122699386503068 0.443859649122807 0.004294478527607362 0.06666666666666667
0 0.519478527607362 0.2596491228070175 0.0027607361963190185 0.042105263157894736
0 0.6228527607361963 0.31491228070175437 0.003374233128834356 0.04035087719298246
0 0.503680981595092 0.193859649122807 0.0036809815950920245 0.04035087719298246
0 0.48680981595092027 0.3307017543859649 0.0036809815950920245 0.06140350877192982