0 0.32929447852760735 0.2929824561403509 0.003374233128834356 0.05964912280701754
0 0.49555214723926383 0.41578947368421054 0.003987730061349694 0.042105263157894736
0 0.4653374233128834 0.2219298245614035 0.00245398773006135 0.04035087719298246
0 0.4869631901840491 0.18947368421052632 0.0027607361963190185 0.03508771929824561
0 0.5854294478527607 0.1850877192982456 0.003374233128834356 0.04736842105263158
0 0.6010736196319019 0.22719298245614036 0.0027607361963190185 0.03684210526315789
0 0.5352760736196319 0.21140350877192982 0.00245398773006135 0.04035087719298246
0 0.6075153374233129 0.39035087719298245 0.003987730061349694 0.06140350877192982
0 0.6104294478527608 0.26403508771929823 0.003067484662576687 0.06140350877192982
0 0.5530674846625767 0.2710526315789474 0.003067484662576687 0.05087719298245614
0 0.5598159509202454 0.19298245614035087 0.00245398773006135 0.042105263157894736
0 0.5476993865030675 0.25087719298245614 0.003374233128834356 0.05263157894736842
0 0.7338957055214724 0.3140350877192982 0.003374233128834356 0.05263157894736842
0 0.656441717791411 0.2736842105263158 0.0036809815950920245 0.0456140350877193
0 0.6303680981595092 0.3798245614035088 0.0036809815950920245 0.06140350877192982
0 0.6239263803680981 0.23771929824561402 0.0036809815950920245 0.04736842105263158
0 0.6191717791411043 0.21578947368421053 0.003374233128834356 0.0456140350877193
0 0.5466257668711656 0.4307017543859649 0.004294478527607362 0.06491228070175438
0 0.5782208588957055 0.2833333333333333 0.003067484662576687 0.05087719298245614
0 0.5375766871165644 0.2649122807017544 0.0027607361963190185 0.03859649122807018
0 0.5550613496932515 0.20701754385964913 0.003374233128834356 0.04912280701754386
0 0.49079754601226994 0.1649122807017544 0.00245398773006135 0.0456140350877193
0 0.49095092024539877 0.22543859649122808 0.003374233128834356 0.05087719298245614