0 0.25966257668711656 0.33421052631578946 0.003374233128834356 0.05789473684210526
0 0.40644171779141103 0.493859649122807 0.004294478527607362 0.06842105263157895
0 0.4297546012269939 0.35175438596491226 0.003067484662576687 0.05789473684210526
0 0.4256134969325153 0.27982456140350875 0.003374233128834356 0.054385964912280704
0 0.4484662576687117 0.18596491228070175 0.00245398773006135 0.03508771929824561
0 0.4696319018404908 0.38333333333333336 0.0036809815950920245 0.06140350877192982
0 0.47960122699386504 0.25 0.0027607361963190185 0.04035087719298246
0 0.48680981595092027 0.4763157894736842 0.004294478527607362 0.06491228070175438
0 0.5111963190184049 0.3254385964912281 0.003374233128834356 0.043859649122807015
0 0.528680981595092 0.2482456140350877 0.0027607361963190185 0.04736842105263158
0 0.48711656441717793 0.2026315789473684 0.00245398773006135 0.03684210526315789
0 0.47116564417177914 0.3973684210526316 0.003067484662576687 0.06491228070175438
0 0.6970858895705522 0.3105263157894737 0.003374233128834356 0.05263157894736842
0 0.6044478527607362 0.4149122807017544 0.003987730061349694 0.06491228070175438
0 0.508282208588957 0.718421052631579 0.006134969325153374 0.09298245614035087
0 0.5605828220858896 0.24035087719298245 0.0027607361963190185 0.0456140350877193
0 0.5105828220858896 0.16052631578947368 0.002147239263803681 0.03684210526315789
0 0.3923312883435583 0.6342105263157894 0.005521472392638037 0.08596491228070176
0 0.49003067484662577 0.4087719298245614 0.003987730061349694 0.06315789473684211
0 0.5016871165644172 0.23157894736842105 0.0027607361963190185 0.042105263157894736
0 0.5147239263803681 0.2912280701754386 0.003067484662576687 0.04912280701754386
0 0.4653374233128834 0.16052631578947368 0.0036809815950920245 0.04035087719298246
0 0.4331288343558282 0.2912280701754386 0.003067484662576687 0.05263157894736842