0 0.2866564417177914 0.3526315789473684 0.003987730061349694 0.05263157894736842
0 0.48911042944785277 0.5166666666666667 0.004601226993865031 0.06491228070175438
0 0.48726993865030677 0.3850877192982456 0.003374233128834356 0.05789473684210526
0 0.49033742331288344 0.31666666666666665 0.003374233128834356 0.054385964912280704
0 0.5015337423312883 0.2236842105263158 0.0036809815950920245 0.04035087719298246
0 0.6153374233128834 0.3543859649122807 0.0036809815950920245 0.042105263157894736
0 0.5426380368098159 0.3131578947368421 0.003067484662576687 0.043859649122807015
0 0.6165644171779141 0.5587719298245614 0.0049079754601227 0.06842105263157895
0 0.712116564417178 0.4017543859649123 0.003987730061349694 0.04912280701754386
0 0.6154907975460123 0.25877192982456143 0.0027607361963190185 0.04736842105263158
0 0.5515337423312884 0.22982456140350876 0.00245398773006135 0.0456140350877193
0 0.5388036809815951 0.4087719298245614 0.005214723926380368 0.06315789473684211
0 0.7369631901840491 0.3236842105263158 0.003374233128834356 0.054385964912280704
0 0.7236196319018405 0.5271929824561403 0.0049079754601227 0.07192982456140351
0 0.6334355828220859 0.7149122807017544 0.006134969325153374 0.09298245614035087
0 0.6395705521472392 0.19824561403508772 0.00245398773006135 0.042105263157894736
0 0.5269938650306748 0.1649122807017544 0.003067484662576687 0.03508771929824561
0 0.5001533742331289 0.5973684210526315 0.005214723926380368 0.0824561403508772
0 0.6282208588957056 0.45526315789473687 0.004294478527607362 0.06842105263157895
0 0.5223926380368098 0.27631578947368424 0.003067484662576687 0.04736842105263158
0 0.6366564417177915 0.3447368421052632 0.003374233128834356 0.05789473684210526
0 0.5019938650306749 0.19473684210526315 0.003987730061349694 0.0456140350877193
0 0.4854294478527607 0.3456140350877193 0.003987730061349694 0.05964912280701754