0 0.26901840490797546 0.37456140350877193 0.004294478527607362 0.06491228070175438
0 0.4329754601226994 0.5929824561403508 0.003374233128834356 0.07368421052631578
0 0.4460122699386503 0.5052631578947369 0.004294478527607362 0.07719298245614035
0 0.4415644171779141 0.3850877192982456 0.003374233128834356 0.04736842105263158
0 0.4411042944785276 0.4087719298245614 0.0036809815950920245 0.056140350877192984
0 0.507361963190184 0.45087719298245615 0.0036809815950920245 0.07368421052631578
0 0.48021472392638037 0.5359649122807018 0.008895705521472393 0.05789473684210526
0 0.5719325153374233 0.5859649122807018 0.005214723926380368 0.04912280701754386
0 0.6389570552147239 0.5543859649122806 0.0049079754601227 0.07017543859649122
0 0.6139570552147239 0.4114035087719298 0.003987730061349694 0.05789473684210526
0 0.5515337423312884 0.29385964912280704 0.003067484662576687 0.05087719298245614
0 0.4762269938650307 0.38859649122807016 0.0027607361963190185 0.054385964912280704
0 0.7352760736196319 0.3587719298245614 0.0036809815950920245 0.05789473684210526
0 0.6053680981595092 0.49736842105263157 0.004601226993865031 0.07192982456140351
0 0.5139570552147239 0.6421052631578947 0.005828220858895706 0.08421052631578947
0 0.5937116564417177 0.3263157894736842 0.003374233128834356 0.056140350877192984
0 0.5401840490797546 0.23596491228070177 0.003067484662576687 0.04736842105263158
0 0.4223926380368098 0.6894736842105263 0.006134969325153374 0.0912280701754386
0 0.5279141104294478 0.46403508771929824 0.0036809815950920245 0.06140350877192982
0 0.5042944785276073 0.5263157894736842 0.0049079754601227 0.056140350877192984
0 0.548159509202454 0.3850877192982456 0.0036809815950920245 0.06140350877192982
0 0.45337423312883435 0.4789473684210526 0.004294478527607362 0.06315789473684211
0 0.46656441717791414 0.41578947368421054 0.0036809815950920245 0.056140350877192984