0 0.2794478527607362 0.34035087719298246 0.004294478527607362 0.056140350877192984
0 0.4825153374233129 0.4605263157894737 0.004294478527607362 0.06842105263157895
0 0.48190184049079754 0.3605263157894737 0.0036809815950920245 0.05789473684210526
0 0.48957055214723927 0.2894736842105263 0.003067484662576687 0.05263157894736842
0 0.49969325153374233 0.21140350877192982 0.00245398773006135 0.03684210526315789
0 0.5515337423312884 0.3429824561403509 0.0036809815950920245 0.06140350877192982
0 0.5266871165644171 0.27631578947368424 0.003067484662576687 0.043859649122807015
0 0.5593558282208589 0.5166666666666667 0.004601226993865031 0.07192982456140351
0 0.6762269938650307 0.3429824561403509 0.003374233128834356 0.043859649122807015
0 0.6065950920245399 0.25 0.0027607361963190185 0.04736842105263158
0 0.549079754601227 0.21052631578947367 0.00245398773006135 0.042105263157894736
0 0.5139570552147239 0.4026315789473684 0.003987730061349694 0.07192982456140351
0 0.7001533742331288 0.3078947368421053 0.003374233128834356 0.054385964912280704
0 0.6835889570552147 0.43859649122807015 0.004601226993865031 0.07017543859649122
0 0.6065950920245399 0.6947368421052632 0.005828220858895706 0.0912280701754386
0 0.6288343558282209 0.20964912280701756 0.00245398773006135 0.043859649122807015
0 0.5233128834355828 0.16578947368421051 0.003067484662576687 0.03333333333333333
0 0.48190184049079754 0.5412280701754386 0.0049079754601227 0.07543859649122807
0 0.5549079754601227 0.42894736842105263 0.004294478527607362 0.06491228070175438
0 0.5078220858895706 0.26228070175438595 0.0027607361963190185 0.04736842105263158
0 0.560122699386503 0.3157894736842105 0.004294478527607362 0.05964912280701754
0 0.4976993865030675 0.1912280701754386 0.003374233128834356 0.042105263157894736
0 0.48190184049079754 0.3192982456140351 0.0036809815950920245 0.05964912280701754