0 0.36533742331288344 0.31666666666666665 0.003067484662576687 0.06842105263157895
0 0.6153374233128834 0.46578947368421053 0.004294478527607362 0.06140350877192982
0 0.5167177914110429 0.3131578947368421 0.003374233128834356 0.054385964912280704
0 0.5134969325153375 0.24649122807017543 0.003067484662576687 0.04035087719298246
0 0.6806748466257668 0.21754385964912282 0.00245398773006135 0.0456140350877193
0 0.7099693251533742 0.2578947368421053 0.004601226993865031 0.0456140350877193
0 0.5881901840490797 0.24736842105263157 0.0027607361963190185 0.0456140350877193
0 0.7119631901840491 0.3526315789473684 0.0036809815950920245 0.05263157894736842
0 0.6934049079754602 0.2596491228070175 0.0027607361963190185 0.0456140350877193
0 0.6389570552147239 0.27456140350877195 0.003067484662576687 0.05087719298245614
0 0.6058282208588958 0.19649122807017544 0.00245398773006135 0.042105263157894736
0 0.6584355828220859 0.24473684210526317 0.0027607361963190185 0.04035087719298246
0 0.749079754601227 0.28596491228070176 0.003067484662576687 0.0456140350877193
0 0.7119631901840491 0.22543859649122808 0.0036809815950920245 0.04736842105263158
0 0.7374233128834355 0.3736842105263158 0.0036809815950920245 0.05964912280701754
0 0.7039877300613497 0.25526315789473686 0.003067484662576687 0.05087719298245614
0 0.6808282208588957 0.23596491228070177 0.003987730061349694 0.05087719298245614
0 0.6728527607361963 0.5070175438596491 0.004601226993865031 0.05964912280701754
0 0.6559815950920246 0.30701754385964913 0.003374233128834356 0.05263157894736842
0 0.6199386503067484 0.26842105263157895 0.0036809815950920245 0.04912280701754386
0 0.6415644171779141 0.22631578947368422 0.0027607361963190185 0.0456140350877193
0 0.5806748466257668 0.17105263157894737 0.003067484662576687 0.04736842105263158
0 0.5167177914110429 0.27807017543859647 0.003374233128834356 0.05087719298245614