0 0.23849693251533743 0.3631578947368421 0.0027607361963190185 0.05964912280701754
0 0.4102760736196319 0.6912280701754386 0.00705521472392638 0.08421052631578947
0 0.4062883435582822 0.5824561403508772 0.005214723926380368 0.08070175438596491
0 0.38773006134969323 0.4535087719298246 0.004294478527607362 0.06842105263157895
0 0.4059815950920245 0.3201754385964912 0.003374233128834356 0.054385964912280704
0 0.4401840490797546 0.4631578947368421 0.004294478527607362 0.04912280701754386
0 0.4242331288343558 0.6570175438596492 0.005521472392638037 0.0824561403508772
0 0.44217791411042945 0.7 0.005214723926380368 0.09824561403508772
0 0.5085889570552147 0.5456140350877193 0.0049079754601227 0.07719298245614035
0 0.5180981595092025 0.37719298245614036 0.0036809815950920245 0.05964912280701754
0 0.4363496932515337 0.25087719298245614 0.0027607361963190185 0.0456140350877193
0 0.4125766871165644 0.493859649122807 0.004294478527607362 0.07894736842105263
0 0.7236196319018405 0.35526315789473684 0.0036809815950920245 0.05789473684210526
0 0.5483128834355828 0.5675438596491228 0.005214723926380368 0.07894736842105263
0 0.39923312883435585 0.7631578947368421 0.008282208588957056 0.10175438596491228
0 0.5552147239263804 0.36666666666666664 0.0036809815950920245 0.05964912280701754
0 0.5056748466257669 0.23333333333333334 0.0027607361963190185 0.0456140350877193
0 0.39631901840490796 0.7456140350877193 0.007361963190184049 0.031578947368421054
0 0.4434049079754601 0.5692982456140351 0.005214723926380368 0.07894736842105263
0 0.4085889570552147 0.5894736842105263 0.004294478527607362 0.07719298245614035
0 0.4584355828220859 0.493859649122807 0.004601226993865031 0.06842105263157895
0 0.4096625766871166 0.27807017543859647 0.003987730061349694 0.054385964912280704
0 0.34846625766871164 0.5824561403508772 0.0049079754601227 0.08771929824561403