0 0.21855828220858894 0.3675438596491228 0.003987730061349694 0.06491228070175438
0 0.19769938650306748 0.7605263157894737 0.006441717791411043 0.07192982456140351
0 0.29616564417177915 0.525438596491228 0.004601226993865031 0.06491228070175438
0 0.35644171779141104 0.3894736842105263 0.0036809815950920245 0.05263157894736842
0 0.39539877300613496 0.2956140350877193 0.003067484662576687 0.043859649122807015
0 0.4799079754601227 0.5780701754385965 0.005214723926380368 0.06842105263157895
0 0.4251533742331288 0.42894736842105263 0.004294478527607362 0.06140350877192982
0 0.47392638036809814 0.6271929824561403 0.0036809815950920245 0.08947368421052632
0 0.6115030674846625 0.5666666666666667 0.004601226993865031 0.07719298245614035
0 0.5328220858895706 0.35175438596491226 0.0036809815950920245 0.05789473684210526
0 0.5138036809815951 0.26666666666666666 0.003067484662576687 0.04912280701754386
0 0.40107361963190186 0.49122807017543857 0.003987730061349694 0.07719298245614035
0 0.7180981595092024 0.3587719298245614 0.0036809815950920245 0.05789473684210526
0 0.6035276073619632 0.5798245614035088 0.005214723926380368 0.09298245614035087
0 0.49647239263803683 0.6877192982456141 0.005828220858895706 0.0912280701754386
0 0.5762269938650306 0.3175438596491228 0.003374233128834356 0.05263157894736842
0 0.5220858895705521 0.20526315789473684 0.004294478527607362 0.042105263157894736
0 0.18650306748466258 0.7850877192982456 0.006748466257668712 0.09298245614035087
0 0.5127300613496932 0.4868421052631579 0.004601226993865031 0.06842105263157895
0 0.42254601226993865 0.3394736842105263 0.003374233128834356 0.05087719298245614
0 0.4288343558282209 0.44298245614035087 0.0036809815950920245 0.05789473684210526
0 0.38788343558282207 0.2482456140350877 0.003374233128834356 0.043859649122807015
0 0.3291411042944785 0.5333333333333333 0.0049079754601227 0.07368421052631578