0 0.3329754601226994 0.3350877192982456 0.003374233128834356 0.056140350877192984
0 0.7817484662576687 0.6692982456140351 0.00705521472392638 0.08596491228070176
0 0.49141104294478527 0.3815789473684211 0.0036809815950920245 0.06140350877192982
0 0.4843558282208589 0.29473684210526313 0.00245398773006135 0.0456140350877193
0 0.5576687116564417 0.19473684210526315 0.0036809815950920245 0.04912280701754386
0 0.5607361963190184 0.35 0.0036809815950920245 0.05789473684210526
0 0.61579754601227 0.2631578947368421 0.0027607361963190185 0.042105263157894736
0 0.5446319018404908 0.47368421052631576 0.004601226993865031 0.06666666666666667
0 0.7147239263803681 0.38421052631578945 0.004294478527607362 0.05964912280701754
0 0.7154907975460123 0.36403508771929827 0.003987730061349694 0.06140350877192982
0 0.6673312883435583 0.25 0.0027607361963190185 0.04035087719298246
0 0.63420245398773 0.3850877192982456 0.003987730061349694 0.06491228070175438
0 0.7122699386503067 0.28157894736842104 0.003067484662576687 0.04736842105263158
0 0.7193251533742331 0.3798245614035088 0.004294478527607362 0.05789473684210526
0 0.6892638036809816 0.5552631578947368 0.0049079754601227 0.07543859649122807
0 0.688036809815951 0.2649122807017544 0.003067484662576687 0.0456140350877193
0 0.7093558282208589 0.2929824561403509 0.004601226993865031 0.05964912280701754
0 0.7572085889570552 0.6342105263157894 0.005214723926380368 0.09298245614035087
0 0.657361963190184 0.36666666666666664 0.004294478527607362 0.06666666666666667
0 0.5987730061349693 0.3043859649122807 0.003067484662576687 0.05087719298245614
0 0.6256134969325153 0.2412280701754386 0.003374233128834356 0.05087719298245614
0 0.5848159509202454 0.156140350877193 0.003374233128834356 0.03859649122807018
0 0.48236196319018404 0.32456140350877194 0.003374233128834356 0.05263157894736842