0 0.23650306748466257 0.37456140350877193 0.00245398773006135 0.054385964912280704
0 0.32883435582822085 0.5543859649122806 0.0049079754601227 0.0456140350877193
0 0.36595092024539877 0.4710526315789474 0.004294478527607362 0.054385964912280704
0 0.3001533742331288 0.493859649122807 0.004601226993865031 0.06140350877192982
0 0.35966257668711654 0.32719298245614037 0.004601226993865031 0.054385964912280704
0 0.4366564417177914 0.4026315789473684 0.003987730061349694 0.06140350877192982
0 0.42162576687116565 0.5921052631578947 0.005214723926380368 0.08596491228070176
0 0.47684049079754603 0.5921052631578947 0.004601226993865031 0.07192982456140351
0 0.471319018404908 0.5070175438596491 0.004601226993865031 0.05964912280701754
0 0.5211656441717791 0.3631578947368421 0.0036809815950920245 0.04912280701754386
0 0.4406441717791411 0.2394736842105263 0.0027607361963190185 0.043859649122807015
0 0.41042944785276075 0.4964912280701754 0.004294478527607362 0.07719298245614035
0 0.7125766871165644 0.35526315789473684 0.0036809815950920245 0.05789473684210526
0 0.5302147239263804 0.5228070175438596 0.004601226993865031 0.07368421052631578
0 0.43236196319018405 0.6412280701754386 0.003987730061349694 0.07543859649122807
0 0.5687116564417178 0.35 0.0036809815950920245 0.05789473684210526
0 0.48190184049079754 0.19649122807017544 0.00245398773006135 0.042105263157894736
0 0.36487730061349694 0.6078947368421053 0.005214723926380368 0.0824561403508772
0 0.469478527607362 0.6096491228070176 0.004601226993865031 0.0824561403508772
0 0.4030674846625767 0.4982456140350877 0.004294478527607362 0.07017543859649122
0 0.4662576687116564 0.44035087719298244 0.004294478527607362 0.06666666666666667
0 0.38911042944785273 0.2807017543859649 0.003374233128834356 0.05263157894736842
0 0.29846625766871165 0.5649122807017544 0.005521472392638037 0.07719298245614035