0 0.29708588957055215 0.3236842105263158 0.003374233128834356 0.054385964912280704
0 0.4682515337423313 0.5017543859649123 0.004601226993865031 0.06315789473684211
0 0.46319018404907975 0.33421052631578946 0.0036809815950920245 0.05789473684210526
0 0.4322085889570552 0.31842105263157894 0.0036809815950920245 0.05087719298245614
0 0.4584355828220859 0.24210526315789474 0.0027607361963190185 0.03508771929824561
0 0.49785276073619633 0.312280701754386 0.003067484662576687 0.03508771929824561
0 0.5607361963190184 0.2894736842105263 0.003067484662576687 0.0456140350877193
0 0.5124233128834356 0.41842105263157897 0.003987730061349694 0.05789473684210526
0 0.6495398773006135 0.29035087719298247 0.003987730061349694 0.05087719298245614
0 0.5409509202453988 0.3526315789473684 0.003987730061349694 0.056140350877192984
0 0.6125766871165644 0.22719298245614036 0.003067484662576687 0.04736842105263158
0 0.5337423312883436 0.41228070175438597 0.0049079754601227 0.06666666666666667
0 0.730521472392638 0.3192982456140351 0.003374233128834356 0.056140350877192984
0 0.6581288343558283 0.4 0.003987730061349694 0.06315789473684211
0 0.6133435582822085 0.5017543859649123 0.004601226993865031 0.06315789473684211
0 0.6159509202453988 0.2324561403508772 0.0036809815950920245 0.04736842105263158
0 0.5894171779141104 0.23333333333333334 0.0027607361963190185 0.0456140350877193
0 0.505521472392638 0.5508771929824562 0.0049079754601227 0.07719298245614035
0 0.5377300613496933 0.36929824561403507 0.003067484662576687 0.054385964912280704
0 0.4785276073619632 0.29035087719298247 0.0036809815950920245 0.05087719298245614
0 0.5903374233128834 0.2982456140350877 0.004601226993865031 0.06315789473684211
0 0.46595092024539875 0.24035087719298245 0.0036809815950920245 0.05263157894736842
0 0.4746932515337423 0.33771929824561403 0.004601226993865031 0.07192982456140351