0 0.36088957055214727 0.31842105263157894 0.0027607361963190185 0.06491228070175438
0 0.6039877300613496 0.4675438596491228 0.004294478527607362 0.06842105263157895
0 0.5090490797546012 0.31140350877192985 0.003374233128834356 0.054385964912280704
0 0.507361963190184 0.24298245614035088 0.003067484662576687 0.04035087719298246
0 0.6797546012269938 0.2149122807017544 0.00245398773006135 0.02982456140350877
0 0.7072085889570552 0.2543859649122807 0.0027607361963190185 0.04912280701754386
0 0.5829754601226994 0.24385964912280703 0.0027607361963190185 0.0456140350877193
0 0.7033742331288344 0.3526315789473684 0.0036809815950920245 0.05263157894736842
0 0.6829754601226994 0.24736842105263157 0.003374233128834356 0.042105263157894736
0 0.6352760736196319 0.27017543859649124 0.003067484662576687 0.04912280701754386
0 0.6073619631901841 0.19649122807017544 0.00245398773006135 0.042105263157894736
0 0.6504601226993865 0.2482456140350877 0.0027607361963190185 0.04035087719298246
0 0.7542944785276073 0.29912280701754385 0.003067484662576687 0.05087719298245614
0 0.7104294478527607 0.22456140350877193 0.0036809815950920245 0.04912280701754386
0 0.7297546012269939 0.37280701754385964 0.0036809815950920245 0.05087719298245614
0 0.7033742331288344 0.25263157894736843 0.003067484662576687 0.04912280701754386
0 0.6765337423312884 0.23508771929824562 0.003987730061349694 0.04912280701754386
0 0.6556748466257669 0.5035087719298246 0.004601226993865031 0.06666666666666667
0 0.6492331288343558 0.3078947368421053 0.003374233128834356 0.054385964912280704
0 0.6124233128834355 0.27456140350877195 0.0027607361963190185 0.02280701754385965
0 0.6424846625766871 0.22807017543859648 0.0027607361963190185 0.0456140350877193
0 0.5702453987730062 0.16842105263157894 0.003067484662576687 0.042105263157894736
0 0.5107361963190185 0.27631578947368424 0.0036809815950920245 0.054385964912280704