0 0.21411042944785277 0.4043859649122807 0.004294478527607362 0.06491228070175438
0 0.20782208588957055 0.5728070175438597 0.005214723926380368 0.07894736842105263
0 0.3023006134969325 0.4885964912280702 0.004601226993865031 0.06140350877192982
0 0.3159509202453988 0.3 0.003067484662576687 0.05263157894736842
0 0.40291411042944786 0.23771929824561402 0.0027607361963190185 0.04736842105263158
0 0.39079754601226996 0.34649122807017546 0.0036809815950920245 0.05789473684210526
0 0.4279141104294479 0.5289473684210526 0.0049079754601227 0.07192982456140351
0 0.5122699386503068 0.6008771929824561 0.005521472392638037 0.07894736842105263
0 0.508282208588957 0.4412280701754386 0.004294478527607362 0.07192982456140351
0 0.498159509202454 0.3815789473684211 0.0036809815950920245 0.06140350877192982
0 0.49493865030674844 0.24035087719298245 0.0027607361963190185 0.0456140350877193
0 0.45291411042944785 0.3298245614035088 0.003374233128834356 0.056140350877192984
0 0.7013803680981595 0.3447368421052632 0.003374233128834356 0.05789473684210526
0 0.557361963190184 0.4587719298245614 0.004294478527607362 0.06842105263157895
0 0.5309815950920246 0.6228070175438597 0.005521472392638037 0.08421052631578947
0 0.5361963190184049 0.36666666666666664 0.0036809815950920245 0.05964912280701754
0 0.5159509202453988 0.26666666666666666 0.003067484662576687 0.04912280701754386
0 0.3726993865030675 0.6175438596491228 0.005521472392638037 0.08421052631578947
0 0.5050613496932516 0.4956140350877193 0.004601226993865031 0.07192982456140351
0 0.38788343558282207 0.5035087719298246 0.004601226993865031 0.07017543859649122
0 0.4588957055214724 0.3631578947368421 0.0036809815950920245 0.05964912280701754
0 0.37622699386503067 0.2719298245614035 0.003374233128834356 0.05263157894736842
0 0.21395705521472394 0.543859649122807 0.00705521472392638 0.08070175438596491