0 0.2973926380368098 0.3526315789473684 0.005214723926380368 0.07368421052631578
0 0.5156441717791411 0.618421052631579 0.005521472392638037 0.07543859649122807
0 0.4854294478527607 0.4842105263157895 0.004601226993865031 0.07017543859649122
0 0.49693251533742333 0.3605263157894737 0.0036809815950920245 0.05789473684210526
0 0.49371165644171777 0.23771929824561402 0.0027607361963190185 0.04736842105263158
0 0.5553680981595092 0.42894736842105263 0.003987730061349694 0.06140350877192982
0 0.591717791411043 0.3631578947368421 0.0036809815950920245 0.05263157894736842
0 0.69079754601227 0.5464912280701755 0.0049079754601227 0.06140350877192982
0 0.6374233128834356 0.4 0.0036809815950920245 0.056140350877192984
0 0.6811349693251534 0.4201754385964912 0.003987730061349694 0.06491228070175438
0 0.6064417177914111 0.27017543859649124 0.003067484662576687 0.04912280701754386
0 0.5656441717791411 0.39210526315789473 0.0036809815950920245 0.06140350877192982
0 0.7642638036809816 0.3385964912280702 0.003374233128834356 0.056140350877192984
0 0.7450920245398773 0.5280701754385965 0.006134969325153374 0.08070175438596491
0 0.7174846625766871 0.624561403508772 0.005521472392638037 0.07719298245614035
0 0.685122699386503 0.34035087719298246 0.003987730061349694 0.056140350877192984
0 0.6239263803680981 0.2149122807017544 0.00245398773006135 0.04035087719298246
0 0.5397239263803681 0.6649122807017543 0.005828220858895706 0.08771929824561403
0 0.6407975460122699 0.4570175438596491 0.004294478527607362 0.06491228070175438
0 0.5487730061349694 0.3526315789473684 0.0036809815950920245 0.056140350877192984
0 0.6570552147239264 0.37719298245614036 0.0036809815950920245 0.05964912280701754
0 0.5153374233128835 0.19912280701754387 0.00245398773006135 0.054385964912280704
0 0.49003067484662577 0.49912280701754386 0.004601226993865031 0.07192982456140351