0 0.2383435582822086 0.36403508771929827 0.00245398773006135 0.05789473684210526
0 0.4105828220858896 0.7035087719298245 0.00705521472392638 0.08421052631578947
0 0.40475460122699386 0.5894736842105263 0.005214723926380368 0.08070175438596491
0 0.38588957055214723 0.44912280701754387 0.004294478527607362 0.06666666666666667
0 0.40199386503067486 0.3236842105263158 0.003374233128834356 0.04736842105263158
0 0.43650306748466255 0.46403508771929824 0.004294478527607362 0.04736842105263158
0 0.4245398773006135 0.6578947368421053 0.0049079754601227 0.08421052631578947
0 0.4424846625766871 0.6973684210526315 0.005214723926380368 0.09649122807017543
0 0.5075153374233129 0.5403508771929825 0.004601226993865031 0.07017543859649122
0 0.5180981595092025 0.3780701754385965 0.0036809815950920245 0.05789473684210526
0 0.4363496932515337 0.25 0.0027607361963190185 0.04736842105263158
0 0.4128834355828221 0.4921052631578947 0.004294478527607362 0.07894736842105263
0 0.7234662576687116 0.3587719298245614 0.003374233128834356 0.05789473684210526
0 0.5480061349693252 0.5692982456140351 0.005214723926380368 0.07894736842105263
0 0.40245398773006136 0.7631578947368421 0.007975460122699387 0.09824561403508772
0 0.5558282208588957 0.3684210526315789 0.0036809815950920245 0.05964912280701754
0 0.5056748466257669 0.23333333333333334 0.0027607361963190185 0.0456140350877193
0 0.39723926380368096 0.7447368421052631 0.0098159509202454 0.04035087719298246
0 0.4446319018404908 0.5771929824561404 0.005214723926380368 0.08070175438596491
0 0.40843558282208586 0.5982456140350877 0.003987730061349694 0.07719298245614035
0 0.4575153374233129 0.49298245614035086 0.004601226993865031 0.07017543859649122
0 0.40705521472392636 0.2807017543859649 0.004294478527607362 0.056140350877192984
0 0.3469325153374233 0.5850877192982457 0.0049079754601227 0.08596491228070176