0 0.23819018404907977 0.36578947368421055 0.002147239263803681 0.054385964912280704
0 0.4013803680981595 0.6947368421052632 0.006441717791411043 0.07719298245614035
0 0.39892638036809813 0.5789473684210527 0.005214723926380368 0.08070175438596491
0 0.3811349693251534 0.4473684210526316 0.003987730061349694 0.06666666666666667
0 0.3927914110429448 0.33245614035087717 0.003374233128834356 0.054385964912280704
0 0.4334355828220859 0.45614035087719296 0.004294478527607362 0.05964912280701754
0 0.425920245398773 0.6570175438596492 0.005828220858895706 0.07894736842105263
0 0.44739263803680984 0.6868421052631579 0.005214723926380368 0.09649122807017543
0 0.5067484662576687 0.5342105263157895 0.004294478527607362 0.07543859649122807
0 0.5190184049079755 0.37719298245614036 0.0036809815950920245 0.05964912280701754
0 0.43757668711656444 0.24649122807017543 0.0027607361963190185 0.04736842105263158
0 0.4138036809815951 0.48947368421052634 0.004294478527607362 0.07719298245614035
0 0.7242331288343559 0.35964912280701755 0.0036809815950920245 0.05263157894736842
0 0.5492331288343558 0.5710526315789474 0.005214723926380368 0.07894736842105263
0 0.41180981595092025 0.7526315789473684 0.007668711656441718 0.0912280701754386
0 0.5579754601226994 0.36666666666666664 0.0036809815950920245 0.05964912280701754
0 0.5062883435582822 0.2307017543859649 0.0027607361963190185 0.043859649122807015
0 0.3950920245398773 0.7035087719298245 0.006134969325153374 0.05964912280701754
0 0.4513803680981595 0.5789473684210527 0.005828220858895706 0.07719298245614035
0 0.40843558282208586 0.593859649122807 0.005214723926380368 0.06842105263157895
0 0.4584355828220859 0.4842105263157895 0.004601226993865031 0.07017543859649122
0 0.40475460122699386 0.2807017543859649 0.004601226993865031 0.056140350877192984
0 0.34340490797546014 0.5903508771929824 0.004601226993865031 0.07894736842105263