0 0.2753067484662577 0.3482456140350877 0.003987730061349694 0.06842105263157895
0 0.4352760736196319 0.6719298245614035 0.005521472392638037 0.08421052631578947
0 0.4067484662576687 0.4570175438596491 0.004294478527607362 0.06842105263157895
0 0.43144171779141105 0.24298245614035088 0.0027607361963190185 0.04736842105263158
0 0.5225460122699387 0.1675438596491228 0.003374233128834356 0.03684210526315789
0 0.4616564417177914 0.29035087719298247 0.003067484662576687 0.05087719298245614
0 0.4696319018404908 0.46228070175438596 0.004294478527607362 0.06842105263157895
0 0.5869631901840491 0.5394736842105263 0.005214723926380368 0.0824561403508772
0 0.5872699386503067 0.43157894736842106 0.003987730061349694 0.05964912280701754
0 0.5628834355828221 0.3508771929824561 0.003067484662576687 0.05263157894736842
0 0.46932515337423314 0.3991228070175439 0.0036809815950920245 0.05789473684210526
0 0.5300613496932516 0.28421052631578947 0.004294478527607362 0.05964912280701754
0 0.7320552147239264 0.33771929824561403 0.003374233128834356 0.054385964912280704
0 0.6154907975460123 0.42543859649122806 0.003987730061349694 0.06491228070175438
0 0.6004601226993865 0.5368421052631579 0.004601226993865031 0.07017543859649122
0 0.6001533742331289 0.3429824561403509 0.003374233128834356 0.05087719298245614
0 0.5737730061349693 0.2412280701754386 0.0027607361963190185 0.043859649122807015
0 0.53420245398773 0.5842105263157895 0.005214723926380368 0.08070175438596491
0 0.5473926380368098 0.4166666666666667 0.003987730061349694 0.06491228070175438
0 0.4938650306748466 0.38596491228070173 0.0036809815950920245 0.056140350877192984
0 0.5581288343558283 0.34912280701754383 0.005828220858895706 0.05964912280701754
0 0.50920245398773 0.2929824561403509 0.003067484662576687 0.04912280701754386
0 0.4653374233128834 0.4543859649122807 0.0036809815950920245 0.05964912280701754