0 0.26365030674846623 0.3026315789473684 0.003987730061349694 0.06140350877192982
0 0.4664110429447853 0.7 0.005828220858895706 0.0912280701754386
0 0.3697852760736196 0.42894736842105263 0.003987730061349694 0.06491228070175438
0 0.39800613496932513 0.23771929824561402 0.0027607361963190185 0.04736842105263158
0 0.4503067484662577 0.1868421052631579 0.00245398773006135 0.03684210526315789
0 0.4584355828220859 0.32105263157894737 0.003374233128834356 0.05263157894736842
0 0.47960122699386504 0.23684210526315788 0.0027607361963190185 0.03859649122807018
0 0.5878834355828221 0.4543859649122807 0.003987730061349694 0.06666666666666667
0 0.5687116564417178 0.3631578947368421 0.0036809815950920245 0.05964912280701754
0 0.5656441717791411 0.2850877192982456 0.003067484662576687 0.05087719298245614
0 0.5164110429447852 0.1675438596491228 0.0027607361963190185 0.02982456140350877
0 0.5177914110429448 0.24736842105263157 0.003067484662576687 0.05263157894736842
0 0.729601226993865 0.3254385964912281 0.003374233128834356 0.05087719298245614
0 0.5789877300613497 0.3429824561403509 0.003374233128834356 0.05789473684210526
0 0.5929447852760736 0.43859649122807015 0.004294478527607362 0.06666666666666667
0 0.5766871165644172 0.27807017543859647 0.003067484662576687 0.05087719298245614
0 0.557361963190184 0.21052631578947367 0.00245398773006135 0.042105263157894736
0 0.5116564417177915 0.4473684210526316 0.004294478527607362 0.06666666666666667
0 0.5372699386503067 0.31491228070175437 0.003374233128834356 0.054385964912280704
0 0.4799079754601227 0.25087719298245614 0.0027607361963190185 0.03859649122807018
0 0.519478527607362 0.24912280701754386 0.003374233128834356 0.04912280701754386
0 0.47607361963190187 0.193859649122807 0.0036809815950920245 0.05087719298245614
0 0.4404907975460123 0.31140350877192985 0.0036809815950920245 0.054385964912280704