0 0.2570552147239264 0.3456140350877193 0.003067484662576687 0.056140350877192984
0 0.40797546012269936 0.4745614035087719 0.0036809815950920245 0.06140350877192982
0 0.42116564417177915 0.39210526315789473 0.003067484662576687 0.06140350877192982
0 0.42208588957055215 0.3175438596491228 0.0036809815950920245 0.056140350877192984
0 0.4335889570552147 0.22894736842105262 0.0027607361963190185 0.03684210526315789
0 0.4726993865030675 0.4324561403508772 0.004294478527607362 0.06491228070175438
0 0.4762269938650307 0.30964912280701756 0.003374233128834356 0.054385964912280704
0 0.4838957055214724 0.5219298245614035 0.004601226993865031 0.06842105263157895
0 0.5328220858895706 0.387719298245614 0.0036809815950920245 0.05964912280701754
0 0.5389570552147239 0.2736842105263158 0.003067484662576687 0.03508771929824561
0 0.48328220858895704 0.24210526315789474 0.0027607361963190185 0.042105263157894736
0 0.46886503067484664 0.4421052631578947 0.003987730061349694 0.07017543859649122
0 0.7081288343558282 0.3298245614035088 0.003374233128834356 0.056140350877192984
0 0.5783742331288344 0.4219298245614035 0.003987730061349694 0.06491228070175438
0 0.5638036809815951 0.7166666666666667 0.006134969325153374 0.09298245614035087
0 0.587116564417178 0.27017543859649124 0.003067484662576687 0.04912280701754386
0 0.5098159509202455 0.17105263157894737 0.00245398773006135 0.03684210526315789
0 0.40337423312883436 0.5342105263157895 0.0049079754601227 0.07543859649122807
0 0.48006134969325154 0.4885964912280702 0.004294478527607362 0.07192982456140351
0 0.4947852760736196 0.26842105263157895 0.003067484662576687 0.042105263157894736
0 0.46932515337423314 0.3701754385964912 0.0036809815950920245 0.05263157894736842
0 0.4401840490797546 0.19298245614035087 0.00245398773006135 0.03859649122807018
0 0.423159509202454 0.3307017543859649 0.003374233128834356 0.054385964912280704