0 0.33680981595092024 0.28157894736842104 0.003067484662576687 0.054385964912280704
0 0.49524539877300616 0.4114035087719298 0.003374233128834356 0.04035087719298246
0 0.45812883435582824 0.25 0.0027607361963190185 0.043859649122807015
0 0.46656441717791414 0.18421052631578946 0.003067484662576687 0.042105263157894736
0 0.5315950920245399 0.15087719298245614 0.00245398773006135 0.03859649122807018
0 0.5579754601226994 0.24736842105263157 0.0036809815950920245 0.05263157894736842
0 0.5187116564417178 0.18947368421052632 0.00245398773006135 0.03859649122807018
0 0.6153374233128834 0.37543859649122807 0.0036809815950920245 0.05964912280701754
0 0.5869631901840491 0.256140350877193 0.0027607361963190185 0.04912280701754386
0 0.5306748466257669 0.27017543859649124 0.003067484662576687 0.04912280701754386
0 0.5558282208588957 0.16052631578947368 0.0036809815950920245 0.04035087719298246
0 0.5437116564417178 0.2307017543859649 0.003374233128834356 0.054385964912280704
0 0.7107361963190184 0.3017543859649123 0.003067484662576687 0.04912280701754386
0 0.6039877300613496 0.26842105263157895 0.003067484662576687 0.04912280701754386
0 0.6299079754601227 0.3368421052631579 0.003374233128834356 0.056140350877192984
0 0.5984662576687116 0.2219298245614035 0.004294478527607362 0.05789473684210526
0 0.5858895705521472 0.18421052631578946 0.00245398773006135 0.031578947368421054
0 0.548159509202454 0.3736842105263158 0.0036809815950920245 0.05964912280701754
0 0.5644171779141104 0.2710526315789474 0.003067484662576687 0.05087719298245614
0 0.525 0.22105263157894736 0.0027607361963190185 0.0456140350877193
0 0.5616564417177914 0.20877192982456141 0.003067484662576687 0.04912280701754386
0 0.5302147239263804 0.1649122807017544 0.003374233128834356 0.042105263157894736
0 0.4817484662576687 0.21754385964912282 0.0027607361963190185 0.04912280701754386