0 0.3019938650306748 0.3850877192982456 0.003987730061349694 0.06491228070175438
0 0.5668711656441717 0.7035087719298245 0.006134969325153374 0.0912280701754386
0 0.49616564417177916 0.5824561403508772 0.005214723926380368 0.08070175438596491
0 0.49647239263803683 0.42894736842105263 0.003987730061349694 0.06491228070175438
0 0.5093558282208589 0.2614035087719298 0.0027607361963190185 0.042105263157894736
0 0.5914110429447853 0.5543859649122806 0.0049079754601227 0.07719298245614035
0 0.5984662576687116 0.4605263157894737 0.004294478527607362 0.06491228070175438
0 0.7615030674846626 0.5903508771929824 0.005214723926380368 0.043859649122807015
0 0.6855828220858896 0.5412280701754386 0.0049079754601227 0.06140350877192982
0 0.7073619631901841 0.5543859649122806 0.0049079754601227 0.07719298245614035
0 0.6187116564417178 0.3078947368421053 0.003067484662576687 0.054385964912280704
0 0.588957055214724 0.42543859649122806 0.0036809815950920245 0.06140350877192982
0 0.7720858895705521 0.3587719298245614 0.0036809815950920245 0.054385964912280704
0 0.8138036809815951 0.6210526315789474 0.006134969325153374 0.08070175438596491
0 0.7693251533742331 0.7228070175438597 0.006134969325153374 0.08421052631578947
0 0.7173312883435583 0.4070175438596491 0.003987730061349694 0.06315789473684211
0 0.6458588957055215 0.26228070175438595 0.0027607361963190185 0.04736842105263158
0 0.5848159509202454 0.7429824561403509 0.006441717791411043 0.09649122807017543
0 0.6938650306748466 0.5394736842105263 0.0049079754601227 0.07192982456140351
0 0.5627300613496933 0.4807017543859649 0.004601226993865031 0.06666666666666667
0 0.6846625766871166 0.46842105263157896 0.004294478527607362 0.06315789473684211
0 0.5326687116564417 0.23157894736842105 0.004601226993865031 0.04912280701754386
0 0.5087423312883436 0.5859649122807018 0.005214723926380368 0.08070175438596491