0 0.30736196319018405 0.29385964912280704 0.003067484662576687 0.054385964912280704
0 0.5033742331288343 0.47719298245614034 0.004294478527607362 0.04912280701754386
0 0.450920245398773 0.3078947368421053 0.003067484662576687 0.04736842105263158
0 0.4521472392638037 0.18157894736842106 0.003067484662576687 0.03333333333333333
0 0.5121165644171779 0.16052631578947368 0.002147239263803681 0.04035087719298246
0 0.5292944785276074 0.29473684210526313 0.003374233128834356 0.04912280701754386
0 0.5171779141104295 0.18596491228070175 0.003067484662576687 0.03508771929824561
0 0.5909509202453987 0.39473684210526316 0.003987730061349694 0.05263157894736842
0 0.575 0.2614035087719298 0.0027607361963190185 0.03859649122807018
0 0.49263803680981594 0.2649122807017544 0.003067484662576687 0.04912280701754386
0 0.5542944785276074 0.17192982456140352 0.00245398773006135 0.03508771929824561
0 0.533282208588957 0.23771929824561402 0.003374233128834356 0.054385964912280704
0 0.7351226993865031 0.3140350877192982 0.003374233128834356 0.04912280701754386
0 0.5975460122699386 0.27982456140350875 0.003067484662576687 0.05087719298245614
0 0.6058282208588958 0.35526315789473684 0.0036809815950920245 0.05789473684210526
0 0.5888036809815951 0.2412280701754386 0.0027607361963190185 0.04736842105263158
0 0.563036809815951 0.18333333333333332 0.002147239263803681 0.02982456140350877
0 0.5403374233128835 0.39035087719298245 0.003987730061349694 0.06140350877192982
0 0.525 0.2754385964912281 0.0027607361963190185 0.04912280701754386
0 0.5019938650306749 0.1912280701754386 0.003374233128834356 0.042105263157894736
0 0.5602760736196319 0.22543859649122808 0.0027607361963190185 0.04035087719298246
0 0.5207055214723927 0.17105263157894737 0.0027607361963190185 0.043859649122807015
0 0.48006134969325154 0.21754385964912282 0.003067484662576687 0.04912280701754386