0 0.36763803680981594 0.3175438596491228 0.003374233128834356 0.06666666666666667
0 0.6202453987730061 0.46578947368421053 0.004294478527607362 0.06842105263157895
0 0.5415644171779141 0.3350877192982456 0.003374233128834356 0.056140350877192984
0 0.5283742331288344 0.2614035087719298 0.0027607361963190185 0.04912280701754386
0 0.6572085889570553 0.16228070175438597 0.0027607361963190185 0.043859649122807015
0 0.587116564417178 0.2043859649122807 0.00245398773006135 0.03333333333333333
0 0.6334355828220859 0.2982456140350877 0.003067484662576687 0.04912280701754386
0 0.7279141104294479 0.37543859649122807 0.0036809815950920245 0.05964912280701754
0 0.6776073619631902 0.31491228070175437 0.004294478527607362 0.05789473684210526
0 0.682361963190184 0.23421052631578948 0.0027607361963190185 0.04035087719298246
0 0.6457055214723927 0.18157894736842106 0.003067484662576687 0.04035087719298246
0 0.6576687116564417 0.2324561403508772 0.0036809815950920245 0.05087719298245614
0 0.7745398773006135 0.32456140350877194 0.004294478527607362 0.05964912280701754
0 0.7257668711656442 0.3087719298245614 0.005521472392638037 0.06315789473684211
0 0.7363496932515338 0.3649122807017544 0.003987730061349694 0.05263157894736842
0 0.6878834355828221 0.2324561403508772 0.003374233128834356 0.05087719298245614
0 0.6684049079754601 0.17543859649122806 0.003067484662576687 0.031578947368421054
0 0.7053680981595092 0.4114035087719298 0.003987730061349694 0.06140350877192982
0 0.7081288343558282 0.3078947368421053 0.003374233128834356 0.054385964912280704
0 0.6225460122699387 0.21929824561403508 0.0027607361963190185 0.04912280701754386
0 0.6713190184049079 0.2614035087719298 0.003987730061349694 0.04912280701754386
0 0.6561349693251534 0.1868421052631579 0.004294478527607362 0.04035087719298246
0 0.5476993865030675 0.33421052631578946 0.003987730061349694 0.06140350877192982