0 0.19831288343558282 0.4026315789473684 0.003374233128834356 0.05789473684210526
0 0.1745398773006135 0.5473684210526316 0.0049079754601227 0.07719298245614035
0 0.3118098159509202 0.49912280701754386 0.004601226993865031 0.07192982456140351
0 0.2880368098159509 0.3482456140350877 0.0036809815950920245 0.05789473684210526
0 0.36809815950920244 0.2631578947368421 0.0036809815950920245 0.04912280701754386
0 0.38466257668711656 0.3649122807017544 0.0036809815950920245 0.05964912280701754
0 0.42116564417177915 0.55 0.0049079754601227 0.07543859649122807
0 0.4815950920245399 0.6096491228070176 0.005521472392638037 0.0824561403508772
0 0.5078220858895706 0.47192982456140353 0.004601226993865031 0.07017543859649122
0 0.49693251533742333 0.3868421052631579 0.0036809815950920245 0.06140350877192982
0 0.48021472392638037 0.24210526315789474 0.0027607361963190185 0.042105263157894736
0 0.4263803680981595 0.39473684210526316 0.004294478527607362 0.07368421052631578
0 0.6894171779141104 0.3447368421052632 0.003374233128834356 0.05789473684210526
0 0.5541411042944785 0.4921052631578947 0.004601226993865031 0.07192982456140351
0 0.5010736196319019 0.6535087719298246 0.005828220858895706 0.08596491228070176
0 0.5414110429447853 0.3684210526315789 0.0036809815950920245 0.05964912280701754
0 0.5050613496932516 0.2614035087719298 0.0027607361963190185 0.0456140350877193
0 0.3427914110429448 0.6578947368421053 0.005828220858895706 0.08771929824561403
0 0.502760736196319 0.5324561403508772 0.0049079754601227 0.07543859649122807
0 0.3647239263803681 0.5184210526315789 0.0049079754601227 0.07192982456140351
0 0.4432515337423313 0.3719298245614035 0.0036809815950920245 0.05964912280701754
0 0.3602760736196319 0.28596491228070176 0.003987730061349694 0.06315789473684211
0 0.17714723926380369 0.543859649122807 0.00705521472392638 0.08070175438596491