0 0.3121165644171779 0.3131578947368421 0.003374233128834356 0.054385964912280704
0 0.525 0.5385964912280702 0.005214723926380368 0.07368421052631578
0 0.46717791411042947 0.34649122807017546 0.0036809815950920245 0.05789473684210526
0 0.4696319018404908 0.28157894736842104 0.00245398773006135 0.04035087719298246
0 0.495398773006135 0.20526315789473684 0.00245398773006135 0.031578947368421054
0 0.5337423312883436 0.30350877192982456 0.003067484662576687 0.0456140350877193
0 0.5946319018404908 0.27456140350877195 0.0027607361963190185 0.03684210526315789
0 0.5171779141104295 0.46403508771929824 0.004294478527607362 0.06842105263157895
0 0.6932515337423313 0.30701754385964913 0.003067484662576687 0.0456140350877193
0 0.596319018404908 0.34912280701754383 0.0036809815950920245 0.05263157894736842
0 0.6308282208588957 0.2307017543859649 0.0027607361963190185 0.043859649122807015
0 0.5507668711656442 0.4166666666666667 0.003987730061349694 0.06140350877192982
0 0.7190184049079754 0.31140350877192985 0.0036809815950920245 0.05087719298245614
0 0.7131901840490797 0.443859649122807 0.004294478527607362 0.04912280701754386
0 0.6464723926380368 0.5763157894736842 0.005214723926380368 0.07894736842105263
0 0.646319018404908 0.22105263157894736 0.00245398773006135 0.03508771929824561
0 0.6098159509202454 0.23684210526315788 0.0036809815950920245 0.042105263157894736
0 0.5234662576687117 0.5947368421052631 0.005214723926380368 0.08070175438596491
0 0.5835889570552147 0.39473684210526316 0.003987730061349694 0.05964912280701754
0 0.5239263803680981 0.2719298245614035 0.003067484662576687 0.03859649122807018
0 0.6246932515337423 0.2885964912280702 0.003987730061349694 0.054385964912280704
0 0.5069018404907976 0.20701754385964913 0.003374233128834356 0.03859649122807018
0 0.47254601226993864 0.3140350877192982 0.003374233128834356 0.05263157894736842