0 0.23680981595092024 0.37456140350877193 0.00245398773006135 0.054385964912280704
0 0.3309815950920245 0.5298245614035088 0.0049079754601227 0.05964912280701754
0 0.3642638036809816 0.4763157894736842 0.004601226993865031 0.06842105263157895
0 0.2955521472392638 0.5035087719298246 0.004601226993865031 0.0456140350877193
0 0.3602760736196319 0.31842105263157894 0.004601226993865031 0.054385964912280704
0 0.4427914110429448 0.4026315789473684 0.003987730061349694 0.06140350877192982
0 0.41978527607361965 0.5342105263157895 0.004601226993865031 0.07543859649122807
0 0.4638036809815951 0.5973684210526315 0.0049079754601227 0.07894736842105263
0 0.4611963190184049 0.5149122807017544 0.004601226993865031 0.07192982456140351
0 0.5202453987730061 0.3719298245614035 0.0036809815950920245 0.05964912280701754
0 0.43849693251533745 0.23508771929824562 0.0027607361963190185 0.042105263157894736
0 0.4059815950920245 0.5342105263157895 0.004601226993865031 0.09298245614035087
0 0.7131901840490797 0.35350877192982455 0.0036809815950920245 0.05789473684210526
0 0.5180981595092025 0.5157894736842106 0.0049079754601227 0.07368421052631578
0 0.4242331288343558 0.6938596491228071 0.0049079754601227 0.10701754385964912
0 0.5845092024539877 0.3298245614035088 0.003374233128834356 0.056140350877192984
0 0.4762269938650307 0.1824561403508772 0.002147239263803681 0.03508771929824561
0 0.346319018404908 0.6166666666666667 0.005521472392638037 0.06140350877192982
0 0.48067484662576687 0.612280701754386 0.005521472392638037 0.08070175438596491
0 0.401840490797546 0.4763157894736842 0.004294478527607362 0.054385964912280704
0 0.47162576687116564 0.4298245614035088 0.003987730061349694 0.05964912280701754
0 0.3911042944785276 0.2754385964912281 0.003067484662576687 0.05263157894736842
0 0.3024539877300613 0.537719298245614 0.0049079754601227 0.06842105263157895