0 0.28251533742331286 0.356140350877193 0.003067484662576687 0.0456140350877193
0 0.47914110429447854 0.5421052631578948 0.0049079754601227 0.07368421052631578
0 0.4817484662576687 0.4026315789473684 0.003374233128834356 0.054385964912280704
0 0.48803680981595093 0.31666666666666665 0.003067484662576687 0.03333333333333333
0 0.49831288343558283 0.22982456140350876 0.003987730061349694 0.0456140350877193
0 0.6182515337423313 0.4052631578947368 0.003987730061349694 0.05263157894736842
0 0.5443251533742332 0.3385964912280702 0.003374233128834356 0.05263157894736842
0 0.6029141104294479 0.5771929824561404 0.005214723926380368 0.08070175438596491
0 0.7056748466257668 0.44649122807017544 0.003987730061349694 0.06140350877192982
0 0.6151840490797545 0.26666666666666666 0.0027607361963190185 0.04912280701754386
0 0.5489263803680982 0.23333333333333334 0.0027607361963190185 0.03859649122807018
0 0.5343558282208589 0.4192982456140351 0.0049079754601227 0.05964912280701754
0 0.7492331288343558 0.34649122807017546 0.003374233128834356 0.054385964912280704
0 0.7197852760736196 0.5245614035087719 0.005214723926380368 0.07719298245614035
0 0.6205521472392638 0.7385964912280701 0.006134969325153374 0.09473684210526316
0 0.6365030674846626 0.20350877192982456 0.00245398773006135 0.042105263157894736
0 0.5303680981595092 0.17017543859649123 0.0018404907975460123 0.031578947368421054
0 0.48711656441717793 0.6447368421052632 0.005521472392638037 0.08596491228070176
0 0.6389570552147239 0.4649122807017544 0.004294478527607362 0.06666666666666667
0 0.5242331288343558 0.28771929824561404 0.003067484662576687 0.04912280701754386
0 0.644478527607362 0.3684210526315789 0.0036809815950920245 0.05964912280701754
0 0.5 0.19824561403508772 0.0036809815950920245 0.042105263157894736
0 0.4808282208588957 0.36929824561403507 0.003987730061349694 0.05789473684210526