0 0.25214723926380367 0.3719298245614035 0.003067484662576687 0.04912280701754386
0 0.4044478527607362 0.5780701754385965 0.004601226993865031 0.07543859649122807
0 0.38773006134969323 0.6210526315789474 0.005521472392638037 0.08421052631578947
0 0.40337423312883436 0.43508771929824563 0.004294478527607362 0.06666666666666667
0 0.420398773006135 0.3078947368421053 0.003374233128834356 0.054385964912280704
0 0.4848159509202454 0.5763157894736842 0.005214723926380368 0.05789473684210526
0 0.4512269938650307 0.5140350877192983 0.0049079754601227 0.07368421052631578
0 0.49371165644171777 0.6859649122807018 0.005214723926380368 0.08070175438596491
0 0.6308282208588957 0.5956140350877193 0.005214723926380368 0.07192982456140351
0 0.5374233128834356 0.45789473684210524 0.004294478527607362 0.06666666666666667
0 0.49325153374233127 0.27017543859649124 0.003067484662576687 0.042105263157894736
0 0.4526073619631902 0.47543859649122805 0.003987730061349694 0.05964912280701754
0 0.7187116564417177 0.3649122807017544 0.0036809815950920245 0.05964912280701754
0 0.6233128834355828 0.543859649122807 0.0049079754601227 0.07719298245614035
0 0.3361963190184049 0.6552631578947369 0.0049079754601227 0.08596491228070176
0 0.6161042944785277 0.3263157894736842 0.003374233128834356 0.056140350877192984
0 0.5372699386503067 0.2219298245614035 0.0027607361963190185 0.043859649122807015
0 0.4294478527607362 0.537719298245614 0.0049079754601227 0.07543859649122807
0 0.5441717791411043 0.6052631578947368 0.005521472392638037 0.08070175438596491
0 0.4653374233128834 0.35 0.0036809815950920245 0.054385964912280704
0 0.5236196319018405 0.4421052631578947 0.004294478527607362 0.06666666666666667
0 0.44585889570552145 0.20701754385964913 0.003987730061349694 0.05263157894736842
0 0.47883435582822087 0.7271929824561404 0.006748466257668712 0.08596491228070176