0 0.35782208588957054 0.3482456140350877 0.003374233128834356 0.054385964912280704
0 0.9776073619631902 0.7771929824561403 0.008588957055214725 0.08771929824561403
0 0.5161042944785276 0.3956140350877193 0.003987730061349694 0.06140350877192982
0 0.5096625766871166 0.3078947368421053 0.003374233128834356 0.054385964912280704
0 0.5857361963190184 0.22280701754385965 0.003374233128834356 0.0456140350877193
0 0.5726993865030675 0.37719298245614036 0.0036809815950920245 0.05964912280701754
0 0.6624233128834356 0.3263157894736842 0.003374233128834356 0.056140350877192984
0 0.6883435582822086 0.5543859649122806 0.0049079754601227 0.042105263157894736
0 0.7986196319018405 0.41754385964912283 0.005828220858895706 0.07368421052631578
0 0.7570552147239263 0.3570175438596491 0.004294478527607362 0.054385964912280704
0 0.7285276073619632 0.30964912280701756 0.0036809815950920245 0.043859649122807015
0 0.6774539877300614 0.3105263157894737 0.003374233128834356 0.0456140350877193
0 0.7354294478527608 0.33157894736842103 0.003987730061349694 0.05964912280701754
0 0.7650306748466258 0.3763157894736842 0.0049079754601227 0.06842105263157895
0 0.7679447852760736 0.5149122807017544 0.004601226993865031 0.05789473684210526
0 0.7346625766871165 0.30701754385964913 0.004294478527607362 0.04912280701754386
0 0.7388036809815951 0.3078947368421053 0.003987730061349694 0.04736842105263158
0 0.8966257668711657 0.6342105263157894 0.007975460122699387 0.09298245614035087
0 0.7363496932515338 0.36929824561403507 0.005214723926380368 0.054385964912280704
0 0.6348159509202455 0.3298245614035088 0.003374233128834356 0.056140350877192984
0 0.7019938650306748 0.31491228070175437 0.003987730061349694 0.06140350877192982
0 0.6130368098159509 0.18859649122807018 0.003374233128834356 0.04736842105263158
0 0.5199386503067485 0.3456140350877193 0.0036809815950920245 0.05964912280701754