0 0.23957055214723927 0.36929824561403507 0.00245398773006135 0.05789473684210526
0 0.35245398773006137 0.6157894736842106 0.005521472392638037 0.08421052631578947
0 0.3811349693251534 0.49473684210526314 0.004601226993865031 0.05263157894736842
0 0.33404907975460124 0.4675438596491228 0.004294478527607362 0.06842105263157895
0 0.3763803680981595 0.33596491228070174 0.003067484662576687 0.05789473684210526
0 0.43696319018404906 0.41754385964912283 0.003987730061349694 0.05263157894736842
0 0.43696319018404906 0.6456140350877193 0.004601226993865031 0.07719298245614035
0 0.47638036809815953 0.631578947368421 0.005521472392638037 0.08421052631578947
0 0.48941717791411044 0.5157894736842106 0.004601226993865031 0.06315789473684211
0 0.5220858895705521 0.3605263157894737 0.0036809815950920245 0.043859649122807015
0 0.44923312883435584 0.24298245614035088 0.0027607361963190185 0.04736842105263158
0 0.4223926380368098 0.4710526315789474 0.0036809815950920245 0.07192982456140351
0 0.7190184049079754 0.35526315789473684 0.0036809815950920245 0.05789473684210526
0 0.549079754601227 0.5526315789473685 0.0049079754601227 0.07719298245614035
0 0.4475460122699387 0.6508771929824562 0.0049079754601227 0.07368421052631578
0 0.561042944785276 0.36666666666666664 0.0036809815950920245 0.05964912280701754
0 0.49662576687116566 0.21754385964912282 0.00245398773006135 0.042105263157894736
0 0.3688650306748466 0.6543859649122807 0.004601226993865031 0.08771929824561403
0 0.4630368098159509 0.6447368421052632 0.005828220858895706 0.07543859649122807
0 0.41180981595092025 0.5385964912280702 0.005214723926380368 0.07017543859649122
0 0.46595092024539875 0.4587719298245614 0.004294478527607362 0.06842105263157895
0 0.3950920245398773 0.2868421052631579 0.003067484662576687 0.04736842105263158
0 0.31763803680981595 0.5991228070175438 0.004601226993865031 0.07894736842105263