0 0.26533742331288346 0.34035087719298246 0.004294478527607362 0.06666666666666667
0 0.4273006134969325 0.49912280701754386 0.0049079754601227 0.07543859649122807
0 0.4437116564417178 0.39035087719298245 0.003987730061349694 0.06140350877192982
0 0.4558282208588957 0.2833333333333333 0.003067484662576687 0.05087719298245614
0 0.44447852760736195 0.21140350877192982 0.00245398773006135 0.043859649122807015
0 0.4808282208588957 0.3447368421052632 0.003374233128834356 0.05789473684210526
0 0.5297546012269939 0.2543859649122807 0.003067484662576687 0.03859649122807018
0 0.48067484662576687 0.47192982456140353 0.004294478527607362 0.06666666666666667
0 0.5541411042944785 0.4280701754385965 0.003987730061349694 0.06315789473684211
0 0.527760736196319 0.3333333333333333 0.003374233128834356 0.056140350877192984
0 0.506441717791411 0.20526315789473684 0.00245398773006135 0.03859649122807018
0 0.475 0.4052631578947368 0.003987730061349694 0.06315789473684211
0 0.7072085889570552 0.3131578947368421 0.003374233128834356 0.054385964912280704
0 0.6115030674846625 0.4017543859649123 0.003987730061349694 0.06315789473684211
0 0.473159509202454 0.6684210526315789 0.005828220858895706 0.08421052631578947
0 0.5883435582822086 0.27280701754385966 0.003067484662576687 0.05087719298245614
0 0.525 0.16578947368421051 0.0027607361963190185 0.04035087719298246
0 0.4153374233128834 0.5491228070175439 0.0049079754601227 0.07719298245614035
0 0.5007668711656442 0.3447368421052632 0.003374233128834356 0.05789473684210526
0 0.529601226993865 0.25263157894736843 0.0027607361963190185 0.04912280701754386
0 0.4950920245398773 0.2736842105263158 0.003067484662576687 0.042105263157894736
0 0.45475460122699385 0.16578947368421051 0.003374233128834356 0.04736842105263158
0 0.423159509202454 0.5035087719298246 0.005214723926380368 0.08421052631578947