0 0.24171779141104294 0.3684210526315789 0.00245398773006135 0.05263157894736842
0 0.35567484662576687 0.624561403508772 0.005214723926380368 0.07719298245614035
0 0.38788343558282207 0.5114035087719299 0.004601226993865031 0.07192982456140351
0 0.3398773006134969 0.46228070175438596 0.004294478527607362 0.06842105263157895
0 0.38006134969325156 0.33596491228070174 0.003067484662576687 0.06140350877192982
0 0.43757668711656444 0.42894736842105263 0.003987730061349694 0.06491228070175438
0 0.4443251533742331 0.6535087719298246 0.004601226993865031 0.07192982456140351
0 0.470398773006135 0.6482456140350877 0.005828220858895706 0.0824561403508772
0 0.49355828220858894 0.5175438596491229 0.004294478527607362 0.06666666666666667
0 0.5226993865030675 0.35964912280701755 0.0036809815950920245 0.0456140350877193
0 0.4495398773006135 0.24736842105263157 0.0027607361963190185 0.0456140350877193
0 0.4237730061349693 0.47192982456140353 0.003987730061349694 0.07368421052631578
0 0.7199386503067484 0.35526315789473684 0.0036809815950920245 0.05789473684210526
0 0.5519938650306748 0.5631578947368421 0.005214723926380368 0.07719298245614035
0 0.4507668711656442 0.6526315789473685 0.005214723926380368 0.07719298245614035
0 0.5613496932515337 0.36666666666666664 0.0036809815950920245 0.05964912280701754
0 0.499079754601227 0.20964912280701756 0.00245398773006135 0.043859649122807015
0 0.36763803680981594 0.6596491228070176 0.005828220858895706 0.08771929824561403
0 0.4616564417177914 0.6429824561403509 0.004294478527607362 0.07192982456140351
0 0.4151840490797546 0.5464912280701755 0.004601226993865031 0.06491228070175438
0 0.4653374233128834 0.4570175438596491 0.004294478527607362 0.06842105263157895
0 0.3964723926380368 0.29035087719298247 0.0027607361963190185 0.05087719298245614
0 0.3220858895705521 0.6026315789473684 0.004294478527607362 0.07543859649122807