0 0.3202453987730061 0.2956140350877193 0.003067484662576687 0.04736842105263158
0 0.49524539877300616 0.41228070175438597 0.003374233128834356 0.042105263157894736
0 0.46365030674846625 0.26842105263157895 0.0027607361963190185 0.04912280701754386
0 0.4628834355828221 0.16578947368421051 0.003067484662576687 0.03684210526315789
0 0.5302147239263804 0.15350877192982457 0.002147239263803681 0.03684210526315789
0 0.5547546012269938 0.26403508771929823 0.0027607361963190185 0.04035087719298246
0 0.5121165644171779 0.1824561403508772 0.002147239263803681 0.028070175438596492
0 0.6058282208588958 0.3701754385964912 0.0036809815950920245 0.05964912280701754
0 0.5842024539877301 0.2517543859649123 0.0027607361963190185 0.043859649122807015
0 0.5294478527607362 0.27280701754385966 0.003067484662576687 0.05087719298245614
0 0.5590490797546013 0.16403508771929826 0.0027607361963190185 0.03684210526315789
0 0.5391104294478528 0.23596491228070177 0.003374233128834356 0.054385964912280704
0 0.7214723926380369 0.30526315789473685 0.003067484662576687 0.05263157894736842
0 0.602760736196319 0.26666666666666666 0.003067484662576687 0.04912280701754386
0 0.6246932515337423 0.3368421052631579 0.003374233128834356 0.056140350877192984
0 0.6007668711656442 0.22280701754385965 0.003374233128834356 0.04912280701754386
0 0.5805214723926381 0.17719298245614035 0.0027607361963190185 0.03859649122807018
0 0.5453987730061349 0.3780701754385965 0.0036809815950920245 0.06140350877192982
0 0.5647239263803681 0.2710526315789474 0.003067484662576687 0.05087719298245614
0 0.5226993865030675 0.20789473684210527 0.00245398773006135 0.043859649122807015
0 0.5723926380368098 0.21228070175438596 0.003067484662576687 0.0456140350877193
0 0.5412576687116565 0.16842105263157894 0.002147239263803681 0.042105263157894736
0 0.4812883435582822 0.2131578947368421 0.003067484662576687 0.05087719298245614