0 0.19877300613496932 0.3815789473684211 0.0036809815950920245 0.06140350877192982
0 0.16932515337423312 0.5324561403508772 0.0049079754601227 0.06140350877192982
0 0.32929447852760735 0.5008771929824561 0.004601226993865031 0.07192982456140351
0 0.249079754601227 0.4149122807017544 0.004294478527607362 0.05789473684210526
0 0.328680981595092 0.3105263157894737 0.003374233128834356 0.04912280701754386
0 0.3937116564417178 0.37456140350877193 0.003374233128834356 0.06140350877192982
0 0.4196319018404908 0.5649122807017544 0.0049079754601227 0.06666666666666667
0 0.44355828220858895 0.6114035087719298 0.005521472392638037 0.07543859649122807
0 0.5069018404907976 0.5105263157894737 0.004601226993865031 0.07368421052631578
0 0.49095092024539877 0.38859649122807016 0.003987730061349694 0.06140350877192982
0 0.4615030674846626 0.24649122807017543 0.0027607361963190185 0.04736842105263158
0 0.4012269938650307 0.4394736842105263 0.0049079754601227 0.0824561403508772
0 0.6797546012269938 0.35 0.0036809815950920245 0.05789473684210526
0 0.5558282208588957 0.5359649122807018 0.0049079754601227 0.07543859649122807
0 0.46748466257668714 0.6894736842105263 0.006134969325153374 0.0912280701754386
0 0.5487730061349694 0.35350877192982455 0.0036809815950920245 0.05789473684210526
0 0.49739263803680983 0.25 0.0027607361963190185 0.04736842105263158
0 0.31257668711656444 0.6850877192982456 0.006134969325153374 0.08947368421052632
0 0.47684049079754603 0.531578947368421 0.004601226993865031 0.08070175438596491
0 0.34846625766871164 0.5333333333333333 0.0049079754601227 0.07017543859649122
0 0.4326687116564417 0.4052631578947368 0.003987730061349694 0.06315789473684211
0 0.34003067484662575 0.2982456140350877 0.003374233128834356 0.056140350877192984
0 0.1619631901840491 0.5482456140350878 0.004294478527607362 0.06491228070175438