0 0.3131901840490798 0.3412280701754386 0.0036809815950920245 0.054385964912280704
0 0.7613496932515338 0.6394736842105263 0.005521472392638037 0.05789473684210526
0 0.48420245398773004 0.4219298245614035 0.003987730061349694 0.06491228070175438
0 0.49095092024539877 0.2578947368421053 0.0027607361963190185 0.0456140350877193
0 0.5411042944785276 0.18771929824561404 0.003067484662576687 0.042105263157894736
0 0.5225460122699387 0.40350877192982454 0.003987730061349694 0.06315789473684211
0 0.5961656441717792 0.26842105263157895 0.0027607361963190185 0.03859649122807018
0 0.5769938650306748 0.5263157894736842 0.0049079754601227 0.06666666666666667
0 0.6774539877300614 0.35789473684210527 0.003374233128834356 0.05263157894736842
0 0.566717791411043 0.36929824561403507 0.0027607361963190185 0.04736842105263158
0 0.6273006134969326 0.2236842105263158 0.00245398773006135 0.03684210526315789
0 0.5677914110429448 0.2807017543859649 0.004294478527607362 0.04912280701754386
0 0.7794478527607362 0.3543859649122807 0.0036809815950920245 0.05263157894736842
0 0.6941717791411043 0.3991228070175439 0.004294478527607362 0.06491228070175438
0 0.6173312883435583 0.4885964912280702 0.004601226993865031 0.06842105263157895
0 0.6654907975460123 0.3263157894736842 0.006441717791411043 0.07719298245614035
0 0.6311349693251533 0.26052631578947366 0.003987730061349694 0.04035087719298246
0 0.720398773006135 0.5535087719298246 0.007668711656441718 0.07192982456140351
0 0.5696319018404908 0.39210526315789473 0.0036809815950920245 0.05789473684210526
0 0.5779141104294478 0.2929824561403509 0.003067484662576687 0.05263157894736842
0 0.6214723926380368 0.3368421052631579 0.003067484662576687 0.05263157894736842
0 0.5638036809815951 0.18771929824561404 0.003067484662576687 0.042105263157894736
0 0.5047546012269939 0.3175438596491228 0.003374233128834356 0.056140350877192984