0 0.21763803680981594 0.4026315789473684 0.003987730061349694 0.06140350877192982
0 0.2161042944785276 0.5780701754385965 0.005214723926380368 0.07192982456140351
0 0.2976993865030675 0.4956140350877193 0.004601226993865031 0.07192982456140351
0 0.3202453987730061 0.2964912280701754 0.003067484662576687 0.05263157894736842
0 0.40904907975460125 0.22631578947368422 0.0027607361963190185 0.0456140350877193
0 0.3934049079754601 0.3447368421052632 0.003374233128834356 0.05789473684210526
0 0.4297546012269939 0.5263157894736842 0.0049079754601227 0.07017543859649122
0 0.5180981595092025 0.5991228070175438 0.005521472392638037 0.07894736842105263
0 0.5081288343558282 0.4368421052631579 0.004601226993865031 0.07368421052631578
0 0.49846625766871167 0.3736842105263158 0.0036809815950920245 0.05964912280701754
0 0.49800613496932516 0.2394736842105263 0.0027607361963190185 0.04736842105263158
0 0.4587423312883436 0.3236842105263158 0.003374233128834356 0.054385964912280704
0 0.7050613496932515 0.34649122807017546 0.003374233128834356 0.05789473684210526
0 0.55920245398773 0.45526315789473687 0.004294478527607362 0.06842105263157895
0 0.5343558282208589 0.6157894736842106 0.005521472392638037 0.08070175438596491
0 0.5365030674846626 0.36666666666666664 0.0036809815950920245 0.05964912280701754
0 0.5174846625766871 0.26666666666666666 0.003067484662576687 0.04912280701754386
0 0.3782208588957055 0.6078947368421053 0.005521472392638037 0.0824561403508772
0 0.5035276073619632 0.4956140350877193 0.004601226993865031 0.07192982456140351
0 0.3918711656441718 0.5017543859649123 0.004601226993865031 0.06666666666666667
0 0.4619631901840491 0.362280701754386 0.0036809815950920245 0.05789473684210526
0 0.37898773006134967 0.27017543859649124 0.003374233128834356 0.056140350877192984
0 0.22300613496932514 0.5447368421052632 0.007361963190184049 0.0824561403508772