0 0.20214723926380368 0.41403508771929826 0.0049079754601227 0.06666666666666667
0 0.2411042944785276 0.7736842105263158 0.006748466257668712 0.09824561403508772
0 0.19800613496932515 0.6394736842105263 0.005828220858895706 0.08596491228070176
0 0.3220858895705521 0.44912280701754387 0.004294478527607362 0.06666666666666667
0 0.3558282208588957 0.35 0.0036809815950920245 0.05789473684210526
0 0.31441717791411045 0.6649122807017543 0.005521472392638037 0.08771929824561403
0 0.3717791411042945 0.5324561403508772 0.0049079754601227 0.07192982456140351
0 0.45475460122699385 0.6298245614035087 0.005214723926380368 0.07719298245614035
0 0.5328220858895706 0.7035087719298245 0.006134969325153374 0.08070175438596491
0 0.48819018404907977 0.40964912280701754 0.003987730061349694 0.054385964912280704
0 0.4934049079754601 0.3263157894736842 0.003374233128834356 0.056140350877192984
0 0.4242331288343558 0.4956140350877193 0.004294478527607362 0.07543859649122807
0 0.699079754601227 0.37280701754385964 0.0036809815950920245 0.054385964912280704
0 0.5276073619631901 0.6210526315789474 0.005521472392638037 0.08421052631578947
0 0.46886503067484664 0.6631578947368421 0.005214723926380368 0.08421052631578947
0 0.5303680981595092 0.4473684210526316 0.004294478527607362 0.06666666666666667
0 0.5024539877300613 0.32719298245614037 0.003067484662576687 0.05087719298245614
0 0.35076687116564415 0.7263157894736842 0.006441717791411043 0.09473684210526316
0 0.34202453987730064 0.6596491228070176 0.0049079754601227 0.08771929824561403
0 0.344478527607362 0.4728070175438597 0.004294478527607362 0.06491228070175438
0 0.39263803680981596 0.55 0.0049079754601227 0.07543859649122807
0 0.36549079754601227 0.35789473684210527 0.0027607361963190185 0.056140350877192984
0 0.24631901840490797 0.6070175438596491 0.006748466257668712 0.08070175438596491