0 0.26978527607361963 0.33771929824561403 0.003374233128834356 0.06140350877192982
0 0.4610429447852761 0.4517543859649123 0.004294478527607362 0.06491228070175438
0 0.46932515337423314 0.3649122807017544 0.0036809815950920245 0.05964912280701754
0 0.47730061349693254 0.3017543859649123 0.003067484662576687 0.05263157894736842
0 0.48052147239263804 0.21666666666666667 0.003374233128834356 0.05087719298245614
0 0.5062883435582822 0.38596491228070173 0.004601226993865031 0.07017543859649122
0 0.5095092024539877 0.2771929824561403 0.003067484662576687 0.04912280701754386
0 0.5228527607361964 0.5131578947368421 0.004601226993865031 0.06842105263157895
0 0.6317484662576687 0.33157894736842103 0.003374233128834356 0.042105263157894736
0 0.5900306748466257 0.2649122807017544 0.003374233128834356 0.05263157894736842
0 0.5346625766871166 0.20877192982456141 0.00245398773006135 0.03859649122807018
0 0.49524539877300616 0.4166666666666667 0.003374233128834356 0.07543859649122807
0 0.7122699386503067 0.31491228070175437 0.003067484662576687 0.054385964912280704
0 0.6326687116564417 0.3701754385964912 0.003987730061349694 0.05964912280701754
0 0.5711656441717792 0.706140350877193 0.006134969325153374 0.08947368421052632
0 0.6121165644171779 0.23333333333333334 0.0027607361963190185 0.0456140350877193
0 0.521319018404908 0.1631578947368421 0.0027607361963190185 0.03859649122807018
0 0.44355828220858895 0.531578947368421 0.0049079754601227 0.07368421052631578
0 0.5110429447852761 0.45087719298245615 0.004294478527607362 0.06666666666666667
0 0.49785276073619633 0.27017543859649124 0.003067484662576687 0.04912280701754386
0 0.5013803680981596 0.32719298245614037 0.003374233128834356 0.05087719298245614
0 0.47346625766871164 0.18947368421052632 0.0027607361963190185 0.0456140350877193
0 0.45720858895705524 0.3254385964912281 0.003987730061349694 0.05789473684210526