0 0.3394171779141104 0.28157894736842104 0.003987730061349694 0.06491228070175438
0 0.49555214723926383 0.41578947368421054 0.003987730061349694 0.03859649122807018
0 0.4553680981595092 0.23421052631578948 0.0027607361963190185 0.04736842105263158
0 0.47776073619631904 0.19649122807017544 0.003374233128834356 0.0456140350877193
0 0.558282208588957 0.1649122807017544 0.003067484662576687 0.03508771929824561
0 0.5762269938650306 0.22982456140350876 0.0027607361963190185 0.0456140350877193
0 0.5297546012269939 0.20614035087719298 0.00245398773006135 0.03684210526315789
0 0.6069018404907975 0.4 0.003987730061349694 0.06315789473684211
0 0.5996932515337423 0.2631578947368421 0.003067484662576687 0.06666666666666667
0 0.5432515337423313 0.27017543859649124 0.003067484662576687 0.04912280701754386
0 0.5552147239263804 0.1780701754385965 0.00245398773006135 0.03684210526315789
0 0.5507668711656442 0.2412280701754386 0.003374233128834356 0.054385964912280704
0 0.7177914110429447 0.30350877192982456 0.003067484662576687 0.05263157894736842
0 0.6340490797546012 0.27456140350877195 0.004294478527607362 0.05087719298245614
0 0.6269938650306749 0.3605263157894737 0.0036809815950920245 0.05789473684210526
0 0.6102760736196319 0.23157894736842105 0.003987730061349694 0.04912280701754386
0 0.6061349693251534 0.21052631578947367 0.0036809815950920245 0.04912280701754386
0 0.5507668711656442 0.40350877192982454 0.003987730061349694 0.06315789473684211
0 0.5659509202453987 0.27456140350877195 0.003067484662576687 0.05087719298245614
0 0.5329754601226994 0.25263157894736843 0.0027607361963190185 0.04912280701754386
0 0.5599693251533743 0.21052631578947367 0.0027607361963190185 0.042105263157894736
0 0.502760736196319 0.16403508771929826 0.0036809815950920245 0.043859649122807015
0 0.4825153374233129 0.21578947368421053 0.003067484662576687 0.04912280701754386