0 0.23650306748466257 0.3736842105263158 0.00245398773006135 0.056140350877192984
0 0.3334355828220859 0.5684210526315789 0.0049079754601227 0.056140350877192984
0 0.36855828220858894 0.4807017543859649 0.004601226993865031 0.07017543859649122
0 0.30874233128834355 0.48596491228070177 0.004601226993865031 0.07017543859649122
0 0.36349693251533743 0.32894736842105265 0.0049079754601227 0.05789473684210526
0 0.4354294478527607 0.4087719298245614 0.003987730061349694 0.06315789473684211
0 0.42254601226993865 0.618421052631579 0.004601226993865031 0.07543859649122807
0 0.48113496932515337 0.6026315789473684 0.004601226993865031 0.0824561403508772
0 0.475920245398773 0.5114035087719299 0.004601226993865031 0.06491228070175438
0 0.5211656441717791 0.3701754385964912 0.0036809815950920245 0.05964912280701754
0 0.44401840490797545 0.23859649122807017 0.0027607361963190185 0.0456140350877193
0 0.4133435582822086 0.4903508771929825 0.003987730061349694 0.07543859649122807
0 0.7141104294478527 0.35526315789473684 0.0036809815950920245 0.05789473684210526
0 0.5358895705521473 0.5324561403508772 0.0049079754601227 0.07543859649122807
0 0.4322085889570552 0.637719298245614 0.004294478527607362 0.0824561403508772
0 0.5650306748466257 0.35175438596491226 0.0036809815950920245 0.05789473684210526
0 0.4855828220858896 0.2 0.00245398773006135 0.042105263157894736
0 0.3661042944785276 0.6210526315789474 0.005214723926380368 0.08421052631578947
0 0.46932515337423314 0.6157894736842106 0.005521472392638037 0.08421052631578947
0 0.40383435582822086 0.5078947368421053 0.004601226993865031 0.07192982456140351
0 0.4668711656441718 0.443859649122807 0.004294478527607362 0.06666666666666667
0 0.3901840490797546 0.2824561403508772 0.003067484662576687 0.05263157894736842
0 0.30122699386503066 0.5833333333333334 0.004294478527607362 0.07543859649122807