0 0.29432515337423315 0.356140350877193 0.002147239263803681 0.04912280701754386
0 0.5128834355828221 0.6052631578947368 0.005521472392638037 0.07368421052631578
0 0.5391104294478528 0.47368421052631576 0.004601226993865031 0.07017543859649122
0 0.4878834355828221 0.35 0.0027607361963190185 0.06140350877192982
0 0.5001533742331289 0.22631578947368422 0.0027607361963190185 0.0456140350877193
0 0.6691717791411043 0.41578947368421054 0.003987730061349694 0.04912280701754386
0 0.560122699386503 0.37719298245614036 0.0036809815950920245 0.05964912280701754
0 0.6803680981595092 0.5614035087719298 0.0049079754601227 0.056140350877192984
0 0.7849693251533743 0.5368421052631579 0.0049079754601227 0.07017543859649122
0 0.7682515337423312 0.40789473684210525 0.003987730061349694 0.05789473684210526
0 0.5835889570552147 0.24385964912280703 0.0027607361963190185 0.0456140350877193
0 0.570398773006135 0.4105263157894737 0.003374233128834356 0.06666666666666667
0 0.7963190184049079 0.39649122807017545 0.0036809815950920245 0.042105263157894736
0 0.8016871165644172 0.5824561403508772 0.005214723926380368 0.08070175438596491
0 0.7395705521472392 0.7192982456140351 0.006134969325153374 0.07368421052631578
0 0.6596625766871166 0.20964912280701756 0.0027607361963190185 0.03684210526315789
0 0.5524539877300614 0.17894736842105263 0.003067484662576687 0.03859649122807018
0 0.5303680981595092 0.6429824561403509 0.005521472392638037 0.07543859649122807
0 0.6381901840490798 0.4868421052631579 0.004601226993865031 0.06140350877192982
0 0.5463190184049079 0.46842105263157896 0.004294478527607362 0.06666666666666667
0 0.6791411042944785 0.36666666666666664 0.003067484662576687 0.05263157894736842
0 0.5069018404907976 0.22982456140350876 0.0027607361963190185 0.0456140350877193
0 0.49447852760736194 0.37456140350877193 0.0036809815950920245 0.054385964912280704