0 0.3047546012269939 0.306140350877193 0.003374233128834356 0.054385964912280704
0 0.5312883435582823 0.6219298245614036 0.005521472392638037 0.0824561403508772
0 0.47960122699386504 0.3929824561403509 0.003987730061349694 0.056140350877192984
0 0.48573619631901843 0.22982456140350876 0.0027607361963190185 0.0456140350877193
0 0.5593558282208589 0.17105263157894737 0.0027607361963190185 0.04035087719298246
0 0.5154907975460122 0.22105263157894736 0.0027607361963190185 0.0456140350877193
0 0.5216257668711657 0.3254385964912281 0.003374233128834356 0.05087719298245614
0 0.661963190184049 0.48596491228070177 0.004294478527607362 0.06666666666666667
0 0.6297546012269939 0.2719298245614035 0.003067484662576687 0.04912280701754386
0 0.6042944785276073 0.29210526315789476 0.005521472392638037 0.05789473684210526
0 0.5404907975460123 0.21666666666666667 0.00245398773006135 0.04035087719298246
0 0.5616564417177914 0.2412280701754386 0.003067484662576687 0.04736842105263158
0 0.7446319018404908 0.31666666666666665 0.003374233128834356 0.054385964912280704
0 0.6426380368098159 0.34649122807017546 0.0036809815950920245 0.05789473684210526
0 0.661042944785276 0.43859649122807015 0.0049079754601227 0.07017543859649122
0 0.6343558282208589 0.2736842105263158 0.0036809815950920245 0.05964912280701754
0 0.5802147239263804 0.18947368421052632 0.003374233128834356 0.0456140350877193
0 0.6001533742331289 0.4921052631578947 0.004601226993865031 0.07192982456140351
0 0.5989263803680982 0.3350877192982456 0.003374233128834356 0.056140350877192984
0 0.5625766871165644 0.27017543859649124 0.003067484662576687 0.04912280701754386
0 0.5855828220858895 0.25526315789473686 0.0036809815950920245 0.05087719298245614
0 0.5550613496932515 0.20175438596491227 0.003987730061349694 0.0456140350877193
0 0.5179447852760736 0.36929824561403507 0.003987730061349694 0.05789473684210526