0 0.26579754601226996 0.35175438596491226 0.003987730061349694 0.054385964912280704
0 0.44125766871165645 0.5745614035087719 0.003987730061349694 0.06491228070175438
0 0.4569018404907976 0.42894736842105263 0.003987730061349694 0.06140350877192982
0 0.45904907975460124 0.31140350877192985 0.003374233128834356 0.054385964912280704
0 0.4705521472392638 0.22631578947368422 0.00245398773006135 0.031578947368421054
0 0.48895705521472393 0.39473684210526316 0.0036809815950920245 0.05964912280701754
0 0.501840490797546 0.2912280701754386 0.003067484662576687 0.03859649122807018
0 0.5141104294478528 0.5526315789473685 0.0049079754601227 0.05964912280701754
0 0.5651840490797546 0.41754385964912283 0.003987730061349694 0.04912280701754386
0 0.5434049079754601 0.3263157894736842 0.003374233128834356 0.056140350877192984
0 0.5164110429447852 0.22280701754385965 0.0027607361963190185 0.0456140350877193
0 0.47883435582822087 0.437719298245614 0.004294478527607362 0.06491228070175438
0 0.7271472392638036 0.3412280701754386 0.003374233128834356 0.054385964912280704
0 0.6223926380368098 0.4421052631578947 0.004294478527607362 0.06666666666666667
0 0.5888036809815951 0.7412280701754386 0.006441717791411043 0.08947368421052632
0 0.6030674846625766 0.27807017543859647 0.003067484662576687 0.05087719298245614
0 0.5144171779141105 0.1675438596491228 0.003067484662576687 0.05087719298245614
0 0.44033742331288345 0.6947368421052632 0.005828220858895706 0.0912280701754386
0 0.5434049079754601 0.3605263157894737 0.004601226993865031 0.06140350877192982
0 0.49708588957055216 0.2517543859649123 0.0027607361963190185 0.043859649122807015
0 0.475920245398773 0.3131578947368421 0.003374233128834356 0.054385964912280704
0 0.46886503067484664 0.1763157894736842 0.0027607361963190185 0.04035087719298246
0 0.4470858895705521 0.41403508771929826 0.003987730061349694 0.07017543859649122