0 0.30782208588957055 0.31842105263157894 0.003374233128834356 0.05087719298245614
0 0.5613496932515337 0.5561403508771929 0.005521472392638037 0.07719298245614035
0 0.4812883435582822 0.3587719298245614 0.0036809815950920245 0.05789473684210526
0 0.4822085889570552 0.2868421052631579 0.00245398773006135 0.043859649122807015
0 0.5147239263803681 0.19473684210526315 0.00245398773006135 0.042105263157894736
0 0.5480061349693252 0.3368421052631579 0.003374233128834356 0.056140350877192984
0 0.5993865030674846 0.27280701754385966 0.003067484662576687 0.05087719298245614
0 0.49141104294478527 0.46578947368421053 0.004294478527607362 0.06140350877192982
0 0.7004601226993865 0.33596491228070174 0.003374233128834356 0.05087719298245614
0 0.6092024539877301 0.35350877192982455 0.0036809815950920245 0.05789473684210526
0 0.6391104294478528 0.23771929824561402 0.0027607361963190185 0.043859649122807015
0 0.5622699386503067 0.42719298245614035 0.004294478527607362 0.06842105263157895
0 0.720398773006135 0.312280701754386 0.003987730061349694 0.056140350877192984
0 0.7365030674846625 0.45526315789473687 0.004294478527607362 0.06842105263157895
0 0.6521472392638037 0.6157894736842106 0.005521472392638037 0.08421052631578947
0 0.6590490797546013 0.22017543859649122 0.0027607361963190185 0.04035087719298246
0 0.626840490797546 0.24210526315789474 0.003374233128834356 0.0456140350877193
0 0.5441717791411043 0.631578947368421 0.005521472392638037 0.08421052631578947
0 0.5918711656441717 0.39210526315789473 0.003987730061349694 0.06140350877192982
0 0.5358895705521473 0.27807017543859647 0.003067484662576687 0.05087719298245614
0 0.6308282208588957 0.29035087719298247 0.003374233128834356 0.04736842105263158
0 0.5225460122699387 0.19035087719298247 0.003374233128834356 0.04035087719298246
0 0.48006134969325154 0.3192982456140351 0.003067484662576687 0.06315789473684211