0 0.30214723926380366 0.38421052631578945 0.004294478527607362 0.06666666666666667
0 0.5668711656441717 0.7035087719298245 0.006134969325153374 0.08771929824561403
0 0.49647239263803683 0.5824561403508772 0.005214723926380368 0.08070175438596491
0 0.49616564417177916 0.42894736842105263 0.003987730061349694 0.06491228070175438
0 0.5093558282208589 0.26052631578947366 0.0027607361963190185 0.043859649122807015
0 0.5914110429447853 0.5543859649122806 0.0049079754601227 0.07719298245614035
0 0.598159509202454 0.46228070175438596 0.004294478527607362 0.06491228070175438
0 0.7621165644171779 0.5859649122807018 0.005214723926380368 0.056140350877192984
0 0.6861963190184049 0.5421052631578948 0.0049079754601227 0.06315789473684211
0 0.7073619631901841 0.5543859649122806 0.0049079754601227 0.07719298245614035
0 0.6187116564417178 0.3078947368421053 0.003067484662576687 0.054385964912280704
0 0.5892638036809816 0.42719298245614035 0.0036809815950920245 0.06140350877192982
0 0.7720858895705521 0.36140350877192984 0.0036809815950920245 0.05964912280701754
0 0.8150306748466257 0.6236842105263158 0.006134969325153374 0.0824561403508772
0 0.7697852760736197 0.724561403508772 0.006441717791411043 0.09473684210526316
0 0.7173312883435583 0.4 0.003987730061349694 0.06315789473684211
0 0.6460122699386504 0.2631578947368421 0.003067484662576687 0.04912280701754386
0 0.5851226993865031 0.7429824561403509 0.006441717791411043 0.09649122807017543
0 0.6946319018404908 0.5421052631578948 0.005214723926380368 0.07368421052631578
0 0.563036809815951 0.4850877192982456 0.004601226993865031 0.06842105263157895
0 0.6846625766871166 0.47017543859649125 0.004294478527607362 0.06666666666666667
0 0.5329754601226994 0.2324561403508772 0.004601226993865031 0.05087719298245614
0 0.5087423312883436 0.5859649122807018 0.005214723926380368 0.08070175438596491