0 0.26180981595092023 0.3350877192982456 0.003987730061349694 0.05964912280701754
0 0.48113496932515337 0.7517543859649123 0.006441717791411043 0.0824561403508772
0 0.4102760736196319 0.41403508771929826 0.003987730061349694 0.056140350877192984
0 0.4242331288343558 0.2868421052631579 0.003067484662576687 0.05087719298245614
0 0.44785276073619634 0.19824561403508772 0.00245398773006135 0.031578947368421054
0 0.4423312883435583 0.35789473684210527 0.0036809815950920245 0.04912280701754386
0 0.45291411042944785 0.3219298245614035 0.003374233128834356 0.054385964912280704
0 0.5047546012269939 0.5070175438596491 0.004601226993865031 0.06666666666666667
0 0.5013803680981596 0.3456140350877193 0.003374233128834356 0.0456140350877193
0 0.5006134969325153 0.2710526315789474 0.003067484662576687 0.04736842105263158
0 0.500920245398773 0.19473684210526315 0.00245398773006135 0.042105263157894736
0 0.47929447852760737 0.2482456140350877 0.0027607361963190185 0.03333333333333333
0 0.7464723926380368 0.3368421052631579 0.003374233128834356 0.056140350877192984
0 0.6306748466257669 0.3719298245614035 0.0036809815950920245 0.05964912280701754
0 0.6127300613496932 0.49912280701754386 0.004601226993865031 0.07192982456140351
0 0.6033742331288343 0.2929824561403509 0.003067484662576687 0.05263157894736842
0 0.5892638036809816 0.2657894736842105 0.003067484662576687 0.04736842105263158
0 0.5588957055214724 0.537719298245614 0.0049079754601227 0.07543859649122807
0 0.5650306748466257 0.38333333333333336 0.0036809815950920245 0.06140350877192982
0 0.5303680981595092 0.37719298245614036 0.0036809815950920245 0.05263157894736842
0 0.5365030674846626 0.3026315789473684 0.003067484662576687 0.04736842105263158
0 0.5440184049079755 0.22631578947368422 0.0027607361963190185 0.0456140350877193
0 0.4817484662576687 0.40614035087719297 0.003987730061349694 0.054385964912280704