0 0.25736196319018406 0.3412280701754386 0.003067484662576687 0.054385964912280704
0 0.40690184049079753 0.5043859649122807 0.004601226993865031 0.06491228070175438
0 0.42576687116564416 0.3798245614035088 0.0036809815950920245 0.06140350877192982
0 0.426840490797546 0.30526315789473685 0.003374233128834356 0.05964912280701754
0 0.44171779141104295 0.20175438596491227 0.00245398773006135 0.031578947368421054
0 0.4848159509202454 0.4307017543859649 0.003987730061349694 0.06491228070175438
0 0.4785276073619632 0.2824561403508772 0.003067484662576687 0.03859649122807018
0 0.48711656441717793 0.5140350877192983 0.0036809815950920245 0.07368421052631578
0 0.5153374233128835 0.3719298245614035 0.0036809815950920245 0.056140350877192984
0 0.5311349693251534 0.2631578947368421 0.0027607361963190185 0.04912280701754386
0 0.4835889570552147 0.22807017543859648 0.0027607361963190185 0.042105263157894736
0 0.47346625766871164 0.44035087719298244 0.003987730061349694 0.06666666666666667
0 0.7023006134969325 0.3280701754385965 0.003374233128834356 0.056140350877192984
0 0.588036809815951 0.4307017543859649 0.004294478527607362 0.06491228070175438
0 0.5513803680981595 0.7385964912280701 0.006441717791411043 0.09473684210526316
0 0.5756134969325153 0.2631578947368421 0.0027607361963190185 0.04912280701754386
0 0.5128834355828221 0.17017543859649123 0.00245398773006135 0.03508771929824561
0 0.4032208588957055 0.5973684210526315 0.004601226993865031 0.0824561403508772
0 0.49447852760736194 0.45526315789473687 0.004294478527607362 0.06842105263157895
0 0.4967791411042945 0.256140350877193 0.0027607361963190185 0.0456140350877193
0 0.48726993865030677 0.3280701754385965 0.003374233128834356 0.03859649122807018
0 0.4457055214723926 0.18421052631578946 0.00245398773006135 0.042105263157894736
0 0.4294478527607362 0.31140350877192985 0.003067484662576687 0.05087719298245614