0 0.27085889570552146 0.3684210526315789 0.0049079754601227 0.07368421052631578
0 0.41886503067484665 0.5921052631578947 0.003374233128834356 0.07192982456140351
0 0.4283742331288344 0.48333333333333334 0.004601226993865031 0.06140350877192982
0 0.4289877300613497 0.4052631578947368 0.003374233128834356 0.056140350877192984
0 0.4251533742331288 0.38596491228070173 0.0036809815950920245 0.07017543859649122
0 0.49693251533742333 0.44035087719298244 0.004294478527607362 0.06666666666666667
0 0.48052147239263804 0.5473684210526316 0.005828220858895706 0.06666666666666667
0 0.5236196319018405 0.6070175438596491 0.005521472392638037 0.07719298245614035
0 0.6107361963190184 0.531578947368421 0.0049079754601227 0.07017543859649122
0 0.5863496932515337 0.4017543859649123 0.003987730061349694 0.05263157894736842
0 0.5248466257668711 0.28421052631578947 0.003067484662576687 0.04912280701754386
0 0.4553680981595092 0.4043859649122807 0.0027607361963190185 0.054385964912280704
0 0.7266871165644172 0.3631578947368421 0.0036809815950920245 0.056140350877192984
0 0.5918711656441717 0.5026315789473684 0.004601226993865031 0.07192982456140351
0 0.508282208588957 0.6885964912280702 0.006134969325153374 0.08596491228070176
0 0.5835889570552147 0.31666666666666665 0.003374233128834356 0.054385964912280704
0 0.5246932515337424 0.2307017543859649 0.0027607361963190185 0.043859649122807015
0 0.404601226993865 0.7149122807017544 0.006134969325153374 0.09298245614035087
0 0.5338957055214724 0.4903508771929825 0.004601226993865031 0.07192982456140351
0 0.5122699386503068 0.5307017543859649 0.0049079754601227 0.07543859649122807
0 0.5392638036809816 0.38333333333333336 0.0036809815950920245 0.06140350877192982
0 0.4535276073619632 0.4342105263157895 0.004601226993865031 0.06842105263157895
0 0.4315950920245399 0.4342105263157895 0.0049079754601227 0.05789473684210526