0 0.25015337423312883 0.3570175438596491 0.0027607361963190185 0.06842105263157895
0 0.37714723926380367 0.5517543859649123 0.003987730061349694 0.06491228070175438
0 0.3924846625766871 0.46403508771929824 0.003987730061349694 0.07192982456140351
0 0.38880368098159507 0.38596491228070173 0.003374233128834356 0.05964912280701754
0 0.40828220858895703 0.29035087719298247 0.004294478527607362 0.054385964912280704
0 0.46042944785276074 0.37719298245614036 0.0036809815950920245 0.05964912280701754
0 0.43006134969325155 0.49912280701754386 0.0036809815950920245 0.06842105263157895
0 0.4251533742331288 0.6105263157894737 0.005521472392638037 0.07719298245614035
0 0.48512269938650304 0.4956140350877193 0.004601226993865031 0.07192982456140351
0 0.5245398773006135 0.3719298245614035 0.0036809815950920245 0.05964912280701754
0 0.4476993865030675 0.23596491228070177 0.0027607361963190185 0.043859649122807015
0 0.4087423312883436 0.5657894736842105 0.004601226993865031 0.08947368421052632
0 0.7184049079754601 0.3482456140350877 0.0036809815950920245 0.05789473684210526
0 0.5257668711656441 0.5289473684210526 0.0049079754601227 0.0824561403508772
0 0.420398773006135 0.7649122807017544 0.006441717791411043 0.09824561403508772
0 0.6075153374233129 0.30964912280701756 0.003374233128834356 0.054385964912280704
0 0.4728527607361963 0.18157894736842106 0.002147239263803681 0.03333333333333333
0 0.3562883435582822 0.7280701754385965 0.006441717791411043 0.09473684210526316
0 0.44739263803680984 0.5605263157894737 0.004601226993865031 0.07543859649122807
0 0.4092024539877301 0.4614035087719298 0.004294478527607362 0.06666666666666667
0 0.48711656441717793 0.393859649122807 0.0036809815950920245 0.06140350877192982
0 0.4242331288343558 0.26666666666666666 0.003067484662576687 0.05263157894736842
0 0.39033742331288346 0.41228070175438597 0.003987730061349694 0.05964912280701754