0 0.2415644171779141 0.36666666666666664 0.003374233128834356 0.04912280701754386
0 0.42714723926380366 0.7315789473684211 0.005214723926380368 0.07719298245614035
0 0.3894171779141104 0.606140350877193 0.004601226993865031 0.07543859649122807
0 0.4093558282208589 0.4 0.003987730061349694 0.06315789473684211
0 0.4245398773006135 0.2964912280701754 0.003067484662576687 0.05263157894736842
0 0.4461656441717791 0.6491228070175439 0.005828220858895706 0.07017543859649122
0 0.44447852760736195 0.44035087719298244 0.004294478527607362 0.06666666666666667
0 0.49309815950920244 0.7 0.006441717791411043 0.0912280701754386
0 0.5789877300613497 0.39824561403508774 0.0027607361963190185 0.0456140350877193
0 0.5041411042944786 0.4236842105263158 0.003987730061349694 0.06491228070175438
0 0.536042944785276 0.2324561403508772 0.0027607361963190185 0.04035087719298246
0 0.46134969325153374 0.47543859649122805 0.0049079754601227 0.06315789473684211
0 0.7170245398773006 0.3473684210526316 0.003374233128834356 0.056140350877192984
0 0.6006134969325153 0.5456140350877193 0.0049079754601227 0.07719298245614035
0 0.5262269938650307 0.7535087719298246 0.006441717791411043 0.09649122807017543
0 0.5785276073619632 0.3350877192982456 0.0049079754601227 0.05964912280701754
0 0.5559815950920245 0.256140350877193 0.0027607361963190185 0.04912280701754386
0 0.4308282208588957 0.7315789473684211 0.006441717791411043 0.09473684210526316
0 0.48957055214723927 0.6368421052631579 0.004294478527607362 0.07368421052631578
0 0.4464723926380368 0.4 0.004601226993865031 0.05263157894736842
0 0.5217791411042945 0.4236842105263158 0.004294478527607362 0.054385964912280704
0 0.44125766871165645 0.20175438596491227 0.003987730061349694 0.04912280701754386
0 0.39677914110429446 0.6166666666666667 0.004601226993865031 0.07543859649122807