0 0.25383435582822084 0.35789473684210527 0.0027607361963190185 0.06315789473684211
0 0.4003067484662577 0.5929824561403508 0.004294478527607362 0.07368421052631578
0 0.4138036809815951 0.4692982456140351 0.004294478527607362 0.06491228070175438
0 0.41088957055214725 0.4131578947368421 0.003987730061349694 0.06140350877192982
0 0.43098159509202455 0.3254385964912281 0.003067484662576687 0.06140350877192982
0 0.4845092024539877 0.4 0.003987730061349694 0.06315789473684211
0 0.4708588957055215 0.525438596491228 0.004294478527607362 0.07192982456140351
0 0.4579754601226994 0.6096491228070176 0.005521472392638037 0.07543859649122807
0 0.5561349693251534 0.5157894736842106 0.0049079754601227 0.07368421052631578
0 0.533282208588957 0.39824561403508774 0.003987730061349694 0.06315789473684211
0 0.4638036809815951 0.27017543859649124 0.003067484662576687 0.0456140350877193
0 0.43803680981595094 0.4307017543859649 0.00245398773006135 0.06842105263157895
0 0.7070552147239264 0.3508771929824561 0.0036809815950920245 0.056140350877192984
0 0.5691717791411043 0.5280701754385965 0.004601226993865031 0.07368421052631578
0 0.4634969325153374 0.6815789473684211 0.006134969325153374 0.08947368421052632
0 0.5803680981595092 0.3 0.003067484662576687 0.05263157894736842
0 0.4808282208588957 0.21228070175438596 0.0027607361963190185 0.0456140350877193
0 0.378680981595092 0.7280701754385965 0.006441717791411043 0.09473684210526316
0 0.5226993865030675 0.5175438596491229 0.0049079754601227 0.06666666666666667
0 0.4822085889570552 0.5245614035087719 0.0049079754601227 0.06666666666666667
0 0.5165644171779141 0.37543859649122807 0.0036809815950920245 0.05964912280701754
0 0.44401840490797545 0.3385964912280702 0.003374233128834356 0.056140350877192984
0 0.4269938650306748 0.44912280701754387 0.004294478527607362 0.07017543859649122