0 0.25168711656441717 0.35350877192982455 0.004601226993865031 0.07192982456140351
0 0.39815950920245397 0.6850877192982456 0.006134969325153374 0.08947368421052632
0 0.3829754601226994 0.5798245614035088 0.005214723926380368 0.09298245614035087
0 0.41180981595092025 0.38859649122807016 0.003374233128834356 0.06140350877192982
0 0.4279141104294479 0.2850877192982456 0.003067484662576687 0.05087719298245614
0 0.448159509202454 0.5271929824561403 0.0049079754601227 0.07543859649122807
0 0.45812883435582824 0.4070175438596491 0.003987730061349694 0.05263157894736842
0 0.5013803680981596 0.6570175438596492 0.005828220858895706 0.08596491228070176
0 0.5708588957055215 0.443859649122807 0.004294478527607362 0.06666666666666667
0 0.5156441717791411 0.44912280701754387 0.004294478527607362 0.06666666666666667
0 0.49892638036809817 0.23684210526315788 0.0027607361963190185 0.0456140350877193
0 0.45 0.4964912280701754 0.004294478527607362 0.07719298245614035
0 0.7180981595092024 0.34210526315789475 0.003067484662576687 0.04912280701754386
0 0.595398773006135 0.5359649122807018 0.0049079754601227 0.07543859649122807
0 0.548159509202454 0.7096491228070175 0.006134969325153374 0.09298245614035087
0 0.5789877300613497 0.32456140350877194 0.005214723926380368 0.06315789473684211
0 0.5415644171779141 0.25263157894736843 0.0027607361963190185 0.04912280701754386
0 0.38788343558282207 0.7447368421052631 0.006441717791411043 0.09649122807017543
0 0.5050613496932516 0.4903508771929825 0.004601226993865031 0.06140350877192982
0 0.4682515337423313 0.3473684210526316 0.003987730061349694 0.05263157894736842
0 0.5463190184049079 0.4692982456140351 0.003067484662576687 0.06842105263157895
0 0.4464723926380368 0.18859649122807018 0.003987730061349694 0.05087719298245614
0 0.37837423312883434 0.6280701754385964 0.004601226993865031 0.08421052631578947