0 0.2794478527607362 0.3543859649122807 0.003067484662576687 0.05964912280701754
0 0.46503067484662575 0.5491228070175439 0.0049079754601227 0.05964912280701754
0 0.4789877300613497 0.4166666666666667 0.003374233128834356 0.05789473684210526
0 0.48634969325153377 0.3368421052631579 0.0027607361963190185 0.056140350877192984
0 0.49233128834355827 0.23771929824561402 0.0036809815950920245 0.04035087719298246
0 0.6473926380368098 0.4192982456140351 0.003987730061349694 0.06666666666666667
0 0.5449386503067485 0.34912280701754383 0.003374233128834356 0.05263157894736842
0 0.5814417177914111 0.5745614035087719 0.005214723926380368 0.07894736842105263
0 0.6891104294478527 0.493859649122807 0.004601226993865031 0.07192982456140351
0 0.6187116564417178 0.28596491228070176 0.003067484662576687 0.0456140350877193
0 0.5501533742331288 0.2482456140350877 0.0027607361963190185 0.043859649122807015
0 0.526840490797546 0.4263157894736842 0.004601226993865031 0.05964912280701754
0 0.7523006134969326 0.35175438596491226 0.003374233128834356 0.05789473684210526
0 0.7190184049079754 0.5359649122807018 0.0049079754601227 0.07543859649122807
0 0.5958588957055214 0.7517543859649123 0.006441717791411043 0.09649122807017543
0 0.6349693251533742 0.21140350877192982 0.00245398773006135 0.043859649122807015
0 0.535122699386503 0.1736842105263158 0.0027607361963190185 0.031578947368421054
0 0.46503067484662575 0.7017543859649122 0.006134969325153374 0.0912280701754386
0 0.6365030674846626 0.45526315789473687 0.004294478527607362 0.06842105263157895
0 0.5279141104294478 0.2982456140350877 0.003067484662576687 0.04912280701754386
0 0.6627300613496933 0.38859649122807016 0.003987730061349694 0.06140350877192982
0 0.49708588957055216 0.20350877192982456 0.0027607361963190185 0.042105263157894736
0 0.47868098159509204 0.38333333333333336 0.003374233128834356 0.054385964912280704