0 0.25966257668711656 0.33421052631578946 0.003374233128834356 0.05789473684210526
0 0.4088957055214724 0.47017543859649125 0.004294478527607362 0.07017543859649122
0 0.4200920245398773 0.35350877192982455 0.003374233128834356 0.054385964912280704
0 0.4219325153374233 0.2789473684210526 0.003374233128834356 0.05263157894736842
0 0.43558282208588955 0.19649122807017544 0.00245398773006135 0.042105263157894736
0 0.44969325153374234 0.35350877192982455 0.0036809815950920245 0.05789473684210526
0 0.46763803680981597 0.2596491228070175 0.0027607361963190185 0.042105263157894736
0 0.46763803680981597 0.48596491228070177 0.004601226993865031 0.07017543859649122
0 0.5059815950920246 0.34649122807017546 0.003374233128834356 0.054385964912280704
0 0.5087423312883436 0.2543859649122807 0.0027607361963190185 0.0456140350877193
0 0.49171779141104294 0.20087719298245615 0.00245398773006135 0.043859649122807015
0 0.47822085889570554 0.3815789473684211 0.0036809815950920245 0.06491228070175438
0 0.6983128834355828 0.30964912280701756 0.003374233128834356 0.054385964912280704
0 0.5986196319018405 0.42894736842105263 0.003987730061349694 0.06491228070175438
0 0.49125766871165644 0.6824561403508772 0.005828220858895706 0.08771929824561403
0 0.5513803680981595 0.23157894736842105 0.0027607361963190185 0.0456140350877193
0 0.5021472392638037 0.1631578947368421 0.00245398773006135 0.03508771929824561
0 0.38926380368098157 0.6114035087719298 0.005521472392638037 0.0824561403508772
0 0.4464723926380368 0.4070175438596491 0.003987730061349694 0.06315789473684211
0 0.49616564417177916 0.22894736842105262 0.0027607361963190185 0.043859649122807015
0 0.5274539877300614 0.3447368421052632 0.003374233128834356 0.05789473684210526
0 0.46273006134969324 0.16403508771929826 0.0027607361963190185 0.03684210526315789
0 0.43987730061349695 0.2885964912280702 0.004294478527607362 0.06491228070175438