0 0.3220858895705521 0.3201754385964912 0.003067484662576687 0.05789473684210526
0 0.5547546012269938 0.5903508771929824 0.005214723926380368 0.07894736842105263
0 0.5085889570552147 0.3684210526315789 0.0036809815950920245 0.05964912280701754
0 0.5047546012269939 0.2482456140350877 0.0027607361963190185 0.04736842105263158
0 0.6381901840490798 0.1912280701754386 0.0027607361963190185 0.03859649122807018
0 0.5401840490797546 0.21842105263157896 0.00245398773006135 0.03333333333333333
0 0.5588957055214724 0.306140350877193 0.003067484662576687 0.04035087719298246
0 0.7082822085889571 0.43508771929824563 0.004294478527607362 0.06315789473684211
0 0.6251533742331289 0.23771929824561402 0.003067484662576687 0.03684210526315789
0 0.6624233128834356 0.3140350877192982 0.003374233128834356 0.05263157894736842
0 0.6003067484662576 0.1956140350877193 0.003067484662576687 0.043859649122807015
0 0.595398773006135 0.23421052631578948 0.0036809815950920245 0.05087719298245614
0 0.7700920245398774 0.32894736842105265 0.003374233128834356 0.054385964912280704
0 0.6852760736196319 0.312280701754386 0.0036809815950920245 0.04912280701754386
0 0.7033742331288344 0.40087719298245617 0.0049079754601227 0.06491228070175438
0 0.6506134969325154 0.23333333333333334 0.0036809815950920245 0.05263157894736842
0 0.6358895705521472 0.2149122807017544 0.003067484662576687 0.03333333333333333
0 0.6473926380368098 0.5078947368421053 0.004601226993865031 0.07192982456140351
0 0.6457055214723927 0.3078947368421053 0.003067484662576687 0.03333333333333333
0 0.5716257668711656 0.2614035087719298 0.0027607361963190185 0.0456140350877193
0 0.6237730061349693 0.2596491228070175 0.003374233128834356 0.04912280701754386
0 0.6059815950920245 0.20877192982456141 0.0027607361963190185 0.04912280701754386
0 0.5363496932515337 0.35175438596491226 0.003987730061349694 0.05789473684210526