0 0.2553680981595092 0.3605263157894737 0.004601226993865031 0.05789473684210526
0 0.47883435582822087 0.7368421052631579 0.005521472392638037 0.09473684210526316
0 0.419478527607362 0.5043859649122807 0.004601226993865031 0.05087719298245614
0 0.4383435582822086 0.30350877192982456 0.003067484662576687 0.05263157894736842
0 0.4843558282208589 0.19298245614035087 0.00245398773006135 0.042105263157894736
0 0.4664110429447853 0.47368421052631576 0.003374233128834356 0.05964912280701754
0 0.5033742331288343 0.3017543859649123 0.003067484662576687 0.042105263157894736
0 0.5800613496932515 0.5421052631578948 0.006134969325153374 0.06666666666666667
0 0.6173312883435583 0.5929824561403508 0.005214723926380368 0.07017543859649122
0 0.5855828220858895 0.35526315789473684 0.0036809815950920245 0.05789473684210526
0 0.5644171779141104 0.21578947368421053 0.0036809815950920245 0.04912280701754386
0 0.5357361963190184 0.3254385964912281 0.003374233128834356 0.054385964912280704
0 0.7404907975460123 0.3570175438596491 0.0036809815950920245 0.05789473684210526
0 0.6291411042944786 0.543859649122807 0.0049079754601227 0.07719298245614035
0 0.5851226993865031 0.5956140350877193 0.005828220858895706 0.06140350877192982
0 0.6113496932515338 0.37543859649122807 0.0036809815950920245 0.05964912280701754
0 0.588957055214724 0.2754385964912281 0.003067484662576687 0.04912280701754386
0 0.5145705521472392 0.6631578947368421 0.005828220858895706 0.08771929824561403
0 0.5501533742331288 0.5175438596491229 0.004601226993865031 0.07368421052631578
0 0.48021472392638037 0.437719298245614 0.003987730061349694 0.05789473684210526
0 0.5604294478527607 0.3824561403508772 0.0036809815950920245 0.04912280701754386
0 0.5265337423312884 0.2482456140350877 0.003374233128834356 0.04736842105263158
0 0.4420245398773006 0.5210526315789473 0.0049079754601227 0.07368421052631578