0 0.2282208588957055 0.40087719298245617 0.003067484662576687 0.06491228070175438
0 0.2411042944785276 0.6026315789473684 0.005521472392638037 0.0824561403508772
0 0.28113496932515336 0.5087719298245614 0.004601226993865031 0.07368421052631578
0 0.3383435582822086 0.27631578947368424 0.003067484662576687 0.05087719298245614
0 0.42760736196319016 0.20964912280701756 0.00245398773006135 0.043859649122807015
0 0.39769938650306746 0.3350877192982456 0.003374233128834356 0.04912280701754386
0 0.43895705521472395 0.5140350877192983 0.004294478527607362 0.07017543859649122
0 0.5354294478527607 0.5807017543859649 0.005214723926380368 0.07368421052631578
0 0.5118098159509202 0.41403508771929826 0.003987730061349694 0.06315789473684211
0 0.5006134969325153 0.3587719298245614 0.0036809815950920245 0.05789473684210526
0 0.5007668711656442 0.22982456140350876 0.0027607361963190185 0.0456140350877193
0 0.47822085889570554 0.2982456140350877 0.0036809815950920245 0.05964912280701754
0 0.7131901840490797 0.35 0.0036809815950920245 0.05789473684210526
0 0.5656441717791411 0.4473684210526316 0.004294478527607362 0.06666666666666667
0 0.5495398773006135 0.5894736842105263 0.005214723926380368 0.08070175438596491
0 0.5380368098159509 0.36140350877192984 0.0036809815950920245 0.05964912280701754
0 0.5248466257668711 0.27280701754385966 0.003067484662576687 0.05087719298245614
0 0.39631901840490796 0.6078947368421053 0.005521472392638037 0.0824561403508772
0 0.5001533742331289 0.47192982456140353 0.004601226993865031 0.07017543859649122
0 0.4059815950920245 0.48947368421052634 0.003987730061349694 0.07017543859649122
0 0.47116564417177914 0.35175438596491226 0.0036809815950920245 0.05789473684210526
0 0.3906441717791411 0.2675438596491228 0.003374233128834356 0.054385964912280704
0 0.25644171779141106 0.5307017543859649 0.0049079754601227 0.07543859649122807