0 0.28588957055214725 0.3456140350877193 0.0036809815950920245 0.07368421052631578
0 0.47684049079754603 0.5298245614035088 0.004601226993865031 0.07017543859649122
0 0.4820552147239264 0.40964912280701754 0.003987730061349694 0.06842105263157895
0 0.49033742331288344 0.3236842105263158 0.003374233128834356 0.054385964912280704
0 0.4906441717791411 0.2324561403508772 0.0027607361963190185 0.043859649122807015
0 0.661963190184049 0.3508771929824561 0.0036809815950920245 0.05964912280701754
0 0.5495398773006135 0.32894736842105265 0.003374233128834356 0.054385964912280704
0 0.5769938650306748 0.5421052631578948 0.0049079754601227 0.07368421052631578
0 0.6737730061349694 0.4789473684210526 0.004601226993865031 0.07017543859649122
0 0.6251533742331289 0.27982456140350875 0.003067484662576687 0.05087719298245614
0 0.5562883435582822 0.23508771929824562 0.0027607361963190185 0.0456140350877193
0 0.527760736196319 0.41403508771929826 0.003987730061349694 0.06315789473684211
0 0.752760736196319 0.3482456140350877 0.0036809815950920245 0.05789473684210526
0 0.7147239263803681 0.5157894736842106 0.0049079754601227 0.07368421052631578
0 0.5930981595092024 0.7394736842105263 0.006441717791411043 0.09649122807017543
0 0.6365030674846626 0.19473684210526315 0.00245398773006135 0.042105263157894736
0 0.5345092024539877 0.17280701754385966 0.0027607361963190185 0.03333333333333333
0 0.4710122699386503 0.6947368421052632 0.005828220858895706 0.0912280701754386
0 0.6432515337423312 0.4456140350877193 0.004294478527607362 0.06315789473684211
0 0.5411042944785276 0.2912280701754386 0.003067484662576687 0.05263157894736842
0 0.6674846625766871 0.3570175438596491 0.0036809815950920245 0.05789473684210526
0 0.5004601226993866 0.20964912280701756 0.0027607361963190185 0.04736842105263158
0 0.47975460122699387 0.3736842105263158 0.004294478527607362 0.06315789473684211