0 0.21134969325153374 0.37456140350877193 0.0036809815950920245 0.06140350877192982
0 0.18343558282208589 0.7991228070175439 0.006134969325153374 0.09298245614035087
0 0.27315950920245397 0.5368421052631579 0.004601226993865031 0.06666666666666667
0 0.3460122699386503 0.39035087719298245 0.003067484662576687 0.05789473684210526
0 0.37883435582822084 0.30350877192982456 0.003067484662576687 0.05263157894736842
0 0.4602760736196319 0.5842105263157895 0.004601226993865031 0.07719298245614035
0 0.41840490797546015 0.4368421052631579 0.004294478527607362 0.07017543859649122
0 0.4700920245398773 0.631578947368421 0.004601226993865031 0.08070175438596491
0 0.6041411042944785 0.5771929824561404 0.005214723926380368 0.08070175438596491
0 0.5266871165644171 0.35350877192982455 0.0036809815950920245 0.05789473684210526
0 0.5085889570552147 0.26842105263157895 0.003067484662576687 0.0456140350877193
0 0.39800613496932513 0.48947368421052634 0.003987730061349694 0.07719298245614035
0 0.7125766871165644 0.3570175438596491 0.0036809815950920245 0.05789473684210526
0 0.5911042944785276 0.5763157894736842 0.005521472392638037 0.09649122807017543
0 0.48680981595092027 0.6859649122807018 0.006134969325153374 0.08771929824561403
0 0.5691717791411043 0.3350877192982456 0.003374233128834356 0.056140350877192984
0 0.5219325153374234 0.21228070175438596 0.003987730061349694 0.03859649122807018
0 0.18420245398773005 0.7842105263157895 0.00705521472392638 0.08421052631578947
0 0.495398773006135 0.5140350877192983 0.0049079754601227 0.07368421052631578
0 0.40782208588957053 0.3482456140350877 0.003374233128834356 0.04736842105263158
0 0.424079754601227 0.44473684210526315 0.003374233128834356 0.054385964912280704
0 0.372239263803681 0.2657894736842105 0.003374233128834356 0.04736842105263158
0 0.31196319018404906 0.5403508771929825 0.004294478527607362 0.06666666666666667