0 0.29049079754601226 0.356140350877193 0.00245398773006135 0.04912280701754386
0 0.4883435582822086 0.6026315789473684 0.0049079754601227 0.0824561403508772
0 0.5157975460122699 0.4324561403508772 0.003987730061349694 0.06140350877192982
0 0.48588957055214727 0.3307017543859649 0.003067484662576687 0.054385964912280704
0 0.49447852760736194 0.22807017543859648 0.00245398773006135 0.03859649122807018
0 0.6388036809815951 0.41228070175438597 0.003987730061349694 0.06315789473684211
0 0.5515337423312884 0.35526315789473684 0.0036809815950920245 0.05789473684210526
0 0.661042944785276 0.5719298245614035 0.0049079754601227 0.07719298245614035
0 0.7661042944785276 0.5175438596491229 0.004601226993865031 0.07017543859649122
0 0.7388036809815951 0.34649122807017546 0.003374233128834356 0.03684210526315789
0 0.5728527607361963 0.23684210526315788 0.0027607361963190185 0.0456140350877193
0 0.5578220858895706 0.40614035087719297 0.003374233128834356 0.06842105263157895
0 0.7791411042944786 0.3824561403508772 0.0036809815950920245 0.05263157894736842
0 0.7924846625766871 0.5745614035087719 0.005214723926380368 0.07894736842105263
0 0.726840490797546 0.7482456140350877 0.006441717791411043 0.09649122807017543
0 0.6553680981595092 0.18859649122807018 0.0027607361963190185 0.03684210526315789
0 0.5446319018404908 0.17192982456140352 0.0027607361963190185 0.042105263157894736
0 0.49401840490797544 0.6763157894736842 0.005828220858895706 0.08947368421052632
0 0.6019938650306749 0.47192982456140353 0.004601226993865031 0.07017543859649122
0 0.5343558282208589 0.44912280701754387 0.004294478527607362 0.05964912280701754
0 0.6495398773006135 0.3175438596491228 0.003374233128834356 0.03859649122807018
0 0.5050613496932516 0.22456140350877193 0.0027607361963190185 0.0456140350877193
0 0.48634969325153377 0.3587719298245614 0.003374233128834356 0.054385964912280704