0 0.28190184049079753 0.3649122807017544 0.0036809815950920245 0.05263157894736842
0 0.4736196319018405 0.6350877192982456 0.005521472392638037 0.06315789473684211
0 0.46226993865030674 0.4543859649122807 0.003067484662576687 0.06666666666666667
0 0.48113496932515337 0.3482456140350877 0.003374233128834356 0.05789473684210526
0 0.4946319018404908 0.23333333333333334 0.0027607361963190185 0.0456140350877193
0 0.5714723926380368 0.45789473684210524 0.004294478527607362 0.05263157894736842
0 0.5338957055214724 0.3368421052631579 0.003374233128834356 0.04912280701754386
0 0.6228527607361963 0.612280701754386 0.005214723926380368 0.05964912280701754
0 0.6613496932515337 0.45614035087719296 0.004294478527607362 0.056140350877192984
0 0.6434049079754601 0.3219298245614035 0.003374233128834356 0.04736842105263158
0 0.5719325153374233 0.23859649122807017 0.0027607361963190185 0.0456140350877193
0 0.535122699386503 0.43508771929824563 0.003374233128834356 0.056140350877192984
0 0.7567484662576687 0.3719298245614035 0.0036809815950920245 0.05964912280701754
0 0.754601226993865 0.543859649122807 0.0049079754601227 0.07719298245614035
0 0.6794478527607362 0.7701754385964912 0.006748466257668712 0.09824561403508772
0 0.6753067484662577 0.2412280701754386 0.0027607361963190185 0.043859649122807015
0 0.5631901840490797 0.17894736842105263 0.003067484662576687 0.0456140350877193
0 0.475920245398773 0.724561403508772 0.006441717791411043 0.09824561403508772
0 0.6124233128834355 0.4885964912280702 0.004601226993865031 0.07192982456140351
0 0.5069018404907976 0.34210526315789475 0.003374233128834356 0.04912280701754386
0 0.6210122699386503 0.34210526315789475 0.003374233128834356 0.056140350877192984
0 0.4946319018404908 0.1824561403508772 0.003374233128834356 0.0456140350877193
0 0.4673312883435583 0.43859649122807015 0.003987730061349694 0.05964912280701754