0 0.3369631901840491 0.3254385964912281 0.003374233128834356 0.04736842105263158
0 0.8058282208588957 0.6912280701754386 0.005521472392638037 0.0912280701754386
0 0.4938650306748466 0.3798245614035088 0.0036809815950920245 0.06140350877192982
0 0.48573619631901843 0.2956140350877193 0.0027607361963190185 0.04736842105263158
0 0.5616564417177914 0.19824561403508772 0.0036809815950920245 0.05263157894736842
0 0.561963190184049 0.3482456140350877 0.0036809815950920245 0.05789473684210526
0 0.6216257668711657 0.2649122807017544 0.0027607361963190185 0.03859649122807018
0 0.5569018404907975 0.4763157894736842 0.004601226993865031 0.06491228070175438
0 0.7271472392638036 0.3956140350877193 0.003987730061349694 0.054385964912280704
0 0.7256134969325153 0.3701754385964912 0.003374233128834356 0.042105263157894736
0 0.6733128834355828 0.25877192982456143 0.003067484662576687 0.04736842105263158
0 0.6406441717791411 0.3798245614035088 0.003987730061349694 0.06491228070175438
0 0.7104294478527607 0.27631578947368424 0.004294478527607362 0.054385964912280704
0 0.7233128834355829 0.3719298245614035 0.005521472392638037 0.07017543859649122
0 0.6952453987730062 0.5561403508771929 0.005214723926380368 0.07719298245614035
0 0.6895705521472393 0.2631578947368421 0.003067484662576687 0.04912280701754386
0 0.7141104294478527 0.2956140350877193 0.004294478527607362 0.05789473684210526
0 0.7771472392638037 0.6456140350877193 0.005828220858895706 0.07719298245614035
0 0.6656441717791411 0.36578947368421055 0.004294478527607362 0.06491228070175438
0 0.6013803680981595 0.30964912280701756 0.003374233128834356 0.054385964912280704
0 0.6351226993865031 0.24210526315789474 0.003374233128834356 0.05263157894736842
0 0.5886503067484663 0.1587719298245614 0.003067484662576687 0.043859649122807015
0 0.4845092024539877 0.3298245614035088 0.003374233128834356 0.05263157894736842