0 0.3628834355828221 0.32105263157894737 0.0036809815950920245 0.056140350877192984
0 0.6340490797546012 0.4605263157894737 0.004294478527607362 0.06842105263157895
0 0.5394171779141105 0.34210526315789475 0.003374233128834356 0.056140350877192984
0 0.5269938650306748 0.2631578947368421 0.003067484662576687 0.04912280701754386
0 0.677760736196319 0.22807017543859648 0.0027607361963190185 0.0456140350877193
0 0.7119631901840491 0.2692982456140351 0.0049079754601227 0.02280701754385965
0 0.5958588957055214 0.2596491228070175 0.0027607361963190185 0.04912280701754386
0 0.7346625766871165 0.362280701754386 0.003067484662576687 0.06140350877192982
0 0.7170245398773006 0.30701754385964913 0.004601226993865031 0.05964912280701754
0 0.650920245398773 0.2929824561403509 0.003067484662576687 0.05263157894736842
0 0.5932515337423313 0.19473684210526315 0.0018404907975460123 0.042105263157894736
0 0.6684049079754601 0.2412280701754386 0.004294478527607362 0.043859649122807015
0 0.7473926380368098 0.2771929824561403 0.003374233128834356 0.06666666666666667
0 0.7371165644171779 0.24649122807017543 0.0049079754601227 0.05087719298245614
0 0.7535276073619632 0.3482456140350877 0.004601226993865031 0.054385964912280704
0 0.7032208588957055 0.25701754385964914 0.003374233128834356 0.04736842105263158
0 0.6970858895705522 0.24035087719298245 0.003374233128834356 0.03859649122807018
0 0.7061349693251534 0.4605263157894737 0.004294478527607362 0.06842105263157895
0 0.6674846625766871 0.3017543859649123 0.003067484662576687 0.05263157894736842
0 0.6585889570552147 0.27017543859649124 0.004294478527607362 0.04912280701754386
0 0.6360429447852761 0.22982456140350876 0.003374233128834356 0.0456140350877193
0 0.6102760736196319 0.18421052631578946 0.0027607361963190185 0.03508771929824561
0 0.5300613496932516 0.2912280701754386 0.0036809815950920245 0.056140350877192984