0 0.328680981595092 0.34649122807017546 0.003374233128834356 0.05789473684210526
0 0.9346625766871166 0.7464912280701754 0.005521472392638037 0.07192982456140351
0 0.5072085889570552 0.4166666666666667 0.003987730061349694 0.06491228070175438
0 0.5070552147239263 0.28157894736842104 0.003067484662576687 0.05087719298245614
0 0.5622699386503067 0.2043859649122807 0.00245398773006135 0.04736842105263158
0 0.5450920245398773 0.393859649122807 0.0036809815950920245 0.06140350877192982
0 0.6484662576687117 0.3078947368421053 0.003067484662576687 0.054385964912280704
0 0.6674846625766871 0.6017543859649123 0.005521472392638037 0.08070175438596491
0 0.7381901840490798 0.3701754385964912 0.003987730061349694 0.05964912280701754
0 0.6556748466257669 0.35964912280701755 0.004601226993865031 0.056140350877192984
0 0.689877300613497 0.2578947368421053 0.003067484662576687 0.05263157894736842
0 0.625920245398773 0.2868421052631579 0.003987730061349694 0.054385964912280704
0 0.7886503067484663 0.3543859649122807 0.0049079754601227 0.05964912280701754
0 0.757361963190184 0.3815789473684211 0.0036809815950920245 0.06140350877192982
0 0.7101226993865031 0.5368421052631579 0.0049079754601227 0.08070175438596491
0 0.7326687116564418 0.33421052631578946 0.003987730061349694 0.06491228070175438
0 0.6929447852760736 0.2833333333333333 0.0036809815950920245 0.05087719298245614
0 0.8631901840490798 0.6201754385964913 0.004294478527607362 0.07894736842105263
0 0.6576687116564417 0.387719298245614 0.0036809815950920245 0.07017543859649122
0 0.6190184049079754 0.3131578947368421 0.0036809815950920245 0.05087719298245614
0 0.6774539877300614 0.33771929824561403 0.003987730061349694 0.054385964912280704
0 0.5941717791411043 0.1956140350877193 0.003067484662576687 0.043859649122807015
0 0.5200920245398774 0.33157894736842103 0.003987730061349694 0.04912280701754386