0 0.3565950920245399 0.32105263157894737 0.0027607361963190185 0.06666666666666667
0 0.59079754601227 0.4675438596491228 0.004294478527607362 0.06842105263157895
0 0.498159509202454 0.29473684210526313 0.00245398773006135 0.04912280701754386
0 0.5069018404907976 0.24649122807017543 0.003374233128834356 0.04035087719298246
0 0.6748466257668712 0.21403508771929824 0.0036809815950920245 0.0456140350877193
0 0.7010736196319018 0.2517543859649123 0.003374233128834356 0.054385964912280704
0 0.5746932515337423 0.24035087719298245 0.0027607361963190185 0.03859649122807018
0 0.6929447852760736 0.3508771929824561 0.0036809815950920245 0.04912280701754386
0 0.6730061349693252 0.2482456140350877 0.003067484662576687 0.043859649122807015
0 0.6269938650306749 0.2657894736842105 0.003067484662576687 0.04736842105263158
0 0.6076687116564418 0.19824561403508772 0.00245398773006135 0.042105263157894736
0 0.6374233128834356 0.26052631578947366 0.003067484662576687 0.043859649122807015
0 0.7604294478527608 0.3043859649122807 0.003067484662576687 0.05087719298245614
0 0.7128834355828221 0.22894736842105262 0.0036809815950920245 0.04736842105263158
0 0.7190184049079754 0.37105263157894736 0.0036809815950920245 0.054385964912280704
0 0.6989263803680982 0.2535087719298246 0.003374233128834356 0.054385964912280704
0 0.6702453987730062 0.2324561403508772 0.003067484662576687 0.043859649122807015
0 0.6354294478527608 0.4964912280701754 0.004601226993865031 0.05263157894736842
0 0.6412576687116565 0.306140350877193 0.003374233128834356 0.05087719298245614
0 0.5980061349693252 0.2649122807017544 0.0027607361963190185 0.02456140350877193
0 0.6395705521472392 0.22982456140350876 0.0036809815950920245 0.04912280701754386
0 0.557361963190184 0.17280701754385966 0.003067484662576687 0.043859649122807015
0 0.508282208588957 0.2614035087719298 0.0036809815950920245 0.042105263157894736