0 0.3530674846625767 0.3508771929824561 0.0036809815950920245 0.05263157894736842
0 0.9976993865030674 0.7710526315789473 0.004601226993865031 0.08596491228070176
0 0.5197852760736197 0.393859649122807 0.003987730061349694 0.06140350877192982
0 0.5148773006134969 0.3078947368421053 0.003374233128834356 0.054385964912280704
0 0.5906441717791411 0.2219298245614035 0.003374233128834356 0.043859649122807015
0 0.5708588957055215 0.3815789473684211 0.0036809815950920245 0.06140350877192982
0 0.6674846625766871 0.32719298245614037 0.0036809815950920245 0.05789473684210526
0 0.7104294478527607 0.5719298245614035 0.0049079754601227 0.042105263157894736
0 0.8033742331288344 0.41578947368421054 0.004294478527607362 0.06666666666666667
0 0.7541411042944786 0.3543859649122807 0.003987730061349694 0.04912280701754386
0 0.7349693251533742 0.30964912280701756 0.004294478527607362 0.04736842105263158
0 0.6763803680981595 0.3017543859649123 0.0036809815950920245 0.04912280701754386
0 0.7504601226993866 0.35 0.003374233128834356 0.05087719298245614
0 0.7719325153374234 0.3798245614035088 0.004601226993865031 0.06491228070175438
0 0.7769938650306748 0.519298245614035 0.004294478527607362 0.05964912280701754
0 0.7455521472392638 0.3201754385964912 0.004601226993865031 0.05087719298245614
0 0.7415644171779141 0.3131578947368421 0.003987730061349694 0.04736842105263158
0 0.9125766871165644 0.6403508771929824 0.007975460122699387 0.08771929824561403
0 0.7466257668711657 0.3798245614035088 0.0049079754601227 0.05789473684210526
0 0.6403374233128835 0.32894736842105265 0.003374233128834356 0.054385964912280704
0 0.7107361963190184 0.3219298245614035 0.004294478527607362 0.06140350877192982
0 0.617638036809816 0.19298245614035087 0.003374233128834356 0.0456140350877193
0 0.5251533742331288 0.34210526315789475 0.0036809815950920245 0.056140350877192984