0 0.24386503067484663 0.37894736842105264 0.0036809815950920245 0.07368421052631578
0 0.3170245398773006 0.7298245614035088 0.006441717791411043 0.0912280701754386
0 0.3271472392638037 0.5885964912280702 0.004601226993865031 0.07543859649122807
0 0.37760736196319017 0.4605263157894737 0.004294478527607362 0.06842105263157895
0 0.40153374233128836 0.3649122807017544 0.0036809815950920245 0.05964912280701754
0 0.37469325153374233 0.6166666666666667 0.005214723926380368 0.09298245614035087
0 0.42714723926380366 0.5666666666666667 0.005214723926380368 0.06666666666666667
0 0.3987730061349693 0.7070175438596491 0.004294478527607362 0.07368421052631578
0 0.4320552147239264 0.7456140350877193 0.005214723926380368 0.08771929824561403
0 0.48466257668711654 0.44035087719298244 0.004294478527607362 0.06666666666666667
0 0.49892638036809817 0.3570175438596491 0.003374233128834356 0.05789473684210526
0 0.44831288343558284 0.46228070175438596 0.003987730061349694 0.06842105263157895
0 0.7079754601226994 0.3815789473684211 0.0036809815950920245 0.06140350877192982
0 0.5455521472392638 0.6526315789473685 0.005828220858895706 0.08771929824561403
0 0.44969325153374234 0.7201754385964912 0.006134969325153374 0.09298245614035087
0 0.5478527607361963 0.46228070175438596 0.004294478527607362 0.06842105263157895
0 0.5220858895705521 0.3587719298245614 0.003067484662576687 0.05087719298245614
0 0.4092024539877301 0.7210526315789474 0.006134969325153374 0.09473684210526316
0 0.40429447852760736 0.6280701754385964 0.0049079754601227 0.08421052631578947
0 0.4012269938650307 0.4745614035087719 0.004294478527607362 0.05087719298245614
0 0.46226993865030674 0.6043859649122807 0.005521472392638037 0.07192982456140351
0 0.42822085889570555 0.38070175438596493 0.0036809815950920245 0.05964912280701754
0 0.322239263803681 0.6017543859649123 0.005214723926380368 0.07368421052631578