0 0.2920245398773006 0.3684210526315789 0.0036809815950920245 0.06315789473684211
0 0.500920245398773 0.5578947368421052 0.0049079754601227 0.07017543859649122
0 0.49171779141104294 0.4517543859649123 0.004294478527607362 0.06842105263157895
0 0.5107361963190185 0.40087719298245617 0.004294478527607362 0.06491228070175438
0 0.4840490797546012 0.3131578947368421 0.003067484662576687 0.043859649122807015
0 0.6187116564417178 0.4728070175438597 0.005521472392638037 0.0824561403508772
0 0.5516871165644172 0.3956140350877193 0.003987730061349694 0.06140350877192982
0 0.6918711656441717 0.6482456140350877 0.005828220858895706 0.08596491228070176
0 0.7161042944785276 0.5640350877192982 0.005214723926380368 0.07192982456140351
0 0.7070552147239264 0.43333333333333335 0.004294478527607362 0.06666666666666667
0 0.5960122699386503 0.2771929824561403 0.003067484662576687 0.04912280701754386
0 0.5521472392638037 0.35175438596491226 0.003067484662576687 0.05789473684210526
0 0.7613496932515338 0.3684210526315789 0.0036809815950920245 0.05964912280701754
0 0.6943251533742332 0.5035087719298246 0.005828220858895706 0.07719298245614035
0 0.685122699386503 0.6280701754385964 0.004601226993865031 0.09473684210526316
0 0.6427914110429448 0.2692982456140351 0.003374233128834356 0.05087719298245614
0 0.571319018404908 0.20701754385964913 0.003374233128834356 0.042105263157894736
0 0.5101226993865031 0.543859649122807 0.0049079754601227 0.07719298245614035
0 0.6087423312883435 0.46578947368421053 0.003987730061349694 0.06491228070175438
0 0.5475460122699386 0.4631578947368421 0.004294478527607362 0.06666666666666667
0 0.6374233128834356 0.40350877192982454 0.004294478527607362 0.07368421052631578
0 0.4906441717791411 0.3192982456140351 0.004601226993865031 0.06315789473684211
0 0.5167177914110429 0.4114035087719298 0.004601226993865031 0.06140350877192982