0 0.29984662576687116 0.38859649122807016 0.003374233128834356 0.05789473684210526
0 0.5866564417177914 0.7263157894736842 0.004601226993865031 0.09473684210526316
0 0.5012269938650307 0.6131578947368421 0.005521472392638037 0.0824561403508772
0 0.49555214723926383 0.43508771929824563 0.003987730061349694 0.06666666666666667
0 0.5162576687116565 0.26842105263157895 0.003067484662576687 0.04912280701754386
0 0.5834355828220859 0.5833333333333334 0.0049079754601227 0.08947368421052632
0 0.5819018404907975 0.4675438596491228 0.004294478527607362 0.06842105263157895
0 0.7754601226993865 0.6201754385964913 0.005521472392638037 0.0824561403508772
0 0.7197852760736196 0.6780701754385965 0.005828220858895706 0.08947368421052632
0 0.6671779141104295 0.5228070175438596 0.0049079754601227 0.07017543859649122
0 0.6134969325153374 0.29912280701754385 0.003067484662576687 0.05087719298245614
0 0.593558282208589 0.43508771929824563 0.004294478527607362 0.06666666666666667
0 0.7708588957055215 0.37894736842105264 0.0036809815950920245 0.05964912280701754
0 0.8476993865030675 0.6508771929824562 0.005828220858895706 0.08070175438596491
0 0.7880368098159509 0.7675438596491229 0.006134969325153374 0.09649122807017543
0 0.717638036809816 0.41228070175438597 0.003987730061349694 0.06315789473684211
0 0.6496932515337424 0.2771929824561403 0.003067484662576687 0.04912280701754386
0 0.5970858895705522 0.7552631578947369 0.006441717791411043 0.09649122807017543
0 0.7046012269938651 0.6263157894736842 0.005521472392638037 0.08421052631578947
0 0.5707055214723926 0.5263157894736842 0.005828220858895706 0.08421052631578947
0 0.6725460122699386 0.4842105263157895 0.004601226993865031 0.06315789473684211
0 0.5492331288343558 0.25087719298245614 0.004601226993865031 0.04912280701754386
0 0.5085889570552147 0.6131578947368421 0.005521472392638037 0.0824561403508772