0 0.19325153374233128 0.4192982456140351 0.0036809815950920245 0.05964912280701754
0 0.22607361963190184 0.7780701754385965 0.006748466257668712 0.1
0 0.17607361963190185 0.643859649122807 0.005521472392638037 0.07017543859649122
0 0.31809815950920245 0.43859649122807015 0.004294478527607362 0.06666666666666667
0 0.35598159509202454 0.34385964912280703 0.003374233128834356 0.056140350877192984
0 0.3423312883435583 0.6640350877192982 0.0049079754601227 0.10701754385964912
0 0.37607361963190183 0.519298245614035 0.0049079754601227 0.07017543859649122
0 0.48573619631901843 0.6456140350877193 0.005828220858895706 0.0912280701754386
0 0.5487730061349694 0.6833333333333333 0.006134969325153374 0.08947368421052632
0 0.49217791411042944 0.4052631578947368 0.003987730061349694 0.06315789473684211
0 0.4915644171779141 0.31666666666666665 0.003374233128834356 0.054385964912280704
0 0.4233128834355828 0.4903508771929825 0.004294478527607362 0.07543859649122807
0 0.6957055214723926 0.3719298245614035 0.0036809815950920245 0.05964912280701754
0 0.5329754601226994 0.5929824561403508 0.005214723926380368 0.08070175438596491
0 0.49493865030674844 0.6754385964912281 0.005214723926380368 0.08421052631578947
0 0.5352760736196319 0.4368421052631579 0.004294478527607362 0.06666666666666667
0 0.5032208588957056 0.3140350877192982 0.003374233128834356 0.0456140350877193
0 0.3325153374233129 0.7149122807017544 0.006134969325153374 0.09298245614035087
0 0.3584355828220859 0.65 0.004601226993865031 0.08596491228070176
0 0.34386503067484664 0.46228070175438596 0.004294478527607362 0.06491228070175438
0 0.3960122699386503 0.5298245614035088 0.0049079754601227 0.07368421052631578
0 0.36411042944785277 0.33771929824561403 0.003067484662576687 0.04736842105263158
0 0.23742331288343557 0.6026315789473684 0.006748466257668712 0.07894736842105263