0 0.34003067484662575 0.2807017543859649 0.003987730061349694 0.06315789473684211
0 0.49555214723926383 0.41578947368421054 0.003987730061349694 0.03859649122807018
0 0.4553680981595092 0.23333333333333334 0.0027607361963190185 0.0456140350877193
0 0.47730061349693254 0.19736842105263158 0.0036809815950920245 0.04736842105263158
0 0.5569018404907975 0.16403508771929826 0.0027607361963190185 0.03333333333333333
0 0.5753067484662576 0.22982456140350876 0.0027607361963190185 0.0456140350877193
0 0.5297546012269939 0.20789473684210527 0.00245398773006135 0.04035087719298246
0 0.6069018404907975 0.40350877192982454 0.003987730061349694 0.06315789473684211
0 0.599079754601227 0.2631578947368421 0.003067484662576687 0.06666666666666667
0 0.5420245398773006 0.27280701754385966 0.003067484662576687 0.05087719298245614
0 0.5552147239263804 0.18333333333333332 0.00245398773006135 0.03684210526315789
0 0.5510736196319018 0.2412280701754386 0.003374233128834356 0.054385964912280704
0 0.7168711656441717 0.30350877192982456 0.003067484662576687 0.05263157894736842
0 0.6329754601226993 0.27456140350877195 0.003987730061349694 0.05087719298245614
0 0.6269938650306749 0.3587719298245614 0.0036809815950920245 0.05789473684210526
0 0.6082822085889571 0.2307017543859649 0.0036809815950920245 0.05087719298245614
0 0.605521472392638 0.21052631578947367 0.0036809815950920245 0.04912280701754386
0 0.5516871165644172 0.40350877192982454 0.003987730061349694 0.06315789473684211
0 0.5656441717791411 0.27456140350877195 0.003067484662576687 0.05087719298245614
0 0.5326687116564417 0.25263157894736843 0.0027607361963190185 0.04912280701754386
0 0.5602760736196319 0.21140350877192982 0.0027607361963190185 0.043859649122807015
0 0.5033742331288343 0.1631578947368421 0.0036809815950920245 0.042105263157894736
0 0.48236196319018404 0.21578947368421053 0.0027607361963190185 0.04912280701754386