0 0.3449386503067485 0.27807017543859647 0.003374233128834356 0.05087719298245614
0 0.49555214723926383 0.41578947368421054 0.003987730061349694 0.03859649122807018
0 0.45199386503067485 0.23596491228070177 0.0027607361963190185 0.04736842105263158
0 0.4756134969325153 0.20701754385964913 0.003374233128834356 0.0456140350877193
0 0.5444785276073619 0.15526315789473685 0.00245398773006135 0.04736842105263158
0 0.5682515337423313 0.23596491228070177 0.0027607361963190185 0.04736842105263158
0 0.5260736196319018 0.20175438596491227 0.00245398773006135 0.03859649122807018
0 0.6136503067484662 0.39649122807017545 0.003987730061349694 0.06315789473684211
0 0.5921779141104294 0.25877192982456143 0.0027607361963190185 0.04736842105263158
0 0.5368098159509203 0.27280701754385966 0.003067484662576687 0.05087719298245614
0 0.5538343558282208 0.17280701754385966 0.002147239263803681 0.03684210526315789
0 0.5516871165644172 0.23771929824561402 0.003374233128834356 0.054385964912280704
0 0.7110429447852761 0.30526315789473685 0.003067484662576687 0.04912280701754386
0 0.6217791411042944 0.2736842105263158 0.0036809815950920245 0.056140350877192984
0 0.6260736196319019 0.34649122807017546 0.0036809815950920245 0.05789473684210526
0 0.6013803680981595 0.22719298245614036 0.003987730061349694 0.054385964912280704
0 0.598159509202454 0.2043859649122807 0.0036809815950920245 0.05087719298245614
0 0.5516871165644172 0.39035087719298245 0.003987730061349694 0.06140350877192982
0 0.5641104294478527 0.27456140350877195 0.003067484662576687 0.05087719298245614
0 0.528680981595092 0.24298245614035088 0.0027607361963190185 0.04736842105263158
0 0.5581288343558283 0.20964912280701756 0.0027607361963190185 0.043859649122807015
0 0.5125766871165645 0.1649122807017544 0.003067484662576687 0.042105263157894736
0 0.4820552147239264 0.21578947368421053 0.0027607361963190185 0.04912280701754386