0 0.3076687116564417 0.29473684210526313 0.003067484662576687 0.056140350877192984
0 0.501840490797546 0.47719298245614034 0.004294478527607362 0.056140350877192984
0 0.450920245398773 0.30526315789473685 0.003067484662576687 0.0456140350877193
0 0.4521472392638037 0.18157894736842106 0.003067484662576687 0.03333333333333333
0 0.5121165644171779 0.16052631578947368 0.002147239263803681 0.04035087719298246
0 0.5292944785276074 0.2956140350877193 0.003374233128834356 0.04736842105263158
0 0.5162576687116565 0.1868421052631579 0.003067484662576687 0.03333333333333333
0 0.5921779141104294 0.39824561403508774 0.003987730061349694 0.05964912280701754
0 0.5737730061349693 0.2614035087719298 0.0027607361963190185 0.03859649122807018
0 0.4929447852760736 0.2649122807017544 0.003067484662576687 0.04912280701754386
0 0.5541411042944785 0.17192982456140352 0.002147239263803681 0.03508771929824561
0 0.533282208588957 0.23771929824561402 0.003374233128834356 0.054385964912280704
0 0.7345092024539878 0.3131578947368421 0.003374233128834356 0.05087719298245614
0 0.5969325153374233 0.27807017543859647 0.003067484662576687 0.05087719298245614
0 0.6065950920245399 0.35350877192982455 0.003374233128834356 0.054385964912280704
0 0.5884969325153374 0.2412280701754386 0.0027607361963190185 0.04736842105263158
0 0.563036809815951 0.18421052631578946 0.002147239263803681 0.031578947368421054
0 0.5392638036809816 0.38859649122807016 0.0036809815950920245 0.06140350877192982
0 0.5265337423312884 0.2736842105263158 0.0027607361963190185 0.04912280701754386
0 0.501840490797546 0.18947368421052632 0.0036809815950920245 0.042105263157894736
0 0.5602760736196319 0.2236842105263158 0.0027607361963190185 0.04035087719298246
0 0.5200920245398774 0.17280701754385966 0.0027607361963190185 0.043859649122807015
0 0.47975460122699387 0.21578947368421053 0.003067484662576687 0.05263157894736842