0 0.2992331288343558 0.33245614035087717 0.003374233128834356 0.05789473684210526
0 0.4888036809815951 0.47543859649122805 0.003987730061349694 0.07017543859649122
0 0.4915644171779141 0.33421052631578946 0.003987730061349694 0.06491228070175438
0 0.49033742331288344 0.2596491228070175 0.003987730061349694 0.0456140350877193
0 0.4947852760736196 0.20614035087719298 0.00245398773006135 0.043859649122807015
0 0.6131901840490798 0.2850877192982456 0.003067484662576687 0.043859649122807015
0 0.5403374233128835 0.22982456140350876 0.0027607361963190185 0.031578947368421054
0 0.5707055214723926 0.4192982456140351 0.003987730061349694 0.05964912280701754
0 0.6457055214723927 0.362280701754386 0.0036809815950920245 0.043859649122807015
0 0.6432515337423312 0.20964912280701756 0.00245398773006135 0.043859649122807015
0 0.5641104294478527 0.20350877192982456 0.00245398773006135 0.042105263157894736
0 0.5585889570552147 0.30964912280701756 0.003067484662576687 0.054385964912280704
0 0.7208588957055214 0.27280701754385966 0.003067484662576687 0.05087719298245614
0 0.7406441717791411 0.47719298245614034 0.004601226993865031 0.07017543859649122
0 0.6312883435582822 0.6543859649122807 0.005521472392638037 0.08070175438596491
0 0.6398773006134969 0.16578947368421051 0.0049079754601227 0.04736842105263158
0 0.5361963190184049 0.15964912280701754 0.003067484662576687 0.042105263157894736
0 0.49754601226993866 0.5473684210526316 0.0049079754601227 0.07719298245614035
0 0.625 0.3219298245614035 0.003374233128834356 0.054385964912280704
0 0.5050613496932516 0.2543859649122807 0.0027607361963190185 0.03859649122807018
0 0.6035276073619632 0.23157894736842105 0.0027607361963190185 0.042105263157894736
0 0.5233128834355828 0.19912280701754387 0.0036809815950920245 0.043859649122807015
0 0.48711656441717793 0.29736842105263156 0.004294478527607362 0.05087719298245614