0 0.19187116564417178 0.4192982456140351 0.003374233128834356 0.04912280701754386
0 0.2076687116564417 0.7868421052631579 0.006748466257668712 0.1
0 0.15828220858895706 0.6359649122807017 0.005521472392638037 0.08596491228070176
0 0.3216257668711656 0.4017543859649123 0.003374233128834356 0.06315789473684211
0 0.3602760736196319 0.3131578947368421 0.003374233128834356 0.054385964912280704
0 0.38926380368098157 0.6403508771929824 0.005521472392638037 0.08421052631578947
0 0.3934049079754601 0.47982456140350876 0.004601226993865031 0.06140350877192982
0 0.4946319018404908 0.6710526315789473 0.004601226993865031 0.07894736842105263
0 0.5680981595092025 0.6342105263157894 0.005521472392638037 0.07894736842105263
0 0.502760736196319 0.3798245614035088 0.0036809815950920245 0.06140350877192982
0 0.49938650306748467 0.2982456140350877 0.003067484662576687 0.05263157894736842
0 0.4219325153374233 0.4649122807017544 0.003987730061349694 0.07368421052631578
0 0.6960122699386503 0.3719298245614035 0.0036809815950920245 0.05964912280701754
0 0.5480061349693252 0.5745614035087719 0.005214723926380368 0.07894736842105263
0 0.49831288343558283 0.6868421052631579 0.005214723926380368 0.08596491228070176
0 0.5476993865030675 0.4017543859649123 0.003987730061349694 0.06315789473684211
0 0.5121165644171779 0.2833333333333333 0.003374233128834356 0.04736842105263158
0 0.3024539877300613 0.7149122807017544 0.006134969325153374 0.09298245614035087
0 0.39263803680981596 0.6324561403508772 0.005521472392638037 0.0824561403508772
0 0.35613496932515337 0.437719298245614 0.004294478527607362 0.06491228070175438
0 0.4180981595092024 0.4885964912280702 0.0049079754601227 0.07894736842105263
0 0.36533742331288344 0.3105263157894737 0.003067484662576687 0.05263157894736842
0 0.252760736196319 0.5824561403508772 0.006134969325153374 0.07719298245614035