0 0.2179447852760736 0.4026315789473684 0.003987730061349694 0.06140350877192982
0 0.21641104294478528 0.5780701754385965 0.005214723926380368 0.07192982456140351
0 0.2973926380368098 0.4956140350877193 0.004601226993865031 0.07192982456140351
0 0.3211656441717791 0.29473684210526313 0.003067484662576687 0.05263157894736842
0 0.4093558282208589 0.22631578947368422 0.0027607361963190185 0.0456140350877193
0 0.3937116564417178 0.3447368421052632 0.003374233128834356 0.05789473684210526
0 0.4297546012269939 0.5263157894736842 0.0049079754601227 0.07017543859649122
0 0.5180981595092025 0.5991228070175438 0.005521472392638037 0.07894736842105263
0 0.5081288343558282 0.4368421052631579 0.004601226993865031 0.07368421052631578
0 0.49846625766871167 0.3736842105263158 0.0036809815950920245 0.05964912280701754
0 0.49831288343558283 0.2394736842105263 0.0027607361963190185 0.04736842105263158
0 0.45904907975460124 0.32456140350877194 0.003374233128834356 0.05263157894736842
0 0.7050613496932515 0.34649122807017546 0.003374233128834356 0.05789473684210526
0 0.55920245398773 0.45526315789473687 0.004294478527607362 0.06842105263157895
0 0.5349693251533743 0.6149122807017544 0.005521472392638037 0.0824561403508772
0 0.5365030674846626 0.36666666666666664 0.0036809815950920245 0.05964912280701754
0 0.5177914110429448 0.26666666666666666 0.003067484662576687 0.04912280701754386
0 0.37883435582822084 0.6096491228070176 0.005521472392638037 0.0824561403508772
0 0.5038343558282209 0.49736842105263157 0.004601226993865031 0.07192982456140351
0 0.3924846625766871 0.5017543859649123 0.004601226993865031 0.07017543859649122
0 0.46226993865030674 0.3605263157894737 0.0036809815950920245 0.05789473684210526
0 0.37929447852760734 0.27017543859649124 0.003374233128834356 0.056140350877192984
0 0.2236196319018405 0.5429824561403509 0.007361963190184049 0.0824561403508772