0 0.326840490797546 0.2912280701754386 0.003374233128834356 0.056140350877192984
0 0.49524539877300616 0.4114035087719298 0.003374233128834356 0.04035087719298246
0 0.46134969325153374 0.2649122807017544 0.003067484662576687 0.04912280701754386
0 0.46319018404907975 0.1649122807017544 0.003067484662576687 0.03859649122807018
0 0.5302147239263804 0.15175438596491228 0.002147239263803681 0.03684210526315789
0 0.5558282208588957 0.2631578947368421 0.003067484662576687 0.04912280701754386
0 0.5136503067484662 0.1824561403508772 0.002147239263803681 0.028070175438596492
0 0.6070552147239264 0.3736842105263158 0.0036809815950920245 0.05964912280701754
0 0.5866564417177914 0.25087719298245614 0.0027607361963190185 0.0456140350877193
0 0.5300613496932516 0.2710526315789474 0.003067484662576687 0.05087719298245614
0 0.5579754601226994 0.16052631578947368 0.00245398773006135 0.03333333333333333
0 0.5391104294478528 0.23157894736842105 0.003374233128834356 0.05263157894736842
0 0.7168711656441717 0.3017543859649123 0.003067484662576687 0.05263157894736842
0 0.602760736196319 0.26842105263157895 0.003067484662576687 0.0456140350877193
0 0.627760736196319 0.3385964912280702 0.003374233128834356 0.05263157894736842
0 0.5996932515337423 0.22105263157894736 0.0036809815950920245 0.04912280701754386
0 0.5808282208588957 0.1780701754385965 0.0027607361963190185 0.03684210526315789
0 0.5478527607361963 0.3798245614035088 0.0036809815950920245 0.06140350877192982
0 0.5644171779141104 0.2710526315789474 0.003067484662576687 0.05087719298245614
0 0.5230061349693251 0.21140350877192982 0.00245398773006135 0.043859649122807015
0 0.5688650306748466 0.20877192982456141 0.003374233128834356 0.0456140350877193
0 0.5381901840490797 0.1675438596491228 0.002147239263803681 0.04035087719298246
0 0.48190184049079754 0.21754385964912282 0.003067484662576687 0.04912280701754386