0 0.2949386503067485 0.35 0.003374233128834356 0.04736842105263158
0 0.47975460122699387 0.5596491228070175 0.0049079754601227 0.06666666666666667
0 0.4892638036809816 0.39035087719298245 0.0036809815950920245 0.05789473684210526
0 0.48726993865030677 0.30350877192982456 0.003987730061349694 0.04912280701754386
0 0.49708588957055216 0.22456140350877193 0.0027607361963190185 0.0456140350877193
0 0.6196319018404908 0.3701754385964912 0.0036809815950920245 0.05964912280701754
0 0.5478527607361963 0.2956140350877193 0.003067484662576687 0.04035087719298246
0 0.6254601226993866 0.5526315789473685 0.0049079754601227 0.07368421052631578
0 0.724079754601227 0.5008771929824561 0.004601226993865031 0.06491228070175438
0 0.69079754601227 0.2771929824561403 0.003067484662576687 0.03508771929824561
0 0.5680981595092025 0.22631578947368422 0.00245398773006135 0.0456140350877193
0 0.552760736196319 0.37719298245614036 0.0036809815950920245 0.05964912280701754
0 0.7593558282208589 0.34385964912280703 0.003374233128834356 0.056140350877192984
0 0.7773006134969325 0.543859649122807 0.0049079754601227 0.07719298245614035
0 0.6961656441717792 0.7552631578947369 0.006441717791411043 0.09649122807017543
0 0.6549079754601227 0.17456140350877192 0.003067484662576687 0.03684210526315789
0 0.5411042944785276 0.16578947368421051 0.003067484662576687 0.043859649122807015
0 0.4815950920245399 0.6026315789473684 0.005521472392638037 0.0824561403508772
0 0.6058282208588958 0.39035087719298245 0.0036809815950920245 0.04736842105263158
0 0.5159509202453988 0.3570175438596491 0.0036809815950920245 0.05789473684210526
0 0.6266871165644172 0.27807017543859647 0.003067484662576687 0.05087719298245614
0 0.5085889570552147 0.20964912280701756 0.0036809815950920245 0.043859649122807015
0 0.4815950920245399 0.33596491228070174 0.004294478527607362 0.05087719298245614