0 0.22699386503067484 0.39210526315789473 0.004294478527607362 0.06842105263157895
0 0.27929447852760736 0.7596491228070176 0.006441717791411043 0.09473684210526316
0 0.2822085889570552 0.6157894736842106 0.005521472392638037 0.08421052631578947
0 0.35521472392638037 0.46403508771929824 0.004294478527607362 0.06842105263157895
0 0.3806748466257669 0.3675438596491228 0.0036809815950920245 0.05087719298245614
0 0.3384969325153374 0.6228070175438597 0.004601226993865031 0.08421052631578947
0 0.38880368098159507 0.5692982456140351 0.005214723926380368 0.07543859649122807
0 0.35429447852760737 0.7105263157894737 0.0049079754601227 0.08421052631578947
0 0.42162576687116565 0.7280701754385965 0.003987730061349694 0.08070175438596491
0 0.474079754601227 0.42894736842105263 0.003987730061349694 0.06491228070175438
0 0.49325153374233127 0.3570175438596491 0.0036809815950920245 0.05789473684210526
0 0.4371165644171779 0.46403508771929824 0.004294478527607362 0.06842105263157895
0 0.7012269938650306 0.3824561403508772 0.0036809815950920245 0.056140350877192984
0 0.5285276073619631 0.6263157894736842 0.005521472392638037 0.08421052631578947
0 0.4246932515337423 0.718421052631579 0.004601226993865031 0.09298245614035087
0 0.5234662576687117 0.493859649122807 0.004601226993865031 0.07192982456140351
0 0.5050613496932516 0.3570175438596491 0.003374233128834356 0.05789473684210526
0 0.36595092024539877 0.724561403508772 0.006134969325153374 0.08771929824561403
0 0.3521472392638037 0.6368421052631579 0.0049079754601227 0.08771929824561403
0 0.37791411042944784 0.4842105263157895 0.004294478527607362 0.06666666666666667
0 0.41932515337423315 0.6070175438596491 0.005521472392638037 0.07719298245614035
0 0.40383435582822086 0.3956140350877193 0.003987730061349694 0.06140350877192982
0 0.2880368098159509 0.6210526315789474 0.0049079754601227 0.07368421052631578