0 0.2679447852760736 0.37543859649122807 0.003987730061349694 0.06315789473684211
0 0.43420245398773005 0.5956140350877193 0.003374233128834356 0.07192982456140351
0 0.4466257668711656 0.5087719298245614 0.004294478527607362 0.07719298245614035
0 0.4434049079754601 0.38333333333333336 0.003374233128834356 0.04736842105263158
0 0.4434049079754601 0.40350877192982454 0.005214723926380368 0.06666666666666667
0 0.5085889570552147 0.4517543859649123 0.0036809815950920245 0.07543859649122807
0 0.4799079754601227 0.5394736842105263 0.008282208588957056 0.054385964912280704
0 0.5756134969325153 0.5868421052631579 0.005214723926380368 0.06842105263157895
0 0.6411042944785276 0.5508771929824562 0.0049079754601227 0.07017543859649122
0 0.61579754601227 0.41403508771929826 0.003987730061349694 0.06315789473684211
0 0.5558282208588957 0.2929824561403509 0.003067484662576687 0.031578947368421054
0 0.4789877300613497 0.38421052631578945 0.0027607361963190185 0.056140350877192984
0 0.7371165644171779 0.35789473684210527 0.0036809815950920245 0.05263157894736842
0 0.6062883435582822 0.49736842105263157 0.004601226993865031 0.07192982456140351
0 0.5133435582822086 0.6412280701754386 0.005828220858895706 0.08596491228070176
0 0.5949386503067484 0.3236842105263158 0.003374233128834356 0.054385964912280704
0 0.5404907975460123 0.23596491228070177 0.003067484662576687 0.04736842105263158
0 0.4233128834355828 0.6850877192982456 0.006134969325153374 0.09298245614035087
0 0.527760736196319 0.4614035087719298 0.003987730061349694 0.06315789473684211
0 0.5012269938650307 0.5307017543859649 0.0049079754601227 0.05789473684210526
0 0.5496932515337424 0.3868421052631579 0.0036809815950920245 0.06140350877192982
0 0.45337423312883435 0.4868421052631579 0.004294478527607362 0.06491228070175438
0 0.4691717791411043 0.4114035087719298 0.003374233128834356 0.054385964912280704