0 0.2888036809815951 0.36403508771929827 0.003987730061349694 0.07192982456140351
0 0.47745398773006137 0.5087719298245614 0.004601226993865031 0.07368421052631578
0 0.47914110429447854 0.43859649122807015 0.004294478527607362 0.06666666666666667
0 0.5145705521472392 0.3973684210526316 0.003987730061349694 0.06491228070175438
0 0.4717791411042945 0.3482456140350877 0.004294478527607362 0.054385964912280704
0 0.597239263803681 0.4649122807017544 0.004294478527607362 0.05964912280701754
0 0.5424846625766871 0.40614035087719297 0.003987730061349694 0.043859649122807015
0 0.6763803680981595 0.6149122807017544 0.005521472392638037 0.07894736842105263
0 0.7001533742331288 0.5640350877192982 0.005214723926380368 0.07894736842105263
0 0.6912576687116564 0.4324561403508772 0.003987730061349694 0.05789473684210526
0 0.594478527607362 0.28421052631578947 0.003067484662576687 0.04912280701754386
0 0.5430981595092025 0.34035087719298246 0.003374233128834356 0.05964912280701754
0 0.754601226993865 0.3570175438596491 0.0036809815950920245 0.05789473684210526
0 0.6743865030674847 0.47982456140350876 0.005828220858895706 0.07543859649122807
0 0.6607361963190184 0.6035087719298246 0.0049079754601227 0.09824561403508772
0 0.6345092024539877 0.27982456140350875 0.003374233128834356 0.05087719298245614
0 0.5673312883435583 0.2131578947368421 0.003374233128834356 0.043859649122807015
0 0.4780674846625767 0.49912280701754386 0.004601226993865031 0.06491228070175438
0 0.5854294478527607 0.44473684210526315 0.003987730061349694 0.06842105263157895
0 0.549079754601227 0.4473684210526316 0.004294478527607362 0.05964912280701754
0 0.6134969325153374 0.393859649122807 0.003067484662576687 0.06491228070175438
0 0.4780674846625767 0.3482456140350877 0.003987730061349694 0.05789473684210526
0 0.5225460122699387 0.40087719298245617 0.004601226993865031 0.06491228070175438