0 0.3067484662576687 0.29473684210526313 0.003067484662576687 0.05263157894736842
0 0.5102760736196319 0.5 0.004601226993865031 0.06666666666666667
0 0.4523006134969325 0.31666666666666665 0.003374233128834356 0.054385964912280704
0 0.453680981595092 0.1850877192982456 0.003067484662576687 0.03333333333333333
0 0.5121165644171779 0.16140350877192983 0.002147239263803681 0.042105263157894736
0 0.5280674846625767 0.3 0.003374233128834356 0.0456140350877193
0 0.5217791411042945 0.18859649122807018 0.003067484662576687 0.03333333333333333
0 0.5817484662576687 0.39649122807017545 0.003987730061349694 0.056140350877192984
0 0.5808282208588957 0.26842105263157895 0.0027607361963190185 0.03508771929824561
0 0.4938650306748466 0.26666666666666666 0.003067484662576687 0.04912280701754386
0 0.556441717791411 0.17280701754385966 0.00245398773006135 0.03684210526315789
0 0.533282208588957 0.23508771929824562 0.003374233128834356 0.056140350877192984
0 0.7375766871165644 0.3201754385964912 0.003374233128834356 0.054385964912280704
0 0.6006134969325153 0.2868421052631579 0.003067484662576687 0.05087719298245614
0 0.602760736196319 0.362280701754386 0.0036809815950920245 0.054385964912280704
0 0.5894171779141104 0.2482456140350877 0.0027607361963190185 0.04736842105263158
0 0.5670245398773006 0.18421052631578946 0.002147239263803681 0.031578947368421054
0 0.5464723926380368 0.4 0.003987730061349694 0.06315789473684211
0 0.5193251533742331 0.28157894736842104 0.00245398773006135 0.04736842105263158
0 0.5033742331288343 0.1956140350877193 0.0036809815950920245 0.043859649122807015
0 0.5599693251533743 0.2324561403508772 0.0027607361963190185 0.04035087719298246
0 0.5228527607361964 0.17280701754385966 0.0027607361963190185 0.043859649122807015
0 0.48113496932515337 0.2219298245614035 0.0027607361963190185 0.04736842105263158