0 0.2607361963190184 0.3508771929824561 0.0036809815950920245 0.07017543859649122
0 0.3679447852760736 0.6228070175438597 0.005214723926380368 0.08421052631578947
0 0.38650306748466257 0.4789473684210526 0.004294478527607362 0.07017543859649122
0 0.43098159509202455 0.36403508771929827 0.0036809815950920245 0.05789473684210526
0 0.42668711656441716 0.2850877192982456 0.003067484662576687 0.05087719298245614
0 0.427760736196319 0.4982456140350877 0.004601226993865031 0.07017543859649122
0 0.47745398773006137 0.4236842105263158 0.004601226993865031 0.07192982456140351
0 0.4418711656441718 0.6578947368421053 0.005214723926380368 0.09473684210526316
0 0.45950920245398774 0.6263157894736842 0.005521472392638037 0.07368421052631578
0 0.5115030674846626 0.39210526315789473 0.003987730061349694 0.06140350877192982
0 0.5070552147239263 0.2912280701754386 0.003067484662576687 0.04912280701754386
0 0.47254601226993864 0.45614035087719296 0.003374233128834356 0.05964912280701754
0 0.7171779141104294 0.36666666666666664 0.0036809815950920245 0.05964912280701754
0 0.5961656441717792 0.5745614035087719 0.005214723926380368 0.07894736842105263
0 0.497239263803681 0.718421052631579 0.006134969325153374 0.09298245614035087
0 0.6067484662576688 0.3850877192982456 0.0036809815950920245 0.06140350877192982
0 0.5392638036809816 0.2736842105263158 0.003067484662576687 0.05263157894736842
0 0.39217791411042946 0.6912280701754386 0.005828220858895706 0.0912280701754386
0 0.4569018404907976 0.5175438596491229 0.003987730061349694 0.07017543859649122
0 0.4651840490797546 0.34035087719298246 0.003374233128834356 0.05263157894736842
0 0.5118098159509202 0.4850877192982456 0.004601226993865031 0.06842105263157895
0 0.4415644171779141 0.256140350877193 0.0027607361963190185 0.04912280701754386
0 0.3763803680981595 0.5105263157894737 0.0049079754601227 0.07719298245614035