0 0.24846625766871167 0.356140350877193 0.00245398773006135 0.05964912280701754
0 0.38834355828220857 0.5692982456140351 0.0036809815950920245 0.06491228070175438
0 0.4030674846625767 0.45087719298245615 0.005521472392638037 0.07719298245614035
0 0.40705521472392636 0.3929824561403509 0.003067484662576687 0.056140350877192984
0 0.4153374233128834 0.30526315789473685 0.003067484662576687 0.05964912280701754
0 0.4647239263803681 0.38333333333333336 0.0036809815950920245 0.06140350877192982
0 0.4452453987730061 0.5105263157894737 0.004601226993865031 0.07368421052631578
0 0.4303680981595092 0.6157894736842106 0.005521472392638037 0.08070175438596491
0 0.519478527607362 0.5052631578947369 0.004601226993865031 0.07017543859649122
0 0.5157975460122699 0.393859649122807 0.003987730061349694 0.06140350877192982
0 0.4484662576687117 0.26842105263157895 0.003067484662576687 0.04912280701754386
0 0.41840490797546015 0.5157894736842106 0.004294478527607362 0.07017543859649122
0 0.7101226993865031 0.35175438596491226 0.0036809815950920245 0.05789473684210526
0 0.5403374233128835 0.5570175438596491 0.004601226993865031 0.07192982456140351
0 0.4308282208588957 0.7228070175438597 0.006441717791411043 0.09473684210526316
0 0.5849693251533742 0.2982456140350877 0.003067484662576687 0.05263157894736842
0 0.47116564417177914 0.18859649122807018 0.00245398773006135 0.04035087719298246
0 0.3661042944785276 0.7447368421052631 0.006441717791411043 0.09649122807017543
0 0.46134969325153374 0.5210526315789473 0.0049079754601227 0.07368421052631578
0 0.4289877300613497 0.493859649122807 0.004601226993865031 0.06140350877192982
0 0.4865030674846626 0.37719298245614036 0.0036809815950920245 0.05964912280701754
0 0.4242331288343558 0.2929824561403509 0.003067484662576687 0.05263157894736842
0 0.40644171779141103 0.42719298245614035 0.004294478527607362 0.07192982456140351