0 0.25475460122699384 0.3456140350877193 0.003374233128834356 0.056140350877192984
0 0.3808282208588957 0.5640350877192982 0.005214723926380368 0.06842105263157895
0 0.41932515337423315 0.3868421052631579 0.0036809815950920245 0.06140350877192982
0 0.4190184049079755 0.33157894736842103 0.0036809815950920245 0.056140350877192984
0 0.42960122699386505 0.24210526315789474 0.0027607361963190185 0.03508771929824561
0 0.45199386503067485 0.42894736842105263 0.003987730061349694 0.06491228070175438
0 0.4611963190184049 0.3105263157894737 0.003374233128834356 0.04912280701754386
0 0.4651840490797546 0.5885964912280702 0.005214723926380368 0.07894736842105263
0 0.49969325153374233 0.437719298245614 0.003067484662576687 0.06491228070175438
0 0.5115030674846626 0.3350877192982456 0.003374233128834356 0.056140350877192984
0 0.4915644171779141 0.23508771929824562 0.0027607361963190185 0.042105263157894736
0 0.4634969325153374 0.47017543859649125 0.004294478527607362 0.07719298245614035
0 0.712116564417178 0.3368421052631579 0.003374233128834356 0.056140350877192984
0 0.5906441717791411 0.4807017543859649 0.004601226993865031 0.07017543859649122
0 0.4803680981595092 0.7157894736842105 0.006134969325153374 0.0912280701754386
0 0.587116564417178 0.2894736842105263 0.003067484662576687 0.05263157894736842
0 0.5187116564417178 0.1850877192982456 0.00245398773006135 0.04035087719298246
0 0.36625766871165644 0.7131578947368421 0.006134969325153374 0.09298245614035087
0 0.45659509202453985 0.4543859649122807 0.003374233128834356 0.06666666666666667
0 0.48680981595092027 0.27280701754385966 0.004294478527607362 0.043859649122807015
0 0.5283742331288344 0.42894736842105263 0.003987730061349694 0.06491228070175438
0 0.4424846625766871 0.1763157894736842 0.002147239263803681 0.04035087719298246
0 0.4455521472392638 0.356140350877193 0.003987730061349694 0.05964912280701754