0 0.28190184049079753 0.3649122807017544 0.0036809815950920245 0.05263157894736842
0 0.4742331288343558 0.6350877192982456 0.005521472392638037 0.06666666666666667
0 0.46226993865030674 0.4473684210526316 0.0036809815950920245 0.07368421052631578
0 0.4817484662576687 0.34649122807017546 0.003374233128834356 0.05789473684210526
0 0.4946319018404908 0.23157894736842105 0.0027607361963190185 0.0456140350877193
0 0.5705521472392638 0.45526315789473687 0.004294478527607362 0.05087719298245614
0 0.5338957055214724 0.3385964912280702 0.003374233128834356 0.05263157894736842
0 0.622239263803681 0.6070175438596491 0.005214723926380368 0.05263157894736842
0 0.6607361963190184 0.4535087719298246 0.004294478527607362 0.06140350877192982
0 0.6440184049079755 0.32456140350877194 0.003374233128834356 0.05263157894736842
0 0.5719325153374233 0.23859649122807017 0.0027607361963190185 0.0456140350877193
0 0.535122699386503 0.43508771929824563 0.003374233128834356 0.056140350877192984
0 0.756441717791411 0.3736842105263158 0.0036809815950920245 0.05964912280701754
0 0.7542944785276073 0.5394736842105263 0.0049079754601227 0.07543859649122807
0 0.6791411042944785 0.7701754385964912 0.006748466257668712 0.09824561403508772
0 0.6756134969325154 0.2412280701754386 0.0027607361963190185 0.043859649122807015
0 0.5631901840490797 0.17894736842105263 0.003067484662576687 0.0456140350877193
0 0.4762269938650307 0.7228070175438597 0.006441717791411043 0.09824561403508772
0 0.6124233128834355 0.48596491228070177 0.004601226993865031 0.07017543859649122
0 0.5069018404907976 0.3412280701754386 0.003374233128834356 0.05087719298245614
0 0.621319018404908 0.34035087719298246 0.003374233128834356 0.056140350877192984
0 0.4946319018404908 0.1824561403508772 0.003374233128834356 0.0456140350877193
0 0.46763803680981597 0.4368421052631579 0.003987730061349694 0.05964912280701754