0 0.26487730061349696 0.3701754385964912 0.003987730061349694 0.05263157894736842
0 0.42576687116564416 0.712280701754386 0.0049079754601227 0.07719298245614035
0 0.4315950920245399 0.49473684210526314 0.003067484662576687 0.05964912280701754
0 0.44539877300613495 0.3736842105263158 0.0036809815950920245 0.05964912280701754
0 0.4621165644171779 0.26666666666666666 0.0027607361963190185 0.04912280701754386
0 0.5430981595092025 0.5070175438596491 0.004601226993865031 0.05263157894736842
0 0.48619631901840493 0.3798245614035088 0.0036809815950920245 0.054385964912280704
0 0.5547546012269938 0.6885964912280702 0.006441717791411043 0.09298245614035087
0 0.6325153374233129 0.5228070175438596 0.0049079754601227 0.07017543859649122
0 0.5478527607361963 0.34649122807017546 0.0036809815950920245 0.05789473684210526
0 0.5412576687116565 0.2614035087719298 0.0027607361963190185 0.0456140350877193
0 0.4874233128834356 0.4763157894736842 0.0036809815950920245 0.06491228070175438
0 0.745398773006135 0.3570175438596491 0.0036809815950920245 0.05789473684210526
0 0.682361963190184 0.5763157894736842 0.005214723926380368 0.07894736842105263
0 0.5596625766871166 0.7464912280701754 0.008282208588957056 0.08596491228070176
0 0.6095092024539878 0.2894736842105263 0.003067484662576687 0.05263157894736842
0 0.5142638036809816 0.17894736842105263 0.0027607361963190185 0.03859649122807018
0 0.42392638036809815 0.7578947368421053 0.007361963190184049 0.08421052631578947
0 0.5662576687116564 0.5236842105263158 0.0049079754601227 0.07192982456140351
0 0.49263803680981594 0.3026315789473684 0.003067484662576687 0.04736842105263158
0 0.4812883435582822 0.39035087719298245 0.0036809815950920245 0.06140350877192982
0 0.4611963190184049 0.19210526315789472 0.0027607361963190185 0.03684210526315789
0 0.4372699386503067 0.4649122807017544 0.004601226993865031 0.06315789473684211