0 0.24846625766871167 0.356140350877193 0.00245398773006135 0.05964912280701754
0 0.38558282208588956 0.5587719298245614 0.0036809815950920245 0.06491228070175438
0 0.39815950920245397 0.4482456140350877 0.005521472392638037 0.07894736842105263
0 0.4041411042944785 0.3894736842105263 0.0027607361963190185 0.05964912280701754
0 0.4147239263803681 0.3043859649122807 0.003067484662576687 0.05789473684210526
0 0.4607361963190184 0.3736842105263158 0.0036809815950920245 0.05964912280701754
0 0.4391104294478528 0.506140350877193 0.004601226993865031 0.07192982456140351
0 0.42484662576687116 0.6149122807017544 0.005521472392638037 0.0824561403508772
0 0.5096625766871166 0.5070175438596491 0.004601226993865031 0.07368421052631578
0 0.5154907975460122 0.39035087719298245 0.003987730061349694 0.06140350877192982
0 0.44677914110429445 0.2596491228070175 0.0027607361963190185 0.04912280701754386
0 0.4147239263803681 0.5359649122807018 0.004294478527607362 0.07192982456140351
0 0.7131901840490797 0.35350877192982455 0.0036809815950920245 0.05789473684210526
0 0.5325153374233129 0.5543859649122806 0.004294478527607362 0.07017543859649122
0 0.42622699386503066 0.7368421052631579 0.006441717791411043 0.09473684210526316
0 0.5881901840490797 0.3078947368421053 0.003374233128834356 0.054385964912280704
0 0.4690184049079755 0.18771929824561404 0.00245398773006135 0.042105263157894736
0 0.3642638036809816 0.7368421052631579 0.006441717791411043 0.09473684210526316
0 0.4503067484662577 0.519298245614035 0.0049079754601227 0.07368421052631578
0 0.41595092024539876 0.4982456140350877 0.004294478527607362 0.06666666666666667
0 0.47914110429447854 0.37719298245614036 0.0036809815950920245 0.05964912280701754
0 0.42300613496932515 0.2850877192982456 0.003067484662576687 0.05087719298245614
0 0.4012269938650307 0.4219298245614035 0.004294478527607362 0.07192982456140351