0 0.27515337423312886 0.3385964912280702 0.004294478527607362 0.056140350877192984
0 0.4766871165644172 0.46578947368421053 0.004294478527607362 0.06491228070175438
0 0.47699386503067487 0.36666666666666664 0.0036809815950920245 0.05964912280701754
0 0.4843558282208589 0.3 0.003067484662576687 0.05263157894736842
0 0.49355828220858894 0.21578947368421053 0.00245398773006135 0.042105263157894736
0 0.5246932515337424 0.37105263157894736 0.003374233128834356 0.05789473684210526
0 0.5180981595092025 0.2754385964912281 0.003067484662576687 0.0456140350877193
0 0.5394171779141105 0.5184210526315789 0.004601226993865031 0.07192982456140351
0 0.6595092024539877 0.35 0.003067484662576687 0.05087719298245614
0 0.5987730061349693 0.2631578947368421 0.003067484662576687 0.04912280701754386
0 0.5447852760736196 0.21052631578947367 0.00245398773006135 0.042105263157894736
0 0.5042944785276073 0.4070175438596491 0.0036809815950920245 0.06666666666666667
0 0.7115030674846625 0.31491228070175437 0.003374233128834356 0.04035087719298246
0 0.6559815950920246 0.4026315789473684 0.004601226993865031 0.06842105263157895
0 0.588957055214724 0.7131578947368421 0.006134969325153374 0.09298245614035087
0 0.619478527607362 0.22280701754385965 0.0027607361963190185 0.0456140350877193
0 0.5233128834355828 0.16666666666666666 0.003067484662576687 0.031578947368421054
0 0.46319018404907975 0.5403508771929825 0.0049079754601227 0.06315789473684211
0 0.5266871165644171 0.4394736842105263 0.004294478527607362 0.05087719298245614
0 0.5015337423312883 0.26666666666666666 0.003067484662576687 0.04912280701754386
0 0.5243865030674847 0.3236842105263158 0.003374233128834356 0.054385964912280704
0 0.4854294478527607 0.19210526315789472 0.003374233128834356 0.04736842105263158
0 0.4723926380368098 0.3236842105263158 0.0036809815950920245 0.05789473684210526