0 0.349079754601227 0.31140350877192985 0.003067484662576687 0.05789473684210526
0 0.548159509202454 0.4473684210526316 0.004294478527607362 0.06666666666666667
0 0.4812883435582822 0.2789473684210526 0.003067484662576687 0.0456140350877193
0 0.5389570552147239 0.23684210526315788 0.003067484662576687 0.042105263157894736
0 0.6501533742331288 0.20789473684210527 0.003374233128834356 0.04736842105263158
0 0.6766871165644172 0.2394736842105263 0.0036809815950920245 0.054385964912280704
0 0.5529141104294478 0.2412280701754386 0.0027607361963190185 0.04035087719298246
0 0.6650306748466258 0.3701754385964912 0.0036809815950920245 0.05263157894736842
0 0.6510736196319018 0.2543859649122807 0.003374233128834356 0.05263157894736842
0 0.6029141104294479 0.2719298245614035 0.005828220858895706 0.05263157894736842
0 0.6015337423312883 0.19824561403508772 0.00245398773006135 0.031578947368421054
0 0.603680981595092 0.27280701754385966 0.0036809815950920245 0.05087719298245614
0 0.7559815950920246 0.31491228070175437 0.003374233128834356 0.054385964912280704
0 0.7108895705521472 0.24210526315789474 0.003374233128834356 0.042105263157894736
0 0.6861963190184049 0.36578947368421055 0.0036809815950920245 0.05789473684210526
0 0.6783742331288344 0.2517543859649123 0.003374233128834356 0.054385964912280704
0 0.6565950920245399 0.2307017543859649 0.003374233128834356 0.04736842105263158
0 0.5840490797546012 0.4631578947368421 0.004294478527607362 0.056140350877192984
0 0.6162576687116564 0.2964912280701754 0.003067484662576687 0.05263157894736842
0 0.5682515337423313 0.2614035087719298 0.0027607361963190185 0.0456140350877193
0 0.6153374233128834 0.22807017543859648 0.004294478527607362 0.056140350877192984
0 0.5220858895705521 0.1763157894736842 0.003067484662576687 0.04736842105263158
0 0.532361963190184 0.24473684210526317 0.003987730061349694 0.043859649122807015