0 0.2976993865030675 0.31140350877192985 0.003374233128834356 0.06140350877192982
0 0.5081288343558282 0.6403508771929824 0.005214723926380368 0.08421052631578947
0 0.45812883435582824 0.4087719298245614 0.003987730061349694 0.06315789473684211
0 0.47638036809815953 0.2149122807017544 0.00245398773006135 0.043859649122807015
0 0.5322085889570553 0.1675438596491228 0.0036809815950920245 0.043859649122807015
0 0.5072085889570552 0.22894736842105262 0.0027607361963190185 0.043859649122807015
0 0.525920245398773 0.4087719298245614 0.003987730061349694 0.05964912280701754
0 0.655521472392638 0.5157894736842106 0.004294478527607362 0.06315789473684211
0 0.6289877300613497 0.34035087719298246 0.003374233128834356 0.056140350877192984
0 0.6004601226993865 0.29736842105263156 0.003374233128834356 0.06140350877192982
0 0.5645705521472393 0.2394736842105263 0.003374233128834356 0.043859649122807015
0 0.5480061349693252 0.25 0.003374233128834356 0.05087719298245614
0 0.7526073619631902 0.32280701754385965 0.003374233128834356 0.05263157894736842
0 0.6515337423312884 0.35 0.0036809815950920245 0.05789473684210526
0 0.6565950920245399 0.45 0.005214723926380368 0.07543859649122807
0 0.6424846625766871 0.2807017543859649 0.003374233128834356 0.05263157894736842
0 0.5604294478527607 0.1824561403508772 0.00245398773006135 0.03508771929824561
0 0.5794478527607362 0.519298245614035 0.0049079754601227 0.07368421052631578
0 0.5973926380368099 0.34210526315789475 0.003374233128834356 0.056140350877192984
0 0.5622699386503067 0.2692982456140351 0.003067484662576687 0.05087719298245614
0 0.5888036809815951 0.24385964912280703 0.003987730061349694 0.056140350877192984
0 0.551840490797546 0.20701754385964913 0.0036809815950920245 0.0456140350877193
0 0.5001533742331289 0.3956140350877193 0.003987730061349694 0.07192982456140351