0 0.29141104294478526 0.356140350877193 0.00245398773006135 0.04912280701754386
0 0.49401840490797544 0.5991228070175438 0.005214723926380368 0.0824561403508772
0 0.5239263803680981 0.4473684210526316 0.004294478527607362 0.05964912280701754
0 0.48634969325153377 0.33245614035087717 0.003374233128834356 0.054385964912280704
0 0.49616564417177916 0.22982456140350876 0.0027607361963190185 0.0456140350877193
0 0.6483128834355828 0.41403508771929826 0.003987730061349694 0.06315789473684211
0 0.5533742331288344 0.3631578947368421 0.0036809815950920245 0.05964912280701754
0 0.6641104294478528 0.5543859649122806 0.0049079754601227 0.07017543859649122
0 0.7714723926380368 0.525438596491228 0.0049079754601227 0.07192982456140351
0 0.7530674846625767 0.3649122807017544 0.0036809815950920245 0.042105263157894736
0 0.5762269938650306 0.23771929824561402 0.0027607361963190185 0.04736842105263158
0 0.5618098159509203 0.40789473684210525 0.003374233128834356 0.06491228070175438
0 0.7880368098159509 0.38859649122807016 0.0036809815950920245 0.043859649122807015
0 0.8013803680981595 0.5807017543859649 0.005214723926380368 0.08070175438596491
0 0.7294478527607362 0.7333333333333333 0.006134969325153374 0.09473684210526316
0 0.657361963190184 0.1956140350877193 0.003067484662576687 0.04035087719298246
0 0.5476993865030675 0.17456140350877192 0.003374233128834356 0.04035087719298246
0 0.5035276073619632 0.6728070175438596 0.005828220858895706 0.08947368421052632
0 0.6105828220858895 0.4885964912280702 0.004601226993865031 0.07192982456140351
0 0.5398773006134969 0.45789473684210524 0.004294478527607362 0.06666666666666667
0 0.6584355828220859 0.3350877192982456 0.003374233128834356 0.056140350877192984
0 0.5050613496932516 0.22631578947368422 0.0027607361963190185 0.0456140350877193
0 0.4888036809815951 0.3631578947368421 0.003374233128834356 0.056140350877192984