0 0.28067484662576686 0.34210526315789475 0.004294478527607362 0.056140350877192984
0 0.4834355828220859 0.4605263157894737 0.004294478527607362 0.06842105263157895
0 0.4825153374233129 0.35350877192982455 0.0036809815950920245 0.05789473684210526
0 0.4901840490797546 0.2894736842105263 0.003067484662576687 0.05263157894736842
0 0.49969325153374233 0.21052631578947367 0.00245398773006135 0.03508771929824561
0 0.5587423312883436 0.33771929824561403 0.003987730061349694 0.06491228070175438
0 0.5282208588957055 0.27631578947368424 0.003067484662576687 0.043859649122807015
0 0.563957055214724 0.5157894736842106 0.004601226993865031 0.07017543859649122
0 0.6808282208588957 0.3447368421052632 0.003374233128834356 0.05789473684210526
0 0.6081288343558282 0.25 0.0027607361963190185 0.04736842105263158
0 0.5493865030674847 0.21052631578947367 0.00245398773006135 0.042105263157894736
0 0.5161042944785276 0.40350877192982454 0.003987730061349694 0.07017543859649122
0 0.6989263803680982 0.306140350877193 0.003374233128834356 0.054385964912280704
0 0.6900306748466257 0.45 0.004601226993865031 0.07192982456140351
0 0.6087423312883435 0.6877192982456141 0.005828220858895706 0.0912280701754386
0 0.6312883435582822 0.20614035087719298 0.00245398773006135 0.043859649122807015
0 0.5233128834355828 0.16578947368421051 0.003067484662576687 0.03333333333333333
0 0.48680981595092027 0.543859649122807 0.0049079754601227 0.07719298245614035
0 0.5608895705521473 0.4307017543859649 0.003987730061349694 0.06491228070175438
0 0.5087423312883436 0.2596491228070175 0.0027607361963190185 0.04912280701754386
0 0.5682515337423313 0.3131578947368421 0.004601226993865031 0.06491228070175438
0 0.49938650306748467 0.1912280701754386 0.003067484662576687 0.03508771929824561
0 0.4826687116564417 0.31842105263157894 0.003374233128834356 0.05789473684210526