0 0.24432515337423313 0.3763157894736842 0.003987730061349694 0.07543859649122807
0 0.3191717791411043 0.7280701754385965 0.006441717791411043 0.08771929824561403
0 0.32975460122699385 0.5859649122807018 0.004294478527607362 0.07719298245614035
0 0.3782208588957055 0.4570175438596491 0.004294478527607362 0.06842105263157895
0 0.4021472392638037 0.36140350877192984 0.0036809815950920245 0.056140350877192984
0 0.37622699386503067 0.6140350877192983 0.005214723926380368 0.09473684210526316
0 0.4292944785276074 0.5631578947368421 0.005214723926380368 0.07368421052631578
0 0.4003067484662577 0.7052631578947368 0.004294478527607362 0.07368421052631578
0 0.43236196319018405 0.7447368421052631 0.005214723926380368 0.08947368421052632
0 0.4855828220858896 0.44035087719298244 0.004294478527607362 0.06666666666666667
0 0.499079754601227 0.3587719298245614 0.003067484662576687 0.05789473684210526
0 0.4489263803680982 0.4614035087719298 0.003987730061349694 0.07017543859649122
0 0.7082822085889571 0.3815789473684211 0.0036809815950920245 0.06140350877192982
0 0.5458588957055215 0.6543859649122807 0.005828220858895706 0.08771929824561403
0 0.45153374233128835 0.7201754385964912 0.006134969325153374 0.08947368421052632
0 0.549079754601227 0.4605263157894737 0.004294478527607362 0.06842105263157895
0 0.5226993865030675 0.356140350877193 0.003067484662576687 0.05263157894736842
0 0.4088957055214724 0.7210526315789474 0.006134969325153374 0.09473684210526316
0 0.40613496932515336 0.6280701754385964 0.0049079754601227 0.08421052631578947
0 0.403680981595092 0.4666666666666667 0.004294478527607362 0.056140350877192984
0 0.4647239263803681 0.6043859649122807 0.005521472392638037 0.07894736842105263
0 0.42914110429447855 0.36929824561403507 0.0036809815950920245 0.05087719298245614
0 0.324079754601227 0.6035087719298246 0.005214723926380368 0.07368421052631578