0 0.3455521472392638 0.3333333333333333 0.003374233128834356 0.056140350877192984
0 0.6026073619631902 0.5105263157894737 0.004601226993865031 0.07368421052631578
0 0.5420245398773006 0.35526315789473684 0.0036809815950920245 0.05789473684210526
0 0.5276073619631901 0.2631578947368421 0.003067484662576687 0.04912280701754386
0 0.7144171779141104 0.1912280701754386 0.004294478527607362 0.03508771929824561
0 0.5835889570552147 0.24298245614035088 0.0027607361963190185 0.04736842105263158
0 0.624079754601227 0.31666666666666665 0.003374233128834356 0.05087719298245614
0 0.7524539877300613 0.36578947368421055 0.0036809815950920245 0.06140350877192982
0 0.6858895705521473 0.3 0.003067484662576687 0.05263157894736842
0 0.7363496932515338 0.2885964912280702 0.003987730061349694 0.05087719298245614
0 0.6440184049079755 0.18333333333333332 0.002147239263803681 0.02982456140350877
0 0.6657975460122699 0.23771929824561402 0.003987730061349694 0.054385964912280704
0 0.7734662576687117 0.3254385964912281 0.004601226993865031 0.054385964912280704
0 0.7441717791411043 0.30526315789473685 0.0049079754601227 0.06666666666666667
0 0.7615030674846626 0.37280701754385964 0.003987730061349694 0.05789473684210526
0 0.7372699386503068 0.26052631578947366 0.002147239263803681 0.043859649122807015
0 0.7161042944785276 0.20526315789473684 0.003987730061349694 0.042105263157894736
0 0.7122699386503067 0.44035087719298244 0.004294478527607362 0.06666666666666667
0 0.7265337423312883 0.2912280701754386 0.003374233128834356 0.05263157894736842
0 0.617638036809816 0.256140350877193 0.0027607361963190185 0.04912280701754386
0 0.7003067484662576 0.2929824561403509 0.003067484662576687 0.05263157894736842
0 0.6684049079754601 0.19210526315789472 0.0036809815950920245 0.04736842105263158
0 0.5489263803680982 0.35789473684210527 0.003374233128834356 0.056140350877192984