0 0.3338957055214724 0.2833333333333333 0.0027607361963190185 0.05087719298245614
0 0.495398773006135 0.4105263157894737 0.003067484662576687 0.03859649122807018
0 0.4587423312883436 0.256140350877193 0.0027607361963190185 0.04912280701754386
0 0.46503067484662575 0.1780701754385965 0.003067484662576687 0.043859649122807015
0 0.5294478527607362 0.15 0.00245398773006135 0.02982456140350877
0 0.5562883435582822 0.25263157894736843 0.003374233128834356 0.05263157894736842
0 0.5168711656441718 0.18771929824561404 0.00245398773006135 0.03859649122807018
0 0.6119631901840491 0.37456140350877193 0.0036809815950920245 0.05789473684210526
0 0.5869631901840491 0.2517543859649123 0.0027607361963190185 0.043859649122807015
0 0.5294478527607362 0.2657894736842105 0.003067484662576687 0.043859649122807015
0 0.5565950920245398 0.16140350877192983 0.0027607361963190185 0.03508771929824561
0 0.5415644171779141 0.2307017543859649 0.003374233128834356 0.054385964912280704
0 0.7118098159509203 0.30526315789473685 0.003374233128834356 0.05263157894736842
0 0.602760736196319 0.2692982456140351 0.003067484662576687 0.043859649122807015
0 0.629601226993865 0.34035087719298246 0.003374233128834356 0.056140350877192984
0 0.5989263803680982 0.2219298245614035 0.003987730061349694 0.05789473684210526
0 0.5838957055214724 0.18333333333333332 0.002147239263803681 0.02982456140350877
0 0.5484662576687117 0.37543859649122807 0.0036809815950920245 0.05964912280701754
0 0.5650306748466257 0.2710526315789474 0.003067484662576687 0.05087719298245614
0 0.5239263803680981 0.21842105263157896 0.00245398773006135 0.043859649122807015
0 0.5647239263803681 0.20789473684210527 0.0036809815950920245 0.04736842105263158
0 0.5329754601226994 0.16403508771929826 0.0027607361963190185 0.04035087719298246
0 0.4817484662576687 0.21842105263157896 0.0027607361963190185 0.05087719298245614