0 0.275920245398773 0.34385964912280703 0.003987730061349694 0.056140350877192984
0 0.4457055214723926 0.512280701754386 0.0036809815950920245 0.05964912280701754
0 0.4657975460122699 0.38859649122807016 0.003987730061349694 0.06140350877192982
0 0.46809815950920247 0.2833333333333333 0.003067484662576687 0.05087719298245614
0 0.47208588957055214 0.2131578947368421 0.00245398773006135 0.043859649122807015
0 0.49493865030674844 0.34385964912280703 0.003374233128834356 0.056140350877192984
0 0.5161042944785276 0.25526315789473686 0.003374233128834356 0.043859649122807015
0 0.4766871165644172 0.4649122807017544 0.004294478527607362 0.05964912280701754
0 0.552760736196319 0.3763157894736842 0.0036809815950920245 0.05789473684210526
0 0.5394171779141105 0.3078947368421053 0.003374233128834356 0.054385964912280704
0 0.521319018404908 0.20526315789473684 0.003374233128834356 0.042105263157894736
0 0.49279141104294477 0.40350877192982454 0.003987730061349694 0.06315789473684211
0 0.7219325153374233 0.3236842105263158 0.003374233128834356 0.054385964912280704
0 0.63420245398773 0.40350877192982454 0.003987730061349694 0.06315789473684211
0 0.5492331288343558 0.7201754385964912 0.005828220858895706 0.09298245614035087
0 0.601840490797546 0.27456140350877195 0.003067484662576687 0.05087719298245614
0 0.5282208588957055 0.16578947368421051 0.00245398773006135 0.04035087719298246
0 0.4475460122699387 0.6210526315789474 0.005521472392638037 0.08421052631578947
0 0.5569018404907975 0.34210526315789475 0.003374233128834356 0.056140350877192984
0 0.5153374233128835 0.2236842105263158 0.003067484662576687 0.043859649122807015
0 0.48588957055214727 0.27982456140350875 0.003067484662576687 0.05087719298245614
0 0.4699386503067485 0.17192982456140352 0.003067484662576687 0.03859649122807018
0 0.45720858895705524 0.4114035087719298 0.003987730061349694 0.06491228070175438