0 0.35245398773006137 0.3280701754385965 0.003067484662576687 0.06666666666666667
0 0.6062883435582822 0.4956140350877193 0.004601226993865031 0.07192982456140351
0 0.5432515337423313 0.35 0.0036809815950920245 0.05789473684210526
0 0.5280674846625767 0.2614035087719298 0.0027607361963190185 0.04912280701754386
0 0.7030674846625767 0.1824561403508772 0.003067484662576687 0.03508771929824561
0 0.5878834355828221 0.23596491228070177 0.0027607361963190185 0.04736842105263158
0 0.6302147239263803 0.3140350877192982 0.003374233128834356 0.05263157894736842
0 0.7424846625766871 0.3526315789473684 0.003987730061349694 0.07017543859649122
0 0.6855828220858896 0.3 0.003067484662576687 0.0456140350877193
0 0.725 0.26052631578947366 0.003374233128834356 0.04736842105263158
0 0.6480061349693251 0.18333333333333332 0.002147239263803681 0.02631578947368421
0 0.6684049079754601 0.2307017543859649 0.0036809815950920245 0.05087719298245614
0 0.774079754601227 0.3254385964912281 0.004601226993865031 0.054385964912280704
0 0.7394171779141104 0.29473684210526313 0.004601226993865031 0.05263157894736842
0 0.7550613496932516 0.36403508771929827 0.004601226993865031 0.06842105263157895
0 0.7294478527607362 0.26052631578947366 0.00245398773006135 0.043859649122807015
0 0.7036809815950921 0.19473684210526315 0.003067484662576687 0.042105263157894736
0 0.7119631901840491 0.4307017543859649 0.004294478527607362 0.06491228070175438
0 0.7211656441717792 0.28157894736842104 0.004294478527607362 0.054385964912280704
0 0.625 0.2482456140350877 0.0027607361963190185 0.04736842105263158
0 0.6938650306748466 0.27982456140350875 0.003067484662576687 0.05087719298245614
0 0.6762269938650307 0.18771929824561404 0.003987730061349694 0.042105263157894736
0 0.5484662576687117 0.35526315789473684 0.0036809815950920245 0.06140350877192982