0 0.3512269938650307 0.3087719298245614 0.003067484662576687 0.05964912280701754
0 0.5306748466257669 0.43508771929824563 0.004294478527607362 0.06666666666666667
0 0.48067484662576687 0.2710526315789474 0.003067484662576687 0.05087719298245614
0 0.5371165644171779 0.2219298245614035 0.0036809815950920245 0.05087719298245614
0 0.6371165644171779 0.21140350877192982 0.00245398773006135 0.043859649122807015
0 0.6611963190184049 0.23771929824561402 0.003374233128834356 0.04736842105263158
0 0.5523006134969325 0.22982456140350876 0.0027607361963190185 0.03859649122807018
0 0.65 0.3736842105263158 0.0036809815950920245 0.05964912280701754
0 0.6421779141104295 0.2596491228070175 0.0027607361963190185 0.042105263157894736
0 0.593558282208589 0.27456140350877195 0.003067484662576687 0.05087719298245614
0 0.591717791411043 0.20175438596491227 0.00245398773006135 0.031578947368421054
0 0.5884969325153374 0.2771929824561403 0.003987730061349694 0.056140350877192984
0 0.7553680981595092 0.3219298245614035 0.003374233128834356 0.054385964912280704
0 0.7033742331288344 0.25087719298245614 0.0036809815950920245 0.042105263157894736
0 0.6730061349693252 0.36929824561403507 0.0036809815950920245 0.043859649122807015
0 0.6647239263803681 0.24649122807017543 0.0036809815950920245 0.043859649122807015
0 0.6489263803680981 0.22719298245614036 0.003374233128834356 0.04736842105263158
0 0.5613496932515337 0.4605263157894737 0.004294478527607362 0.06842105263157895
0 0.6039877300613496 0.2982456140350877 0.003067484662576687 0.05263157894736842
0 0.5664110429447853 0.2614035087719298 0.0027607361963190185 0.042105263157894736
0 0.5952453987730061 0.21929824561403508 0.003987730061349694 0.05263157894736842
0 0.5107361963190185 0.1763157894736842 0.00245398773006135 0.04035087719298246
0 0.5326687116564417 0.23684210526315788 0.003987730061349694 0.0456140350877193