0 0.3599693251533742 0.3263157894736842 0.003374233128834356 0.07368421052631578
0 0.6122699386503068 0.4789473684210526 0.004294478527607362 0.07017543859649122
0 0.5421779141104295 0.3447368421052632 0.003374233128834356 0.05789473684210526
0 0.5283742331288344 0.2596491228070175 0.0027607361963190185 0.04912280701754386
0 0.6952453987730062 0.17192982456140352 0.003374233128834356 0.03859649122807018
0 0.5891104294478527 0.22631578947368422 0.0027607361963190185 0.0456140350877193
0 0.6351226993865031 0.31140350877192985 0.003374233128834356 0.054385964912280704
0 0.7331288343558282 0.3649122807017544 0.0036809815950920245 0.05964912280701754
0 0.6843558282208589 0.306140350877193 0.003067484662576687 0.04736842105263158
0 0.7087423312883435 0.24736842105263157 0.004601226993865031 0.05964912280701754
0 0.657361963190184 0.18333333333333332 0.003067484662576687 0.02982456140350877
0 0.6685582822085889 0.22982456140350876 0.003987730061349694 0.05263157894736842
0 0.7751533742331288 0.3236842105263158 0.004294478527607362 0.05789473684210526
0 0.7411042944785277 0.30087719298245613 0.004294478527607362 0.05087719298245614
0 0.7424846625766871 0.3543859649122807 0.003374233128834356 0.06666666666666667
0 0.7214723926380369 0.25701754385964914 0.00245398773006135 0.04736842105263158
0 0.698159509202454 0.17982456140350878 0.0036809815950920245 0.03684210526315789
0 0.7115030674846625 0.42543859649122806 0.003987730061349694 0.06491228070175438
0 0.7141104294478527 0.2824561403508772 0.004294478527607362 0.05263157894736842
0 0.629601226993865 0.23508771929824562 0.0027607361963190185 0.0456140350877193
0 0.6872699386503067 0.26403508771929823 0.003987730061349694 0.054385964912280704
0 0.6773006134969325 0.1824561403508772 0.004294478527607362 0.0456140350877193
0 0.5484662576687117 0.35175438596491226 0.0036809815950920245 0.06140350877192982