0 0.27208588957055213 0.3473684210526316 0.0036809815950920245 0.06666666666666667
0 0.4265337423312883 0.6666666666666666 0.005828220858895706 0.07719298245614035
0 0.40107361963190186 0.4570175438596491 0.003987730061349694 0.06842105263157895
0 0.4256134969325153 0.23771929824561402 0.0027607361963190185 0.04736842105263158
0 0.5197852760736197 0.17192982456140352 0.002147239263803681 0.042105263157894736
0 0.456441717791411 0.2894736842105263 0.003067484662576687 0.0456140350877193
0 0.46748466257668714 0.4543859649122807 0.004294478527607362 0.05964912280701754
0 0.594478527607362 0.5622807017543859 0.005521472392638037 0.08947368421052632
0 0.5832822085889571 0.4105263157894737 0.003987730061349694 0.056140350877192984
0 0.5542944785276074 0.34649122807017546 0.0036809815950920245 0.05789473684210526
0 0.46932515337423314 0.37543859649122807 0.0036809815950920245 0.05964912280701754
0 0.5266871165644171 0.2771929824561403 0.0036809815950920245 0.05964912280701754
0 0.7274539877300613 0.3368421052631579 0.003374233128834356 0.056140350877192984
0 0.6072085889570552 0.4105263157894737 0.003987730061349694 0.06315789473684211
0 0.6090490797546012 0.5526315789473685 0.003987730061349694 0.06315789473684211
0 0.5927914110429447 0.3385964912280702 0.003374233128834356 0.056140350877192984
0 0.567638036809816 0.23771929824561402 0.0027607361963190185 0.043859649122807015
0 0.5265337423312884 0.5728070175438597 0.005214723926380368 0.07894736842105263
0 0.5452453987730062 0.4105263157894737 0.003987730061349694 0.06315789473684211
0 0.4920245398773006 0.36929824561403507 0.0036809815950920245 0.054385964912280704
0 0.5483128834355828 0.3394736842105263 0.005214723926380368 0.054385964912280704
0 0.5016871165644172 0.29035087719298247 0.003374233128834356 0.05087719298245614
0 0.46042944785276074 0.45526315789473687 0.0036809815950920245 0.06140350877192982