0 0.24539877300613497 0.36578947368421055 0.003067484662576687 0.04736842105263158
0 0.4133435582822086 0.7175438596491228 0.00705521472392638 0.09473684210526316
0 0.3754601226993865 0.6175438596491228 0.004294478527607362 0.07719298245614035
0 0.40843558282208586 0.40350877192982454 0.003374233128834356 0.06315789473684211
0 0.43190184049079755 0.29035087719298247 0.003067484662576687 0.03684210526315789
0 0.4562883435582822 0.5815789473684211 0.005214723926380368 0.07894736842105263
0 0.4432515337423313 0.4535087719298246 0.004294478527607362 0.05789473684210526
0 0.5038343558282209 0.6850877192982456 0.005828220858895706 0.08947368421052632
0 0.576840490797546 0.43157894736842106 0.004601226993865031 0.05263157894736842
0 0.5095092024539877 0.4456140350877193 0.004294478527607362 0.06666666666666667
0 0.5179447852760736 0.23508771929824562 0.0027607361963190185 0.042105263157894736
0 0.4532208588957055 0.49473684210526314 0.004601226993865031 0.07368421052631578
0 0.7156441717791411 0.34649122807017546 0.003067484662576687 0.05087719298245614
0 0.5993865030674846 0.5491228070175439 0.0049079754601227 0.07719298245614035
0 0.5483128834355828 0.7412280701754386 0.006441717791411043 0.09649122807017543
0 0.5794478527607362 0.3350877192982456 0.0049079754601227 0.05964912280701754
0 0.5480061349693252 0.256140350877193 0.0027607361963190185 0.0456140350877193
0 0.4144171779141104 0.7508771929824561 0.006748466257668712 0.09824561403508772
0 0.49555214723926383 0.5587719298245614 0.005214723926380368 0.07192982456140351
0 0.4592024539877301 0.38070175438596493 0.004294478527607362 0.056140350877192984
0 0.5254601226993865 0.46403508771929824 0.003067484662576687 0.06140350877192982
0 0.44401840490797545 0.19736842105263158 0.003987730061349694 0.05087719298245614
0 0.38404907975460123 0.643859649122807 0.004294478527607362 0.07719298245614035