0 0.25950920245398773 0.3456140350877193 0.003067484662576687 0.056140350877192984
0 0.39846625766871163 0.5280701754385965 0.004294478527607362 0.06666666666666667
0 0.4200920245398773 0.39210526315789473 0.003987730061349694 0.06491228070175438
0 0.4233128834355828 0.3236842105263158 0.0036809815950920245 0.05789473684210526
0 0.4357361963190184 0.23684210526315788 0.0027607361963190185 0.0456140350877193
0 0.4558282208588957 0.4307017543859649 0.004294478527607362 0.06491228070175438
0 0.46656441717791414 0.28596491228070176 0.0036809815950920245 0.04912280701754386
0 0.46932515337423314 0.5780701754385965 0.0049079754601227 0.07543859649122807
0 0.48588957055214727 0.4649122807017544 0.004294478527607362 0.056140350877192984
0 0.5182515337423312 0.3254385964912281 0.003374233128834356 0.04736842105263158
0 0.5026073619631902 0.23333333333333334 0.0027607361963190185 0.0456140350877193
0 0.4726993865030675 0.45964912280701753 0.0036809815950920245 0.06666666666666667
0 0.7127300613496933 0.33157894736842103 0.003374233128834356 0.056140350877192984
0 0.5992331288343559 0.47719298245614034 0.004601226993865031 0.07017543859649122
0 0.49263803680981594 0.7219298245614035 0.006134969325153374 0.09298245614035087
0 0.5904907975460123 0.2964912280701754 0.003067484662576687 0.05263157894736842
0 0.5269938650306748 0.1868421052631579 0.00245398773006135 0.03684210526315789
0 0.38496932515337423 0.7096491228070175 0.006134969325153374 0.08947368421052632
0 0.46411042944785275 0.44035087719298244 0.0036809815950920245 0.07017543859649122
0 0.48588957055214727 0.26052631578947366 0.004294478527607362 0.043859649122807015
0 0.5346625766871166 0.4307017543859649 0.004294478527607362 0.06491228070175438
0 0.449079754601227 0.18070175438596492 0.00245398773006135 0.03859649122807018
0 0.425 0.3684210526315789 0.003987730061349694 0.06315789473684211