0 0.35107361963190187 0.3140350877192982 0.002147239263803681 0.05263157894736842
0 0.6142638036809815 0.47368421052631576 0.004601226993865031 0.07017543859649122
0 0.5498466257668712 0.3385964912280702 0.003374233128834356 0.056140350877192984
0 0.5185582822085889 0.25263157894736843 0.0027607361963190185 0.04912280701754386
0 0.6273006134969326 0.1850877192982456 0.004294478527607362 0.043859649122807015
0 0.6337423312883436 0.22280701754385965 0.0036809815950920245 0.042105263157894736
0 0.5863496932515337 0.2412280701754386 0.0027607361963190185 0.03684210526315789
0 0.6829754601226994 0.38859649122807016 0.003987730061349694 0.06842105263157895
0 0.6858895705521473 0.3298245614035088 0.003067484662576687 0.0456140350877193
0 0.6386503067484662 0.26842105263157895 0.003067484662576687 0.04912280701754386
0 0.5757668711656442 0.1780701754385965 0.00245398773006135 0.03333333333333333
0 0.6125766871165644 0.23333333333333334 0.0036809815950920245 0.05263157894736842
0 0.775 0.3350877192982456 0.003987730061349694 0.0456140350877193
0 0.6766871165644172 0.2964912280701754 0.003067484662576687 0.05263157894736842
0 0.7027607361963191 0.3815789473684211 0.0049079754601227 0.07543859649122807
0 0.6556748466257669 0.24385964912280703 0.004601226993865031 0.05263157894736842
0 0.6368098159509202 0.21140350877192982 0.00245398773006135 0.03684210526315789
0 0.6542944785276074 0.4421052631578947 0.004294478527607362 0.06666666666666667
0 0.6541411042944786 0.31491228070175437 0.003374233128834356 0.054385964912280704
0 0.6099693251533742 0.23333333333333334 0.0027607361963190185 0.03859649122807018
0 0.6108895705521472 0.20701754385964913 0.003374233128834356 0.03859649122807018
0 0.5861963190184049 0.18771929824561404 0.00245398773006135 0.03508771929824561
0 0.5302147239263804 0.2929824561403509 0.003374233128834356 0.05263157894736842