0 0.26042944785276073 0.33421052631578946 0.0049079754601227 0.05789473684210526
0 0.45 0.7710526315789473 0.006748466257668712 0.09649122807017543
0 0.3875766871165644 0.512280701754386 0.004601226993865031 0.07368421052631578
0 0.41411042944785276 0.2982456140350877 0.003067484662576687 0.05263157894736842
0 0.47024539877300614 0.18596491228070175 0.00245398773006135 0.03508771929824561
0 0.44493865030674845 0.36666666666666664 0.0027607361963190185 0.042105263157894736
0 0.4897239263803681 0.2596491228070175 0.0027607361963190185 0.042105263157894736
0 0.6006134969325153 0.5614035087719298 0.0049079754601227 0.06315789473684211
0 0.5897239263803681 0.4421052631578947 0.003374233128834356 0.05263157894736842
0 0.5679447852760736 0.3219298245614035 0.003374233128834356 0.05087719298245614
0 0.5466257668711656 0.19298245614035087 0.00245398773006135 0.03859649122807018
0 0.5148773006134969 0.2807017543859649 0.003374233128834356 0.05263157894736842
0 0.729601226993865 0.34035087719298246 0.003374233128834356 0.056140350877192984
0 0.5924846625766871 0.41403508771929826 0.003987730061349694 0.06315789473684211
0 0.6058282208588958 0.5210526315789473 0.004294478527607362 0.07017543859649122
0 0.5829754601226994 0.3350877192982456 0.003374233128834356 0.056140350877192984
0 0.5679447852760736 0.2482456140350877 0.0027607361963190185 0.04736842105263158
0 0.5038343558282209 0.5745614035087719 0.005214723926380368 0.07894736842105263
0 0.5358895705521473 0.39824561403508774 0.0036809815950920245 0.05263157894736842
0 0.4771472392638037 0.3254385964912281 0.003374233128834356 0.05087719298245614
0 0.5289877300613497 0.31842105263157894 0.003374233128834356 0.054385964912280704
0 0.501840490797546 0.22543859649122808 0.003067484662576687 0.04736842105263158
0 0.4401840490797546 0.40350877192982454 0.0036809815950920245 0.06315789473684211