0 0.30076687116564416 0.36666666666666664 0.003374233128834356 0.06315789473684211
0 0.5384969325153375 0.656140350877193 0.005828220858895706 0.08421052631578947
0 0.49079754601226994 0.5228070175438596 0.0049079754601227 0.07368421052631578
0 0.49739263803680983 0.39210526315789473 0.003987730061349694 0.06140350877192982
0 0.4986196319018405 0.256140350877193 0.0027607361963190185 0.04912280701754386
0 0.571319018404908 0.4789473684210526 0.004601226993865031 0.05964912280701754
0 0.6041411042944785 0.4043859649122807 0.003987730061349694 0.05789473684210526
0 0.7220858895705522 0.5684210526315789 0.0049079754601227 0.04912280701754386
0 0.6533742331288344 0.45526315789473687 0.004294478527607362 0.05789473684210526
0 0.6980061349693252 0.4824561403508772 0.004601226993865031 0.06666666666666667
0 0.6131901840490798 0.2868421052631579 0.003067484662576687 0.05087719298245614
0 0.5762269938650306 0.40350877192982454 0.003374233128834356 0.056140350877192984
0 0.7716257668711657 0.34649122807017546 0.003374233128834356 0.04736842105263158
0 0.7733128834355828 0.5780701754385965 0.006134969325153374 0.08596491228070176
0 0.7384969325153374 0.6605263157894737 0.005828220858895706 0.0824561403508772
0 0.7046012269938651 0.3649122807017544 0.004294478527607362 0.06315789473684211
0 0.6338957055214723 0.23333333333333334 0.0027607361963190185 0.0456140350877193
0 0.561963190184049 0.7017543859649122 0.006134969325153374 0.0912280701754386
0 0.662883435582822 0.4842105263157895 0.0049079754601227 0.07368421052631578
0 0.5519938650306748 0.4 0.003987730061349694 0.05964912280701754
0 0.6685582822085889 0.4166666666666667 0.003987730061349694 0.06140350877192982
0 0.5219325153374234 0.21228070175438596 0.0027607361963190185 0.05263157894736842
0 0.49754601226993866 0.5333333333333333 0.0049079754601227 0.06666666666666667