0 0.2696319018404908 0.34210526315789475 0.004294478527607362 0.07017543859649122
0 0.4251533742331288 0.5640350877192982 0.0049079754601227 0.07543859649122807
0 0.4331288343558282 0.4456140350877193 0.004294478527607362 0.06666666666666667
0 0.4535276073619632 0.31666666666666665 0.003374233128834356 0.054385964912280704
0 0.44217791411042945 0.2394736842105263 0.0027607361963190185 0.04736842105263158
0 0.48665644171779143 0.4149122807017544 0.003987730061349694 0.05789473684210526
0 0.49892638036809817 0.3298245614035088 0.003374233128834356 0.056140350877192984
0 0.5076687116564417 0.5263157894736842 0.0049079754601227 0.07017543859649122
0 0.5762269938650306 0.4885964912280702 0.004601226993865031 0.07192982456140351
0 0.5443251533742332 0.393859649122807 0.003987730061349694 0.06140350877192982
0 0.5030674846625767 0.23333333333333334 0.003067484662576687 0.042105263157894736
0 0.4726993865030675 0.43859649122807015 0.004294478527607362 0.06666666666666667
0 0.7133435582822086 0.33157894736842103 0.003374233128834356 0.056140350877192984
0 0.6291411042944786 0.44912280701754387 0.004294478527607362 0.06666666666666667
0 0.4147239263803681 0.6850877192982456 0.006134969325153374 0.08947368421052632
0 0.6023006134969325 0.3201754385964912 0.003374233128834356 0.03684210526315789
0 0.5361963190184049 0.18859649122807018 0.00245398773006135 0.04035087719298246
0 0.41503067484662576 0.5394736842105263 0.0049079754601227 0.07543859649122807
0 0.5331288343558283 0.38421052631578945 0.004294478527607362 0.06315789473684211
0 0.5015337423312883 0.27456140350877195 0.003067484662576687 0.05087719298245614
0 0.5230061349693251 0.3350877192982456 0.0036809815950920245 0.05964912280701754
0 0.4578220858895706 0.17017543859649123 0.003374233128834356 0.0456140350877193
0 0.43558282208588955 0.5982456140350877 0.006748466257668712 0.08771929824561403