0 0.33450920245398774 0.3280701754385965 0.003374233128834356 0.05964912280701754
0 0.5846625766871165 0.5412280701754386 0.0049079754601227 0.07543859649122807
0 0.5285276073619631 0.3587719298245614 0.0036809815950920245 0.05789473684210526
0 0.5188650306748466 0.2543859649122807 0.0027607361963190185 0.04912280701754386
0 0.7004601226993865 0.19210526315789472 0.003987730061349694 0.043859649122807015
0 0.5691717791411043 0.22982456140350876 0.0027607361963190185 0.03859649122807018
0 0.6047546012269939 0.3140350877192982 0.003374233128834356 0.0456140350877193
0 0.7475460122699387 0.39649122807017545 0.0036809815950920245 0.05964912280701754
0 0.6650306748466258 0.26666666666666666 0.003067484662576687 0.04912280701754386
0 0.722239263803681 0.3307017543859649 0.003987730061349694 0.05789473684210526
0 0.6246932515337423 0.1850877192982456 0.002147239263803681 0.015789473684210527
0 0.6372699386503068 0.23508771929824562 0.003987730061349694 0.056140350877192984
0 0.7739263803680981 0.3263157894736842 0.004294478527607362 0.05263157894736842
0 0.7357361963190184 0.33421052631578946 0.003374233128834356 0.054385964912280704
0 0.7519938650306749 0.3815789473684211 0.003987730061349694 0.05789473684210526
0 0.7147239263803681 0.24912280701754386 0.00245398773006135 0.04912280701754386
0 0.6983128834355828 0.2043859649122807 0.004601226993865031 0.04736842105263158
0 0.6892638036809816 0.46403508771929824 0.004294478527607362 0.06842105263157895
0 0.7007668711656442 0.3131578947368421 0.003987730061349694 0.06842105263157895
0 0.5980061349693252 0.25526315789473686 0.0027607361963190185 0.04736842105263158
0 0.6763803680981595 0.28421052631578947 0.0036809815950920245 0.04912280701754386
0 0.6429447852760736 0.1956140350877193 0.0036809815950920245 0.04736842105263158
0 0.5455521472392638 0.3543859649122807 0.003987730061349694 0.05263157894736842