0 0.28726993865030676 0.3447368421052632 0.0027607361963190185 0.06491228070175438
0 0.45674846625766874 0.6850877192982456 0.006134969325153374 0.08947368421052632
0 0.423159509202454 0.4473684210526316 0.003987730061349694 0.06666666666666667
0 0.4526073619631902 0.2412280701754386 0.0027607361963190185 0.04736842105263158
0 0.5265337423312884 0.17456140350877192 0.003374233128834356 0.03684210526315789
0 0.46809815950920247 0.2982456140350877 0.003067484662576687 0.05263157894736842
0 0.502760736196319 0.4728070175438597 0.005521472392638037 0.07192982456140351
0 0.6019938650306749 0.5105263157894737 0.004601226993865031 0.07017543859649122
0 0.6 0.443859649122807 0.004294478527607362 0.06666666666666667
0 0.5783742331288344 0.32456140350877194 0.003374233128834356 0.05263157894736842
0 0.49739263803680983 0.3587719298245614 0.0027607361963190185 0.05087719298245614
0 0.5371165644171779 0.28157894736842104 0.003067484662576687 0.05087719298245614
0 0.7311349693251534 0.3368421052631579 0.003374233128834356 0.056140350877192984
0 0.6225460122699387 0.4201754385964912 0.003987730061349694 0.06491228070175438
0 0.6131901840490798 0.5008771929824561 0.0049079754601227 0.07192982456140351
0 0.6053680981595092 0.33157894736842103 0.003374233128834356 0.056140350877192984
0 0.5780674846625767 0.2412280701754386 0.0027607361963190185 0.04736842105263158
0 0.5449386503067485 0.5894736842105263 0.005214723926380368 0.08070175438596491
0 0.567638036809816 0.42543859649122806 0.003987730061349694 0.06491228070175438
0 0.49938650306748467 0.34912280701754383 0.0036809815950920245 0.04912280701754386
0 0.5819018404907975 0.3298245614035088 0.004294478527607362 0.05964912280701754
0 0.4941717791411043 0.28771929824561404 0.0036809815950920245 0.04912280701754386
0 0.4822085889570552 0.4517543859649123 0.0036809815950920245 0.06140350877192982