0 0.2611963190184049 0.34649122807017546 0.003987730061349694 0.06140350877192982
0 0.42622699386503066 0.5912280701754385 0.005214723926380368 0.08070175438596491
0 0.42438650306748466 0.49298245614035086 0.003987730061349694 0.08421052631578947
0 0.4443251533742331 0.34649122807017546 0.003374233128834356 0.05789473684210526
0 0.44309815950920245 0.2596491228070175 0.0027607361963190185 0.04912280701754386
0 0.49233128834355827 0.46403508771929824 0.004294478527607362 0.06842105263157895
0 0.49233128834355827 0.387719298245614 0.0036809815950920245 0.056140350877192984
0 0.524079754601227 0.5631578947368421 0.005214723926380368 0.07719298245614035
0 0.5901840490797546 0.5289473684210526 0.0049079754601227 0.06491228070175438
0 0.5486196319018405 0.42894736842105263 0.003987730061349694 0.06491228070175438
0 0.49555214723926383 0.25 0.0027607361963190185 0.04736842105263158
0 0.46656441717791414 0.4587719298245614 0.004294478527607362 0.06842105263157895
0 0.7191717791411043 0.34210526315789475 0.003374233128834356 0.056140350877192984
0 0.6299079754601227 0.4789473684210526 0.004601226993865031 0.07017543859649122
0 0.38742331288343557 0.6982456140350877 0.006134969325153374 0.0912280701754386
0 0.6130368098159509 0.3280701754385965 0.003374233128834356 0.056140350877192984
0 0.5411042944785276 0.20526315789473684 0.00245398773006135 0.03859649122807018
0 0.4171779141104294 0.5473684210526316 0.0049079754601227 0.07719298245614035
0 0.5507668711656442 0.42543859649122806 0.005214723926380368 0.06842105263157895
0 0.4826687116564417 0.3105263157894737 0.003374233128834356 0.05263157894736842
0 0.5239263803680981 0.3649122807017544 0.0036809815950920245 0.056140350877192984
0 0.4550613496932515 0.1780701754385965 0.002147239263803681 0.04035087719298246
0 0.4484662576687117 0.6421052631578947 0.006748466257668712 0.08421052631578947