0 0.2236196319018405 0.3684210526315789 0.004294478527607362 0.06666666666666667
0 0.2179447852760736 0.7385964912280701 0.006441717791411043 0.08070175438596491
0 0.3116564417177914 0.5210526315789473 0.0049079754601227 0.07017543859649122
0 0.36641104294478527 0.39210526315789473 0.003374233128834356 0.054385964912280704
0 0.40705521472392636 0.2964912280701754 0.003067484662576687 0.05263157894736842
0 0.4906441717791411 0.5754385964912281 0.005214723926380368 0.07719298245614035
0 0.4306748466257669 0.4263157894736842 0.004294478527607362 0.05964912280701754
0 0.47776073619631904 0.6298245614035087 0.003987730061349694 0.0912280701754386
0 0.616717791411043 0.5622807017543859 0.005214723926380368 0.07543859649122807
0 0.5377300613496933 0.35 0.0036809815950920245 0.05789473684210526
0 0.5199386503067485 0.2657894736842105 0.003067484662576687 0.043859649122807015
0 0.40950920245398775 0.4868421052631579 0.0036809815950920245 0.07192982456140351
0 0.7217791411042945 0.35526315789473684 0.0036809815950920245 0.05789473684210526
0 0.6121165644171779 0.5833333333333334 0.005214723926380368 0.09298245614035087
0 0.5049079754601227 0.6894736842105263 0.006134969325153374 0.08771929824561403
0 0.5808282208588957 0.31140350877192985 0.003374233128834356 0.054385964912280704
0 0.5219325153374234 0.2026315789473684 0.003987730061349694 0.04035087719298246
0 0.20368098159509201 0.7710526315789473 0.006748466257668712 0.09298245614035087
0 0.5256134969325154 0.4824561403508772 0.004601226993865031 0.05263157894736842
0 0.43420245398773005 0.33421052631578946 0.003374233128834356 0.04035087719298246
0 0.43558282208588955 0.443859649122807 0.0036809815950920245 0.05964912280701754
0 0.401840490797546 0.2412280701754386 0.003067484662576687 0.04035087719298246
0 0.3440184049079755 0.5298245614035088 0.005214723926380368 0.07017543859649122