0 0.3138036809815951 0.3017543859649123 0.00245398773006135 0.05263157894736842
0 0.495398773006135 0.40789473684210525 0.004294478527607362 0.05087719298245614
0 0.4653374233128834 0.27807017543859647 0.003067484662576687 0.05087719298245614
0 0.4656441717791411 0.1692982456140351 0.003067484662576687 0.03684210526315789
0 0.5280674846625767 0.15526315789473685 0.0027607361963190185 0.03684210526315789
0 0.5469325153374233 0.2736842105263158 0.003067484662576687 0.042105263157894736
0 0.5087423312883436 0.17017543859649123 0.0027607361963190185 0.03859649122807018
0 0.603680981595092 0.3649122807017544 0.0036809815950920245 0.056140350877192984
0 0.5792944785276074 0.25 0.0027607361963190185 0.04736842105263158
0 0.5239263803680981 0.2649122807017544 0.003067484662576687 0.04912280701754386
0 0.5596625766871166 0.16140350877192983 0.003374233128834356 0.03859649122807018
0 0.5398773006134969 0.2412280701754386 0.003067484662576687 0.054385964912280704
0 0.7292944785276073 0.3078947368421053 0.003374233128834356 0.054385964912280704
0 0.601840490797546 0.26666666666666666 0.003067484662576687 0.04912280701754386
0 0.6225460122699387 0.33157894736842103 0.003374233128834356 0.056140350877192984
0 0.602760736196319 0.22280701754385965 0.003067484662576687 0.04912280701754386
0 0.5753067484662576 0.1763157894736842 0.0027607361963190185 0.03684210526315789
0 0.5392638036809816 0.3701754385964912 0.0036809815950920245 0.05964912280701754
0 0.5647239263803681 0.27017543859649124 0.003067484662576687 0.04912280701754386
0 0.5226993865030675 0.20175438596491227 0.00245398773006135 0.042105263157894736
0 0.5754601226993865 0.2149122807017544 0.0036809815950920245 0.04736842105263158
0 0.5426380368098159 0.16842105263157894 0.003067484662576687 0.03859649122807018
0 0.4812883435582822 0.21052631578947367 0.003067484662576687 0.05263157894736842