0 0.23144171779141104 0.3254385964912281 0.003374233128834356 0.054385964912280704
0 0.33067484662576685 0.506140350877193 0.0049079754601227 0.06842105263157895
0 0.3464723926380368 0.4149122807017544 0.003987730061349694 0.06491228070175438
0 0.36457055214723927 0.29035087719298247 0.0027607361963190185 0.04035087719298246
0 0.36717791411042944 0.2149122807017544 0.00245398773006135 0.043859649122807015
0 0.39355828220858896 0.36929824561403507 0.0036809815950920245 0.05087719298245614
0 0.4144171779141104 0.2868421052631579 0.003067484662576687 0.03684210526315789
0 0.4550613496932515 0.5798245614035088 0.005214723926380368 0.06491228070175438
0 0.536042944785276 0.4166666666666667 0.003987730061349694 0.06491228070175438
0 0.4794478527607362 0.37719298245614036 0.0036809815950920245 0.05964912280701754
0 0.39769938650306746 0.22807017543859648 0.003374233128834356 0.0456140350877193
0 0.4162576687116564 0.4 0.004294478527607362 0.07017543859649122
0 0.7062883435582822 0.33421052631578946 0.003374233128834356 0.05789473684210526
0 0.5489263803680982 0.42543859649122806 0.003987730061349694 0.06491228070175438
0 0.47929447852760737 0.5763157894736842 0.005214723926380368 0.07894736842105263
0 0.5386503067484663 0.27982456140350875 0.003067484662576687 0.05087719298245614
0 0.499079754601227 0.21842105263157896 0.00245398773006135 0.043859649122807015
0 0.3289877300613497 0.5184210526315789 0.005214723926380368 0.07894736842105263
0 0.4279141104294479 0.34649122807017546 0.0036809815950920245 0.054385964912280704
0 0.4205521472392638 0.3131578947368421 0.003067484662576687 0.04736842105263158
0 0.5023006134969326 0.34210526315789475 0.003374233128834356 0.05263157894736842
0 0.37883435582822084 0.17982456140350878 0.003067484662576687 0.04035087719298246
0 0.3352760736196319 0.4807017543859649 0.0049079754601227 0.08070175438596491