0 0.30598159509202455 0.3078947368421053 0.0027607361963190185 0.05087719298245614
0 0.5363496932515337 0.624561403508772 0.005214723926380368 0.08421052631578947
0 0.4835889570552147 0.4 0.003987730061349694 0.06315789473684211
0 0.48757668711656443 0.23333333333333334 0.0027607361963190185 0.0456140350877193
0 0.5650306748466257 0.1675438596491228 0.003067484662576687 0.04035087719298246
0 0.5187116564417178 0.22017543859649122 0.00245398773006135 0.043859649122807015
0 0.5216257668711657 0.31491228070175437 0.003374233128834356 0.05087719298245614
0 0.6618098159509203 0.4824561403508772 0.004601226993865031 0.07017543859649122
0 0.626840490797546 0.2596491228070175 0.003374233128834356 0.05263157894736842
0 0.6062883435582822 0.29473684210526313 0.003374233128834356 0.04912280701754386
0 0.5417177914110429 0.2149122807017544 0.00245398773006135 0.043859649122807015
0 0.5627300613496933 0.23859649122807017 0.003374233128834356 0.05263157894736842
0 0.7455521472392638 0.31842105263157894 0.003374233128834356 0.054385964912280704
0 0.6440184049079755 0.3429824561403509 0.003374233128834356 0.05789473684210526
0 0.6642638036809816 0.437719298245614 0.005214723926380368 0.07543859649122807
0 0.6319018404907976 0.26403508771929823 0.0036809815950920245 0.05789473684210526
0 0.5884969325153374 0.19298245614035087 0.003374233128834356 0.0456140350877193
0 0.6050613496932515 0.4956140350877193 0.004601226993865031 0.07192982456140351
0 0.6029141104294479 0.3263157894736842 0.003374233128834356 0.056140350877192984
0 0.5598159509202454 0.2736842105263158 0.003067484662576687 0.04912280701754386
0 0.5894171779141104 0.2578947368421053 0.003987730061349694 0.056140350877192984
0 0.5516871165644172 0.20789473684210527 0.003987730061349694 0.043859649122807015
0 0.5197852760736197 0.36578947368421055 0.003987730061349694 0.05789473684210526