0 0.25552147239263806 0.3605263157894737 0.004294478527607362 0.06491228070175438
0 0.4013803680981595 0.5929824561403508 0.004601226993865031 0.07719298245614035
0 0.4148773006134969 0.47017543859649125 0.004601226993865031 0.06666666666666667
0 0.4125766871165644 0.41228070175438597 0.0036809815950920245 0.05964912280701754
0 0.43282208588957055 0.32280701754385965 0.003067484662576687 0.05964912280701754
0 0.48726993865030677 0.3956140350877193 0.003987730061349694 0.05087719298245614
0 0.4733128834355828 0.525438596491228 0.0049079754601227 0.06842105263157895
0 0.45996932515337424 0.6149122807017544 0.005214723926380368 0.0824561403508772
0 0.5599693251533743 0.5201754385964912 0.004601226993865031 0.07192982456140351
0 0.5355828220858896 0.39035087719298245 0.0036809815950920245 0.05087719298245614
0 0.4668711656441718 0.2710526315789474 0.003067484662576687 0.04736842105263158
0 0.4381901840490798 0.4280701754385965 0.0027607361963190185 0.06666666666666667
0 0.7073619631901841 0.35175438596491226 0.0036809815950920245 0.05789473684210526
0 0.5707055214723926 0.525438596491228 0.004601226993865031 0.07543859649122807
0 0.46855828220858897 0.6807017543859649 0.005828220858895706 0.08421052631578947
0 0.5800613496932515 0.3017543859649123 0.003067484662576687 0.05263157894736842
0 0.48328220858895704 0.21052631578947367 0.0027607361963190185 0.0456140350877193
0 0.377760736196319 0.7298245614035088 0.006441717791411043 0.09473684210526316
0 0.5269938650306748 0.5210526315789473 0.0049079754601227 0.07368421052631578
0 0.48757668711656443 0.525438596491228 0.004601226993865031 0.04736842105263158
0 0.5202453987730061 0.3780701754385965 0.0036809815950920245 0.06140350877192982
0 0.4460122699386503 0.3473684210526316 0.0036809815950920245 0.056140350877192984
0 0.4280674846625767 0.45 0.003987730061349694 0.06842105263157895