0 0.27392638036809813 0.36929824561403507 0.0036809815950920245 0.054385964912280704
0 0.5050613496932516 0.718421052631579 0.004601226993865031 0.09649122807017543
0 0.45613496932515335 0.5210526315789473 0.003067484662576687 0.06666666666666667
0 0.47730061349693254 0.3719298245614035 0.0036809815950920245 0.05964912280701754
0 0.49033742331288344 0.24649122807017543 0.0027607361963190185 0.04736842105263158
0 0.6358895705521472 0.6035087719298246 0.005521472392638037 0.07368421052631578
0 0.5372699386503067 0.4052631578947368 0.003987730061349694 0.06315789473684211
0 0.6446319018404908 0.737719298245614 0.006441717791411043 0.07894736842105263
0 0.7171779141104294 0.5517543859649123 0.0049079754601227 0.06140350877192982
0 0.6269938650306749 0.3973684210526316 0.0036809815950920245 0.05789473684210526
0 0.569478527607362 0.25877192982456143 0.0027607361963190185 0.043859649122807015
0 0.5372699386503067 0.46842105263157896 0.004601226993865031 0.07017543859649122
0 0.7601226993865031 0.3719298245614035 0.0036809815950920245 0.05964912280701754
0 0.7800613496932516 0.6131578947368421 0.005521472392638037 0.0824561403508772
0 0.6432515337423312 0.7745614035087719 0.007975460122699387 0.09649122807017543
0 0.6728527607361963 0.2596491228070175 0.0027607361963190185 0.04912280701754386
0 0.5671779141104294 0.18859649122807018 0.00245398773006135 0.04035087719298246
0 0.5110429447852761 0.7333333333333333 0.005521472392638037 0.09824561403508772
0 0.6507668711656441 0.6114035087719298 0.005214723926380368 0.0824561403508772
0 0.5196319018404908 0.35789473684210527 0.0036809815950920245 0.056140350877192984
0 0.6191717791411043 0.4070175438596491 0.003987730061349694 0.06315789473684211
0 0.48957055214723927 0.1956140350877193 0.00245398773006135 0.043859649122807015
0 0.4616564417177914 0.5175438596491229 0.004294478527607362 0.05964912280701754