0 0.25030674846625767 0.3763157894736842 0.0036809815950920245 0.05087719298245614
0 0.3375766871165644 0.6859649122807018 0.005214723926380368 0.07719298245614035
0 0.39309815950920246 0.5114035087719299 0.004601226993865031 0.04736842105263158
0 0.4200920245398773 0.38859649122807016 0.003987730061349694 0.054385964912280704
0 0.452760736196319 0.28421052631578947 0.003067484662576687 0.04912280701754386
0 0.5334355828220859 0.5473684210526316 0.0049079754601227 0.06666666666666667
0 0.46794478527607364 0.4131578947368421 0.0027607361963190185 0.05789473684210526
0 0.5021472392638037 0.6447368421052632 0.0049079754601227 0.0824561403508772
0 0.6328220858895706 0.5482456140350878 0.0049079754601227 0.07192982456140351
0 0.5486196319018405 0.3447368421052632 0.003374233128834356 0.05789473684210526
0 0.5401840490797546 0.2719298245614035 0.003067484662576687 0.04912280701754386
0 0.46549079754601225 0.4745614035087719 0.003374233128834356 0.06842105263157895
0 0.7368098159509202 0.35526315789473684 0.0036809815950920245 0.05789473684210526
0 0.660122699386503 0.6131578947368421 0.005521472392638037 0.0824561403508772
0 0.5634969325153374 0.7114035087719298 0.006134969325153374 0.08596491228070176
0 0.6030674846625766 0.2964912280701754 0.003067484662576687 0.05263157894736842
0 0.5197852760736197 0.18859649122807018 0.002147239263803681 0.03333333333333333
0 0.3276073619631902 0.7105263157894737 0.005521472392638037 0.09473684210526316
0 0.5615030674846626 0.5070175438596491 0.004601226993865031 0.07368421052631578
0 0.4771472392638037 0.3192982456140351 0.003374233128834356 0.04912280701754386
0 0.4717791411042945 0.4298245614035088 0.004294478527607362 0.05263157894736842
0 0.451840490797546 0.2 0.003067484662576687 0.042105263157894736
0 0.4111963190184049 0.49736842105263157 0.004601226993865031 0.06491228070175438