0 0.2978527607361963 0.35350877192982455 0.0049079754601227 0.06842105263157895
0 0.5196319018404908 0.6192982456140351 0.005521472392638037 0.07368421052631578
0 0.4869631901840491 0.4903508771929825 0.004601226993865031 0.07192982456140351
0 0.49693251533742333 0.3631578947368421 0.0036809815950920245 0.05964912280701754
0 0.49401840490797544 0.2412280701754386 0.0027607361963190185 0.04736842105263158
0 0.5570552147239264 0.4342105263157895 0.004294478527607362 0.06491228070175438
0 0.593558282208589 0.3675438596491228 0.0036809815950920245 0.05087719298245614
0 0.692638036809816 0.5482456140350878 0.0049079754601227 0.07192982456140351
0 0.6394171779141105 0.4043859649122807 0.003987730061349694 0.054385964912280704
0 0.6838957055214724 0.4236842105263158 0.003987730061349694 0.06140350877192982
0 0.6076687116564418 0.27280701754385966 0.003067484662576687 0.05087719298245614
0 0.5668711656441717 0.39210526315789473 0.0036809815950920245 0.06140350877192982
0 0.7645705521472392 0.3368421052631579 0.003374233128834356 0.056140350877192984
0 0.7480061349693251 0.537719298245614 0.005828220858895706 0.07894736842105263
0 0.7190184049079754 0.6298245614035087 0.005521472392638037 0.08421052631578947
0 0.6878834355828221 0.3429824561403509 0.003987730061349694 0.05789473684210526
0 0.6251533742331289 0.21929824561403508 0.00245398773006135 0.042105263157894736
0 0.5409509202453988 0.6745614035087719 0.005828220858895706 0.08947368421052632
0 0.644478527607362 0.4587719298245614 0.004294478527607362 0.054385964912280704
0 0.5487730061349694 0.3587719298245614 0.0036809815950920245 0.054385964912280704
0 0.6585889570552147 0.38070175438596493 0.0036809815950920245 0.05964912280701754
0 0.5165644171779141 0.20087719298245615 0.00245398773006135 0.054385964912280704
0 0.49187116564417177 0.5052631578947369 0.004601226993865031 0.07368421052631578