0 0.274079754601227 0.3447368421052632 0.003374233128834356 0.04736842105263158
0 0.42576687116564416 0.5342105263157895 0.0049079754601227 0.07543859649122807
0 0.46042944785276074 0.4201754385964912 0.003067484662576687 0.054385964912280704
0 0.4322085889570552 0.33596491228070174 0.0036809815950920245 0.05789473684210526
0 0.44355828220858895 0.2833333333333333 0.003067484662576687 0.05087719298245614
0 0.46671779141104297 0.4394736842105263 0.003374233128834356 0.054385964912280704
0 0.5417177914110429 0.3543859649122807 0.0036809815950920245 0.056140350877192984
0 0.5475460122699386 0.4456140350877193 0.004294478527607362 0.06315789473684211
0 0.5996932515337423 0.30701754385964913 0.003067484662576687 0.0456140350877193
0 0.5196319018404908 0.3736842105263158 0.0049079754601227 0.06315789473684211
0 0.5886503067484663 0.22456140350877193 0.003067484662576687 0.0456140350877193
0 0.5260736196319018 0.4482456140350877 0.0049079754601227 0.06491228070175438
0 0.7306748466257669 0.33157894736842103 0.003067484662576687 0.05263157894736842
0 0.6133435582822085 0.42543859649122806 0.003987730061349694 0.06491228070175438
0 0.5616564417177914 0.5464912280701755 0.0049079754601227 0.07192982456140351
0 0.5955521472392638 0.2824561403508772 0.003987730061349694 0.04912280701754386
0 0.5728527607361963 0.2412280701754386 0.0027607361963190185 0.04736842105263158
0 0.4624233128834356 0.5859649122807018 0.005214723926380368 0.07017543859649122
0 0.49171779141104294 0.4517543859649123 0.005521472392638037 0.06140350877192982
0 0.474079754601227 0.3280701754385965 0.003374233128834356 0.04912280701754386
0 0.5530674846625767 0.35 0.003067484662576687 0.04736842105263158
0 0.4507668711656442 0.23333333333333334 0.003987730061349694 0.05964912280701754
0 0.4696319018404908 0.43508771929824563 0.0036809815950920245 0.05964912280701754