0 0.2598159509202454 0.3456140350877193 0.003067484662576687 0.056140350877192984
0 0.39923312883435585 0.5263157894736842 0.004601226993865031 0.06666666666666667
0 0.4200920245398773 0.3929824561403509 0.003987730061349694 0.06315789473684211
0 0.42392638036809815 0.32456140350877194 0.0036809815950920245 0.056140350877192984
0 0.43604294478527605 0.23596491228070177 0.0027607361963190185 0.043859649122807015
0 0.4558282208588957 0.4307017543859649 0.004294478527607362 0.06491228070175438
0 0.4668711656441718 0.2850877192982456 0.0036809815950920245 0.04736842105263158
0 0.46932515337423314 0.5789473684210527 0.0049079754601227 0.07719298245614035
0 0.48773006134969327 0.4614035087719298 0.004294478527607362 0.06666666666666667
0 0.5182515337423312 0.3254385964912281 0.003374233128834356 0.04736842105263158
0 0.5032208588957056 0.23421052631578948 0.0027607361963190185 0.043859649122807015
0 0.473159509202454 0.45789473684210524 0.003987730061349694 0.06666666666666667
0 0.7124233128834356 0.3333333333333333 0.003374233128834356 0.056140350877192984
0 0.5992331288343559 0.47543859649122805 0.004601226993865031 0.07017543859649122
0 0.49355828220858894 0.7219298245614035 0.006134969325153374 0.09298245614035087
0 0.59079754601227 0.2982456140350877 0.003067484662576687 0.05263157894736842
0 0.5276073619631901 0.1868421052631579 0.00245398773006135 0.03684210526315789
0 0.3852760736196319 0.7087719298245614 0.006134969325153374 0.08771929824561403
0 0.4644171779141104 0.43859649122807015 0.0036809815950920245 0.07017543859649122
0 0.48588957055214727 0.25877192982456143 0.004294478527607362 0.043859649122807015
0 0.5349693251533743 0.4307017543859649 0.004294478527607362 0.06491228070175438
0 0.44969325153374234 0.18070175438596492 0.00245398773006135 0.03859649122807018
0 0.4245398773006135 0.36929824561403507 0.0036809815950920245 0.06140350877192982