0 0.25858895705521473 0.3675438596491228 0.0036809815950920245 0.05087719298245614
0 0.44309815950920245 0.7350877192982456 0.006441717791411043 0.09473684210526316
0 0.4297546012269939 0.4903508771929825 0.0036809815950920245 0.06491228070175438
0 0.4429447852760736 0.3587719298245614 0.0036809815950920245 0.05789473684210526
0 0.4615030674846626 0.2535087719298246 0.0027607361963190185 0.04035087719298246
0 0.5032208588957056 0.493859649122807 0.004601226993865031 0.06140350877192982
0 0.4869631901840491 0.35526315789473684 0.003374233128834356 0.05789473684210526
0 0.568558282208589 0.7254385964912281 0.006441717791411043 0.08947368421052632
0 0.6173312883435583 0.49912280701754386 0.004601226993865031 0.06491228070175438
0 0.5415644171779141 0.3482456140350877 0.003374233128834356 0.05789473684210526
0 0.528680981595092 0.24649122807017543 0.0027607361963190185 0.04035087719298246
0 0.48113496932515337 0.47017543859649125 0.003987730061349694 0.06666666666666667
0 0.7420245398773007 0.3631578947368421 0.0036809815950920245 0.05964912280701754
0 0.6633435582822086 0.5210526315789473 0.004601226993865031 0.07368421052631578
0 0.5765337423312883 0.7412280701754386 0.006441717791411043 0.07894736842105263
0 0.6042944785276073 0.2885964912280702 0.003067484662576687 0.05087719298245614
0 0.5108895705521472 0.1736842105263158 0.003374233128834356 0.0456140350877193
0 0.4450920245398773 0.7649122807017544 0.006134969325153374 0.0912280701754386
0 0.5549079754601227 0.46403508771929824 0.004294478527607362 0.06842105263157895
0 0.48680981595092027 0.29385964912280704 0.003067484662576687 0.04736842105263158
0 0.4714723926380368 0.3684210526315789 0.0036809815950920245 0.05964912280701754
0 0.4605828220858896 0.193859649122807 0.0027607361963190185 0.03684210526315789
0 0.43282208588957055 0.45087719298245615 0.004294478527607362 0.05964912280701754