0 0.2476993865030675 0.33157894736842103 0.003987730061349694 0.06315789473684211
0 0.3602760736196319 0.5692982456140351 0.005214723926380368 0.07894736842105263
0 0.37791411042944784 0.44035087719298244 0.004294478527607362 0.06666666666666667
0 0.3964723926380368 0.30701754385964913 0.003374233128834356 0.05263157894736842
0 0.3909509202453988 0.22894736842105262 0.0027607361963190185 0.043859649122807015
0 0.418558282208589 0.4105263157894737 0.003987730061349694 0.06315789473684211
0 0.44969325153374234 0.29210526315789476 0.003067484662576687 0.04035087719298246
0 0.47576687116564415 0.606140350877193 0.005521472392638037 0.07894736842105263
0 0.5492331288343558 0.4236842105263158 0.003987730061349694 0.06491228070175438
0 0.5007668711656442 0.4070175438596491 0.003987730061349694 0.06315789473684211
0 0.4363496932515337 0.23596491228070177 0.003374233128834356 0.043859649122807015
0 0.4381901840490798 0.4324561403508772 0.003987730061349694 0.06842105263157895
0 0.7095092024539877 0.34035087719298246 0.003067484662576687 0.04912280701754386
0 0.5693251533742332 0.46228070175438596 0.004294478527607362 0.06842105263157895
0 0.498159509202454 0.6228070175438597 0.005521472392638037 0.08421052631578947
0 0.5533742331288344 0.2894736842105263 0.003067484662576687 0.05263157894736842
0 0.5179447852760736 0.22982456140350876 0.0027607361963190185 0.0456140350877193
0 0.35030674846625764 0.6008771929824561 0.005521472392638037 0.0824561403508772
0 0.4530674846625767 0.37543859649122807 0.0036809815950920245 0.05964912280701754
0 0.4582822085889571 0.30701754385964913 0.003067484662576687 0.0456140350877193
0 0.5280674846625767 0.38070175438596493 0.004601226993865031 0.07719298245614035
0 0.4110429447852761 0.17894736842105263 0.003067484662576687 0.03859649122807018
0 0.36441717791411044 0.5280701754385965 0.005521472392638037 0.08070175438596491