0 0.32331288343558284 0.34385964912280703 0.0036809815950920245 0.056140350877192984
0 0.8989263803680981 0.7368421052631579 0.004601226993865031 0.06315789473684211
0 0.5019938650306749 0.4219298245614035 0.003987730061349694 0.06491228070175438
0 0.5033742331288343 0.27456140350877195 0.003067484662576687 0.05087719298245614
0 0.5570552147239264 0.19912280701754387 0.00245398773006135 0.04035087719298246
0 0.5397239263803681 0.39824561403508774 0.003987730061349694 0.06315789473684211
0 0.6368098159509202 0.2912280701754386 0.003067484662576687 0.042105263157894736
0 0.6394171779141105 0.5842105263157895 0.005214723926380368 0.056140350877192984
0 0.7230061349693252 0.3587719298245614 0.0036809815950920245 0.054385964912280704
0 0.6320552147239263 0.36140350877192984 0.004601226993865031 0.05263157894736842
0 0.6737730061349694 0.2482456140350877 0.004601226993865031 0.05087719298245614
0 0.6124233128834355 0.2833333333333333 0.003987730061349694 0.054385964912280704
0 0.786963190184049 0.3543859649122807 0.004601226993865031 0.056140350877192984
0 0.744478527607362 0.39035087719298245 0.0036809815950920245 0.06140350877192982
0 0.6822085889570552 0.525438596491228 0.0049079754601227 0.06842105263157895
0 0.7191717791411043 0.33245614035087717 0.003987730061349694 0.06491228070175438
0 0.675920245398773 0.2771929824561403 0.003374233128834356 0.0456140350877193
0 0.8273006134969325 0.5929824561403508 0.005521472392638037 0.08421052631578947
0 0.6337423312883436 0.3850877192982456 0.003067484662576687 0.06140350877192982
0 0.6102760736196319 0.30526315789473685 0.003374233128834356 0.0456140350877193
0 0.6636503067484663 0.3412280701754386 0.003374233128834356 0.05789473684210526
0 0.5868098159509203 0.19210526315789472 0.003067484662576687 0.043859649122807015
0 0.5161042944785276 0.3254385964912281 0.003374233128834356 0.05789473684210526