0 0.25690184049079756 0.3447368421052632 0.003374233128834356 0.05789473684210526
0 0.4062883435582822 0.4842105263157895 0.003987730061349694 0.056140350877192984
0 0.422239263803681 0.39035087719298245 0.003374233128834356 0.06140350877192982
0 0.4236196319018405 0.3131578947368421 0.0036809815950920245 0.05087719298245614
0 0.4354294478527607 0.22456140350877193 0.0027607361963190185 0.0456140350877193
0 0.47745398773006137 0.43508771929824563 0.003987730061349694 0.06666666666666667
0 0.4751533742331288 0.306140350877193 0.003067484662576687 0.043859649122807015
0 0.4843558282208589 0.5228070175438596 0.0049079754601227 0.07017543859649122
0 0.5217791411042945 0.387719298245614 0.0036809815950920245 0.0456140350877193
0 0.5319018404907976 0.2736842105263158 0.003067484662576687 0.042105263157894736
0 0.48236196319018404 0.23333333333333334 0.0027607361963190185 0.03859649122807018
0 0.4696319018404908 0.44473684210526315 0.004294478527607362 0.06842105263157895
0 0.7056748466257668 0.3298245614035088 0.003374233128834356 0.056140350877192984
0 0.5791411042944785 0.43333333333333335 0.004294478527607362 0.06666666666666667
0 0.561042944785276 0.7289473684210527 0.006134969325153374 0.09298245614035087
0 0.5812883435582822 0.2736842105263158 0.003067484662576687 0.04912280701754386
0 0.5104294478527608 0.17280701754385966 0.00245398773006135 0.03333333333333333
0 0.40429447852760736 0.5543859649122806 0.0049079754601227 0.07719298245614035
0 0.48420245398773004 0.47368421052631576 0.004601226993865031 0.07368421052631578
0 0.49524539877300616 0.2631578947368421 0.0027607361963190185 0.03859649122807018
0 0.4746932515337423 0.35964912280701755 0.003987730061349694 0.056140350877192984
0 0.44033742331288345 0.19649122807017544 0.0027607361963190185 0.042105263157894736
0 0.425 0.32719298245614037 0.003374233128834356 0.054385964912280704