0 0.1950920245398773 0.3973684210526316 0.003067484662576687 0.054385964912280704
0 0.16119631901840492 0.5561403508771929 0.005214723926380368 0.07719298245614035
0 0.3173312883435583 0.5026315789473684 0.004601226993865031 0.07192982456140351
0 0.2714723926380368 0.37543859649122807 0.0036809815950920245 0.056140350877192984
0 0.3506134969325153 0.2807017543859649 0.0036809815950920245 0.056140350877192984
0 0.3871165644171779 0.3701754385964912 0.0036809815950920245 0.05964912280701754
0 0.4200920245398773 0.5578947368421052 0.005214723926380368 0.07719298245614035
0 0.46503067484662575 0.6114035087719298 0.005521472392638037 0.0824561403508772
0 0.5065950920245399 0.4868421052631579 0.004601226993865031 0.07192982456140351
0 0.4934049079754601 0.38859649122807016 0.003987730061349694 0.06140350877192982
0 0.472239263803681 0.24385964912280703 0.0027607361963190185 0.0456140350877193
0 0.41365030674846626 0.42105263157894735 0.004601226993865031 0.07719298245614035
0 0.6831288343558283 0.34649122807017546 0.0036809815950920245 0.05789473684210526
0 0.5532208588957055 0.5105263157894737 0.004601226993865031 0.07368421052631578
0 0.4869631901840491 0.6692982456140351 0.005828220858895706 0.08947368421052632
0 0.5438650306748466 0.3649122807017544 0.0036809815950920245 0.05964912280701754
0 0.5010736196319019 0.2578947368421053 0.0027607361963190185 0.04912280701754386
0 0.3289877300613497 0.6710526315789473 0.005828220858895706 0.08947368421052632
0 0.4934049079754601 0.5307017543859649 0.004601226993865031 0.07543859649122807
0 0.35521472392638037 0.5263157894736842 0.0049079754601227 0.07017543859649122
0 0.4386503067484663 0.37719298245614036 0.0036809815950920245 0.05964912280701754
0 0.34892638036809814 0.29210526315789476 0.003374233128834356 0.054385964912280704
0 0.16365030674846626 0.5464912280701755 0.006441717791411043 0.07192982456140351