0 0.253680981595092 0.362280701754386 0.0036809815950920245 0.054385964912280704
0 0.40950920245398775 0.6701754385964912 0.005521472392638037 0.08421052631578947
0 0.41273006134969326 0.512280701754386 0.004601226993865031 0.07017543859649122
0 0.41932515337423315 0.35964912280701755 0.0036809815950920245 0.056140350877192984
0 0.4303680981595092 0.2929824561403509 0.003067484662576687 0.05263157894736842
0 0.46748466257668714 0.5736842105263158 0.005521472392638037 0.08070175438596491
0 0.4920245398773006 0.3894736842105263 0.0036809815950920245 0.04912280701754386
0 0.5128834355828221 0.543859649122807 0.0049079754601227 0.07017543859649122
0 0.5858895705521472 0.34210526315789475 0.003067484662576687 0.0456140350877193
0 0.5096625766871166 0.4 0.004601226993865031 0.06315789473684211
0 0.5636503067484663 0.22719298245614036 0.003374233128834356 0.05087719298245614
0 0.5021472392638037 0.45263157894736844 0.0049079754601227 0.05964912280701754
0 0.7282208588957055 0.33771929824561403 0.003067484662576687 0.054385964912280704
0 0.6029141104294479 0.4824561403508772 0.004601226993865031 0.07017543859649122
0 0.5179447852760736 0.6649122807017543 0.005828220858895706 0.08070175438596491
0 0.5842024539877301 0.31842105263157894 0.003987730061349694 0.04736842105263158
0 0.5688650306748466 0.2535087719298246 0.0027607361963190185 0.043859649122807015
0 0.41932515337423315 0.7149122807017544 0.006134969325153374 0.08947368421052632
0 0.48957055214723927 0.5736842105263158 0.0049079754601227 0.06315789473684211
0 0.4628834355828221 0.3701754385964912 0.0036809815950920245 0.04912280701754386
0 0.5340490797546013 0.38859649122807016 0.004294478527607362 0.054385964912280704
0 0.4438650306748466 0.21228070175438596 0.003067484662576687 0.04912280701754386
0 0.4226993865030675 0.5096491228070176 0.0036809815950920245 0.05789473684210526