0 0.24294478527607363 0.3649122807017544 0.00245398773006135 0.056140350877192984
0 0.37055214723926383 0.6938596491228071 0.006748466257668712 0.08947368421052632
0 0.3993865030674847 0.5385964912280702 0.0049079754601227 0.0456140350877193
0 0.371319018404908 0.4456140350877193 0.003987730061349694 0.06666666666666667
0 0.3875766871165644 0.3298245614035088 0.003374233128834356 0.056140350877192984
0 0.4358895705521472 0.45087719298245615 0.004294478527607362 0.06666666666666667
0 0.4357361963190184 0.6535087719298246 0.005828220858895706 0.07894736842105263
0 0.4588957055214724 0.6728070175438596 0.005521472392638037 0.1
0 0.5065950920245399 0.5289473684210526 0.004601226993865031 0.07543859649122807
0 0.5217791411042945 0.37719298245614036 0.0036809815950920245 0.056140350877192984
0 0.4415644171779141 0.24385964912280703 0.0027607361963190185 0.0456140350877193
0 0.4176380368098159 0.4824561403508772 0.003987730061349694 0.07368421052631578
0 0.7245398773006135 0.3587719298245614 0.0036809815950920245 0.05789473684210526
0 0.5556748466257668 0.5728070175438597 0.005214723926380368 0.07894736842105263
0 0.425 0.7140350877192982 0.00705521472392638 0.08421052631578947
0 0.561042944785276 0.36666666666666664 0.0036809815950920245 0.05964912280701754
0 0.5059815950920246 0.22719298245614036 0.0027607361963190185 0.043859649122807015
0 0.37975460122699384 0.7219298245614035 0.006134969325153374 0.08596491228070176
0 0.4633435582822086 0.5991228070175438 0.005828220858895706 0.0824561403508772
0 0.41088957055214725 0.5631578947368421 0.004601226993865031 0.06315789473684211
0 0.4602760736196319 0.4789473684210526 0.004601226993865031 0.07017543859649122
0 0.4032208588957055 0.2833333333333333 0.0027607361963190185 0.05087719298245614
0 0.33865030674846625 0.5894736842105263 0.004294478527607362 0.07368421052631578