0 0.25828220858895706 0.3675438596491228 0.0036809815950920245 0.05087719298245614
0 0.4434049079754601 0.7368421052631579 0.006441717791411043 0.09473684210526316
0 0.4294478527607362 0.4903508771929825 0.0036809815950920245 0.06491228070175438
0 0.4429447852760736 0.3587719298245614 0.0036809815950920245 0.05789473684210526
0 0.4615030674846626 0.2543859649122807 0.0027607361963190185 0.04912280701754386
0 0.5026073619631902 0.48947368421052634 0.004601226993865031 0.06666666666666667
0 0.48726993865030677 0.3526315789473684 0.003374233128834356 0.056140350877192984
0 0.5679447852760736 0.7271929824561404 0.006441717791411043 0.08947368421052632
0 0.6148773006134969 0.49298245614035086 0.004601226993865031 0.05964912280701754
0 0.5415644171779141 0.3447368421052632 0.003374233128834356 0.05789473684210526
0 0.527760736196319 0.2482456140350877 0.0027607361963190185 0.043859649122807015
0 0.4808282208588957 0.47017543859649125 0.003987730061349694 0.06666666666666667
0 0.741717791411043 0.36403508771929827 0.0036809815950920245 0.05789473684210526
0 0.6621165644171779 0.5210526315789473 0.004601226993865031 0.07368421052631578
0 0.5762269938650306 0.7350877192982456 0.006441717791411043 0.08771929824561403
0 0.6042944785276073 0.2912280701754386 0.003067484662576687 0.05263157894736842
0 0.5108895705521472 0.1736842105263158 0.003374233128834356 0.0456140350877193
0 0.4450920245398773 0.7649122807017544 0.006134969325153374 0.0912280701754386
0 0.5533742331288344 0.46228070175438596 0.004294478527607362 0.06842105263157895
0 0.4865030674846626 0.2929824561403509 0.003067484662576687 0.04912280701754386
0 0.47116564417177914 0.3701754385964912 0.0036809815950920245 0.05964912280701754
0 0.4605828220858896 0.193859649122807 0.0027607361963190185 0.03684210526315789
0 0.4326687116564417 0.45087719298245615 0.004601226993865031 0.05964912280701754