0 0.29003067484662576 0.3254385964912281 0.003374233128834356 0.06491228070175438
0 0.4799079754601227 0.4745614035087719 0.004601226993865031 0.06842105263157895
0 0.4826687116564417 0.35 0.003374233128834356 0.06140350877192982
0 0.4815950920245399 0.2631578947368421 0.00245398773006135 0.04912280701754386
0 0.49846625766871167 0.2043859649122807 0.00245398773006135 0.043859649122807015
0 0.619478527607362 0.2692982456140351 0.003374233128834356 0.05087719298245614
0 0.533282208588957 0.25 0.0027607361963190185 0.04035087719298246
0 0.5622699386503067 0.4614035087719298 0.004294478527607362 0.06315789473684211
0 0.6523006134969325 0.4043859649122807 0.003987730061349694 0.054385964912280704
0 0.6159509202453988 0.20087719298245615 0.00245398773006135 0.04035087719298246
0 0.5588957055214724 0.19035087719298247 0.00245398773006135 0.04035087719298246
0 0.5489263803680982 0.3263157894736842 0.003374233128834356 0.056140350877192984
0 0.7374233128834355 0.2833333333333333 0.003067484662576687 0.05087719298245614
0 0.699079754601227 0.4324561403508772 0.004294478527607362 0.06491228070175438
0 0.6139570552147239 0.6517543859649123 0.005828220858895706 0.08596491228070176
0 0.6216257668711657 0.17894736842105263 0.002147239263803681 0.021052631578947368
0 0.5306748466257669 0.16228070175438597 0.00245398773006135 0.03684210526315789
0 0.48849693251533743 0.5947368421052631 0.005214723926380368 0.08070175438596491
0 0.6102760736196319 0.3447368421052632 0.003374233128834356 0.05789473684210526
0 0.5078220858895706 0.22982456140350876 0.0027607361963190185 0.03859649122807018
0 0.6164110429447853 0.2771929824561403 0.003374233128834356 0.06315789473684211
0 0.5167177914110429 0.19298245614035087 0.0027607361963190185 0.0456140350877193
0 0.47960122699386504 0.3105263157894737 0.003374233128834356 0.05964912280701754