0 0.26763803680981596 0.34385964912280703 0.003374233128834356 0.07368421052631578
0 0.4044478527607362 0.6587719298245615 0.005828220858895706 0.08596491228070176
0 0.3871165644171779 0.45789473684210524 0.004294478527607362 0.05964912280701754
0 0.41273006134969326 0.23771929824561402 0.0027607361963190185 0.04736842105263158
0 0.5187116564417178 0.17192982456140352 0.003067484662576687 0.0456140350877193
0 0.44171779141104295 0.2850877192982456 0.003067484662576687 0.04736842105263158
0 0.4624233128834356 0.44298245614035087 0.003987730061349694 0.06491228070175438
0 0.6003067484662576 0.5815789473684211 0.0049079754601227 0.07894736842105263
0 0.5690184049079755 0.3780701754385965 0.0036809815950920245 0.05087719298245614
0 0.5427914110429448 0.3298245614035088 0.003374233128834356 0.056140350877192984
0 0.46088957055214724 0.31842105263157894 0.003374233128834356 0.043859649122807015
0 0.524079754601227 0.2675438596491228 0.003987730061349694 0.06140350877192982
0 0.7188650306748466 0.33157894736842103 0.003374233128834356 0.056140350877192984
0 0.5960122699386503 0.3850877192982456 0.0036809815950920245 0.06140350877192982
0 0.6050613496932515 0.5289473684210526 0.004601226993865031 0.07192982456140351
0 0.5796012269938651 0.3219298245614035 0.003374233128834356 0.054385964912280704
0 0.5556748466257668 0.22719298245614036 0.0027607361963190185 0.043859649122807015
0 0.50920245398773 0.5508771929824562 0.0049079754601227 0.07719298245614035
0 0.5388036809815951 0.393859649122807 0.003987730061349694 0.06140350877192982
0 0.47960122699386504 0.3385964912280702 0.003374233128834356 0.04912280701754386
0 0.5320552147239264 0.312280701754386 0.005214723926380368 0.05263157894736842
0 0.48711656441717793 0.2807017543859649 0.0036809815950920245 0.04912280701754386
0 0.43987730061349695 0.4614035087719298 0.005521472392638037 0.07719298245614035