0 0.2245398773006135 0.39473684210526316 0.004294478527607362 0.06666666666666667
0 0.2723926380368098 0.769298245614035 0.006748466257668712 0.08947368421052632
0 0.2748466257668712 0.6140350877192983 0.005521472392638037 0.07368421052631578
0 0.3512269938650307 0.46578947368421053 0.004294478527607362 0.06842105263157895
0 0.3773006134969325 0.37543859649122807 0.0036809815950920245 0.05964912280701754
0 0.331441717791411 0.6228070175438597 0.004601226993865031 0.08421052631578947
0 0.3838957055214724 0.5657894736842105 0.005214723926380368 0.07543859649122807
0 0.3492331288343558 0.712280701754386 0.005214723926380368 0.08771929824561403
0 0.4246932515337423 0.7236842105263158 0.003987730061349694 0.07894736842105263
0 0.4726993865030675 0.4307017543859649 0.004294478527607362 0.06491228070175438
0 0.49355828220858894 0.3570175438596491 0.0036809815950920245 0.05789473684210526
0 0.43512269938650305 0.4692982456140351 0.005828220858895706 0.08947368421052632
0 0.7012269938650306 0.3850877192982456 0.0036809815950920245 0.06140350877192982
0 0.5245398773006135 0.6298245614035087 0.005521472392638037 0.08421052631578947
0 0.4273006134969325 0.7157894736842105 0.004294478527607362 0.08421052631578947
0 0.522239263803681 0.4956140350877193 0.004601226993865031 0.07192982456140351
0 0.5039877300613497 0.35350877192982455 0.0036809815950920245 0.05789473684210526
0 0.3570552147239264 0.7175438596491228 0.006134969325153374 0.08070175438596491
0 0.3412576687116564 0.6368421052631579 0.005214723926380368 0.0912280701754386
0 0.37484662576687117 0.48157894736842105 0.004294478527607362 0.06491228070175438
0 0.4133435582822086 0.5912280701754385 0.005214723926380368 0.07368421052631578
0 0.39923312883435585 0.3956140350877193 0.003987730061349694 0.06140350877192982
0 0.28205521472392636 0.6228070175438597 0.005214723926380368 0.07719298245614035