0 0.21042944785276074 0.3763157894736842 0.0036809815950920245 0.05789473684210526
0 0.18312883435582822 0.8026315789473685 0.006134969325153374 0.09298245614035087
0 0.27085889570552146 0.5447368421052632 0.0049079754601227 0.06491228070175438
0 0.34478527607361964 0.39035087719298245 0.003067484662576687 0.05789473684210526
0 0.37377300613496933 0.3078947368421053 0.003374233128834356 0.054385964912280704
0 0.4584355828220859 0.5824561403508772 0.005214723926380368 0.07719298245614035
0 0.41687116564417176 0.43859649122807015 0.004294478527607362 0.07017543859649122
0 0.4700920245398773 0.6350877192982456 0.004601226993865031 0.08070175438596491
0 0.6012269938650306 0.5807017543859649 0.0049079754601227 0.08070175438596491
0 0.5251533742331288 0.35526315789473684 0.0036809815950920245 0.05789473684210526
0 0.508282208588957 0.2710526315789474 0.003067484662576687 0.05087719298245614
0 0.39861963190184047 0.48947368421052634 0.003987730061349694 0.07719298245614035
0 0.7110429447852761 0.3684210526315789 0.0036809815950920245 0.05964912280701754
0 0.588957055214724 0.5771929824561404 0.005521472392638037 0.09824561403508772
0 0.48466257668711654 0.6859649122807018 0.006134969325153374 0.08771929824561403
0 0.5679447852760736 0.3350877192982456 0.003374233128834356 0.056140350877192984
0 0.5219325153374234 0.21403508771929824 0.003987730061349694 0.03859649122807018
0 0.18466257668711655 0.787719298245614 0.007975460122699387 0.09473684210526316
0 0.49263803680981594 0.5157894736842106 0.0049079754601227 0.07368421052631578
0 0.403680981595092 0.3570175438596491 0.0036809815950920245 0.054385964912280704
0 0.4242331288343558 0.44649122807017544 0.0036809815950920245 0.054385964912280704
0 0.370398773006135 0.2675438596491228 0.003374233128834356 0.04736842105263158
0 0.30966257668711655 0.537719298245614 0.004601226993865031 0.06842105263157895