0 0.2312883435582822 0.4026315789473684 0.003067484662576687 0.06140350877192982
0 0.25153374233128833 0.6131578947368421 0.005521472392638037 0.07543859649122807
0 0.27883435582822086 0.5105263157894737 0.00245398773006135 0.03859649122807018
0 0.34340490797546014 0.26842105263157895 0.0027607361963190185 0.04912280701754386
0 0.4334355828220859 0.2043859649122807 0.00245398773006135 0.043859649122807015
0 0.39616564417177913 0.33421052631578946 0.003374233128834356 0.04736842105263158
0 0.44125766871165645 0.5078947368421053 0.004601226993865031 0.06842105263157895
0 0.5415644171779141 0.5771929824561404 0.005214723926380368 0.07719298245614035
0 0.5148773006134969 0.41228070175438597 0.003987730061349694 0.06315789473684211
0 0.5033742331288343 0.35350877192982455 0.0036809815950920245 0.05789473684210526
0 0.5007668711656442 0.22807017543859648 0.0027607361963190185 0.0456140350877193
0 0.48374233128834354 0.29385964912280704 0.0036809815950920245 0.05789473684210526
0 0.7133435582822086 0.3482456140350877 0.003374233128834356 0.05087719298245614
0 0.5671779141104294 0.4456140350877193 0.004294478527607362 0.06666666666666667
0 0.5538343558282208 0.5789473684210527 0.005214723926380368 0.07719298245614035
0 0.5395705521472393 0.3570175438596491 0.0036809815950920245 0.05789473684210526
0 0.5276073619631901 0.27456140350877195 0.003067484662576687 0.05087719298245614
0 0.401840490797546 0.6114035087719298 0.005521472392638037 0.0824561403508772
0 0.501840490797546 0.47017543859649125 0.004294478527607362 0.07017543859649122
0 0.4096625766871166 0.4842105263157895 0.004601226993865031 0.07017543859649122
0 0.47484662576687114 0.35 0.0036809815950920245 0.05789473684210526
0 0.3941717791411043 0.2649122807017544 0.0036809815950920245 0.056140350877192984
0 0.2691717791411043 0.5280701754385965 0.003987730061349694 0.07017543859649122