0 0.25214723926380367 0.35526315789473684 0.003067484662576687 0.05789473684210526
0 0.39662576687116563 0.5877192982456141 0.004294478527607362 0.07368421052631578
0 0.4111963190184049 0.4666666666666667 0.004601226993865031 0.06666666666666667
0 0.4059815950920245 0.41403508771929826 0.003987730061349694 0.06315789473684211
0 0.4251533742331288 0.32280701754385965 0.003067484662576687 0.05964912280701754
0 0.47776073619631904 0.39824561403508774 0.003987730061349694 0.06315789473684211
0 0.4628834355828221 0.5184210526315789 0.0049079754601227 0.07192982456140351
0 0.4512269938650307 0.6096491228070176 0.005521472392638037 0.07894736842105263
0 0.5470858895705522 0.5096491228070176 0.004601226993865031 0.07192982456140351
0 0.5274539877300614 0.39824561403508774 0.003987730061349694 0.06315789473684211
0 0.4558282208588957 0.2736842105263158 0.003067484662576687 0.04912280701754386
0 0.43803680981595094 0.44649122807017544 0.00245398773006135 0.05789473684210526
0 0.7021472392638037 0.3631578947368421 0.0036809815950920245 0.05964912280701754
0 0.5653374233128834 0.543859649122807 0.004294478527607362 0.07017543859649122
0 0.45337423312883435 0.6833333333333333 0.006134969325153374 0.08947368421052632
0 0.5812883435582822 0.2929824561403509 0.003067484662576687 0.05263157894736842
0 0.4766871165644172 0.2043859649122807 0.00245398773006135 0.04736842105263158
0 0.37607361963190183 0.7315789473684211 0.006134969325153374 0.09473684210526316
0 0.504601226993865 0.5289473684210526 0.0049079754601227 0.07543859649122807
0 0.46595092024539875 0.5149122807017544 0.0049079754601227 0.06842105263157895
0 0.5095092024539877 0.3736842105263158 0.0036809815950920245 0.05964912280701754
0 0.4348159509202454 0.3236842105263158 0.003374233128834356 0.054385964912280704
0 0.4237730061349693 0.44473684210526315 0.003987730061349694 0.06842105263157895