0 0.2558282208588957 0.35789473684210527 0.004294478527607362 0.06666666666666667
0 0.3492331288343558 0.6701754385964912 0.005828220858895706 0.08421052631578947
0 0.36947852760736194 0.5289473684210526 0.004601226993865031 0.07543859649122807
0 0.3973926380368098 0.41578947368421054 0.003987730061349694 0.05263157894736842
0 0.40782208588957053 0.3201754385964912 0.003374233128834356 0.054385964912280704
0 0.40904907975460125 0.5517543859649123 0.005214723926380368 0.08947368421052632
0 0.46319018404907975 0.4982456140350877 0.004294478527607362 0.06666666666666667
0 0.42622699386503066 0.6850877192982456 0.004601226993865031 0.08947368421052632
0 0.4464723926380368 0.6929824561403509 0.005828220858895706 0.0912280701754386
0 0.5013803680981596 0.42543859649122806 0.003987730061349694 0.06491228070175438
0 0.5023006134969326 0.3280701754385965 0.003374233128834356 0.056140350877192984
0 0.4615030674846626 0.46842105263157896 0.003987730061349694 0.06315789473684211
0 0.7153374233128834 0.37719298245614036 0.0036809815950920245 0.05964912280701754
0 0.563036809815951 0.5956140350877193 0.005214723926380368 0.07192982456140351
0 0.4817484662576687 0.7280701754385965 0.006441717791411043 0.09473684210526316
0 0.5901840490797546 0.43508771929824563 0.004294478527607362 0.06666666666666667
0 0.531441717791411 0.3105263157894737 0.003374233128834356 0.05263157894736842
0 0.399079754601227 0.7114035087719298 0.006134969325153374 0.09298245614035087
0 0.4381901840490798 0.5719298245614035 0.005214723926380368 0.08771929824561403
0 0.4460122699386503 0.4017543859649123 0.0036809815950920245 0.06315789473684211
0 0.4938650306748466 0.537719298245614 0.0049079754601227 0.07543859649122807
0 0.43650306748466255 0.30350877192982456 0.003067484662576687 0.05263157894736842
0 0.3590490797546012 0.5570175438596491 0.005828220858895706 0.08596491228070176