0 0.2753067484662577 0.34035087719298246 0.003987730061349694 0.056140350877192984
0 0.4495398773006135 0.4956140350877193 0.003987730061349694 0.06842105263157895
0 0.4616564417177914 0.3798245614035088 0.0036809815950920245 0.06140350877192982
0 0.46748466257668714 0.27631578947368424 0.003067484662576687 0.05087719298245614
0 0.4723926380368098 0.20614035087719298 0.00245398773006135 0.043859649122807015
0 0.49355828220858894 0.3333333333333333 0.003067484662576687 0.056140350877192984
0 0.5199386503067485 0.24473684210526317 0.003067484662576687 0.043859649122807015
0 0.4751533742331288 0.4535087719298246 0.004294478527607362 0.06842105263157895
0 0.549079754601227 0.3850877192982456 0.0036809815950920245 0.06140350877192982
0 0.5335889570552147 0.306140350877193 0.003374233128834356 0.054385964912280704
0 0.5199386503067485 0.19824561403508772 0.003067484662576687 0.03859649122807018
0 0.49325153374233127 0.39824561403508774 0.0036809815950920245 0.06315789473684211
0 0.7210122699386503 0.3131578947368421 0.003374233128834356 0.05087719298245614
0 0.6335889570552147 0.4105263157894737 0.003987730061349694 0.06315789473684211
0 0.5361963190184049 0.7149122807017544 0.006134969325153374 0.09298245614035087
0 0.6030674846625766 0.27631578947368424 0.003067484662576687 0.04736842105263158
0 0.5334355828220859 0.16403508771929826 0.00245398773006135 0.03333333333333333
0 0.43941717791411045 0.6131578947368421 0.005214723926380368 0.0824561403508772
0 0.5483128834355828 0.3385964912280702 0.0027607361963190185 0.06315789473684211
0 0.522239263803681 0.22017543859649122 0.003374233128834356 0.043859649122807015
0 0.48680981595092027 0.26666666666666666 0.003067484662576687 0.04912280701754386
0 0.46503067484662575 0.1692982456140351 0.0036809815950920245 0.05087719298245614
0 0.4512269938650307 0.4263157894736842 0.004294478527607362 0.07719298245614035