0 0.28343558282208586 0.32280701754385965 0.0036809815950920245 0.05263157894736842
0 0.47346625766871164 0.43508771929824563 0.003987730061349694 0.04912280701754386
0 0.46855828220858897 0.3350877192982456 0.003374233128834356 0.05263157894736842
0 0.4789877300613497 0.2543859649122807 0.0027607361963190185 0.04912280701754386
0 0.47837423312883437 0.17894736842105263 0.002147239263803681 0.03859649122807018
0 0.5239263803680981 0.29035087719298247 0.003067484662576687 0.05087719298245614
0 0.5196319018404908 0.21754385964912282 0.00245398773006135 0.042105263157894736
0 0.5633435582822086 0.3929824561403509 0.003987730061349694 0.056140350877192984
0 0.5897239263803681 0.256140350877193 0.0027607361963190185 0.042105263157894736
0 0.624079754601227 0.2324561403508772 0.0027607361963190185 0.043859649122807015
0 0.597239263803681 0.18771929824561404 0.00245398773006135 0.03859649122807018
0 0.5299079754601227 0.3201754385964912 0.003374233128834356 0.054385964912280704
0 0.7398773006134969 0.3078947368421053 0.003067484662576687 0.03684210526315789
0 0.6912576687116564 0.39035087719298245 0.004601226993865031 0.06491228070175438
0 0.6360429447852761 0.5 0.004601226993865031 0.06666666666666667
0 0.6676380368098159 0.2043859649122807 0.003374233128834356 0.043859649122807015
0 0.5998466257668712 0.17894736842105263 0.002147239263803681 0.03508771929824561
0 0.4835889570552147 0.4842105263157895 0.004601226993865031 0.07017543859649122
0 0.5728527607361963 0.31491228070175437 0.003374233128834356 0.04736842105263158
0 0.49984662576687117 0.25087719298245614 0.0027607361963190185 0.042105263157894736
0 0.5940184049079754 0.23771929824561402 0.0027607361963190185 0.03684210526315789
0 0.4825153374233129 0.17192982456140352 0.003067484662576687 0.03859649122807018
0 0.4710122699386503 0.3307017543859649 0.0027607361963190185 0.054385964912280704