0 0.294478527607362 0.356140350877193 0.00245398773006135 0.04912280701754386
0 0.5136503067484662 0.6052631578947368 0.005214723926380368 0.07368421052631578
0 0.5389570552147239 0.4675438596491228 0.004294478527607362 0.054385964912280704
0 0.4878834355828221 0.35 0.0027607361963190185 0.06140350877192982
0 0.5001533742331289 0.22456140350877193 0.0027607361963190185 0.0456140350877193
0 0.6694785276073619 0.41754385964912283 0.003987730061349694 0.04912280701754386
0 0.560122699386503 0.3798245614035088 0.0036809815950920245 0.06140350877192982
0 0.6825153374233128 0.5631578947368421 0.0049079754601227 0.056140350877192984
0 0.7855828220858896 0.5429824561403509 0.0049079754601227 0.07543859649122807
0 0.7682515337423312 0.40350877192982454 0.003987730061349694 0.04912280701754386
0 0.5838957055214724 0.24385964912280703 0.0027607361963190185 0.0456140350877193
0 0.5707055214723926 0.4114035087719298 0.003374233128834356 0.06491228070175438
0 0.7964723926380368 0.4052631578947368 0.003987730061349694 0.05964912280701754
0 0.8013803680981595 0.5877192982456141 0.005214723926380368 0.08070175438596491
0 0.7404907975460123 0.7192982456140351 0.006134969325153374 0.07719298245614035
0 0.6596625766871166 0.21140350877192982 0.0027607361963190185 0.03684210526315789
0 0.552760736196319 0.17894736842105263 0.003067484662576687 0.03859649122807018
0 0.531441717791411 0.6447368421052632 0.005828220858895706 0.07894736842105263
0 0.6394171779141105 0.493859649122807 0.004601226993865031 0.07192982456140351
0 0.5463190184049079 0.46842105263157896 0.004294478527607362 0.06666666666666667
0 0.6794478527607362 0.3684210526315789 0.003067484662576687 0.05263157894736842
0 0.5069018404907976 0.22982456140350876 0.0027607361963190185 0.0456140350877193
0 0.4946319018404908 0.37456140350877193 0.003374233128834356 0.054385964912280704