0 0.3526073619631902 0.3201754385964912 0.0027607361963190185 0.06491228070175438
0 0.5659509202453987 0.4587719298245614 0.004294478527607362 0.06491228070175438
0 0.4883435582822086 0.2850877192982456 0.003067484662576687 0.05087719298245614
0 0.5251533742331288 0.23157894736842105 0.0036809815950920245 0.03859649122807018
0 0.6613496932515337 0.20789473684210527 0.0036809815950920245 0.04035087719298246
0 0.6895705521472393 0.24561403508771928 0.003067484662576687 0.04912280701754386
0 0.5596625766871166 0.23859649122807017 0.0027607361963190185 0.042105263157894736
0 0.6779141104294478 0.3605263157894737 0.0036809815950920245 0.05087719298245614
0 0.6608895705521473 0.25263157894736843 0.003374233128834356 0.04912280701754386
0 0.6134969325153374 0.26842105263157895 0.003067484662576687 0.04912280701754386
0 0.605521472392638 0.19736842105263158 0.00245398773006135 0.04035087719298246
0 0.6180981595092024 0.26666666666666666 0.0036809815950920245 0.05263157894736842
0 0.7596625766871166 0.312280701754386 0.003374233128834356 0.042105263157894736
0 0.7142638036809816 0.23421052631578948 0.003374233128834356 0.043859649122807015
0 0.7015337423312883 0.3719298245614035 0.0036809815950920245 0.05964912280701754
0 0.6884969325153374 0.2517543859649123 0.003374233128834356 0.054385964912280704
0 0.6624233128834356 0.23157894736842105 0.003374233128834356 0.0456140350877193
0 0.6053680981595092 0.47719298245614034 0.004601226993865031 0.07017543859649122
0 0.6288343558282209 0.30087719298245613 0.003067484662576687 0.043859649122807015
0 0.5780674846625767 0.26052631578947366 0.0027607361963190185 0.043859649122807015
0 0.6274539877300613 0.22719298245614036 0.004601226993865031 0.05789473684210526
0 0.5377300613496933 0.17982456140350878 0.00245398773006135 0.043859649122807015
0 0.5246932515337424 0.24473684210526317 0.003987730061349694 0.04736842105263158