0 0.3131901840490798 0.30087719298245613 0.00245398773006135 0.054385964912280704
0 0.49616564417177916 0.4131578947368421 0.003374233128834356 0.05789473684210526
0 0.46226993865030674 0.28157894736842104 0.003067484662576687 0.05087719298245614
0 0.4644171779141104 0.17456140350877192 0.003067484662576687 0.04736842105263158
0 0.5223926380368098 0.156140350877193 0.003067484662576687 0.03508771929824561
0 0.5420245398773006 0.2833333333333333 0.003067484662576687 0.05087719298245614
0 0.5076687116564417 0.16842105263157894 0.003067484662576687 0.03859649122807018
0 0.6042944785276073 0.36929824561403507 0.0036809815950920245 0.05789473684210526
0 0.5765337423312883 0.25 0.0027607361963190185 0.04736842105263158
0 0.5154907975460122 0.25877192982456143 0.0027607361963190185 0.04736842105263158
0 0.5579754601226994 0.16140350877192983 0.003067484662576687 0.03508771929824561
0 0.5403374233128835 0.24385964912280703 0.003374233128834356 0.056140350877192984
0 0.7280674846625766 0.3078947368421053 0.003374233128834356 0.054385964912280704
0 0.6015337423312883 0.27017543859649124 0.003067484662576687 0.04912280701754386
0 0.6228527607361963 0.33157894736842103 0.003374233128834356 0.056140350877192984
0 0.6001533742331289 0.22543859649122808 0.003374233128834356 0.05087719298245614
0 0.570398773006135 0.16842105263157894 0.0027607361963190185 0.042105263157894736
0 0.5361963190184049 0.3701754385964912 0.0036809815950920245 0.05964912280701754
0 0.5622699386503067 0.2649122807017544 0.003067484662576687 0.04912280701754386
0 0.5153374233128835 0.1868421052631579 0.00245398773006135 0.03684210526315789
0 0.5725460122699386 0.2149122807017544 0.003987730061349694 0.04736842105263158
0 0.5331288343558283 0.16578947368421051 0.003067484662576687 0.04035087719298246
0 0.4817484662576687 0.20789473684210527 0.0027607361963190185 0.05087719298245614