0 0.2343558282208589 0.38859649122807016 0.003067484662576687 0.06491228070175438
0 0.29616564417177915 0.7421052631578947 0.006441717791411043 0.08771929824561403
0 0.29616564417177915 0.6070175438596491 0.005214723926380368 0.07719298245614035
0 0.36411042944785277 0.46403508771929824 0.004294478527607362 0.06842105263157895
0 0.3880368098159509 0.3719298245614035 0.0036809815950920245 0.05964912280701754
0 0.3512269938650307 0.6307017543859649 0.0049079754601227 0.08596491228070176
0 0.40107361963190186 0.5771929824561404 0.005214723926380368 0.07368421052631578
0 0.37162576687116566 0.7096491228070175 0.005828220858895706 0.1
0 0.4205521472392638 0.7429824561403509 0.0036809815950920245 0.07894736842105263
0 0.47684049079754603 0.4324561403508772 0.003987730061349694 0.06491228070175438
0 0.4943251533742331 0.3570175438596491 0.003374233128834356 0.05789473684210526
0 0.4400306748466258 0.4570175438596491 0.004601226993865031 0.07543859649122807
0 0.7036809815950921 0.38333333333333336 0.0036809815950920245 0.06140350877192982
0 0.5371165644171779 0.6210526315789474 0.0049079754601227 0.08421052631578947
0 0.42438650306748466 0.7219298245614035 0.003987730061349694 0.08596491228070176
0 0.5299079754601227 0.4903508771929825 0.004601226993865031 0.07192982456140351
0 0.5116564417177915 0.3719298245614035 0.003067484662576687 0.05263157894736842
0 0.40199386503067486 0.7289473684210527 0.006441717791411043 0.09298245614035087
0 0.37423312883435583 0.6429824561403509 0.0049079754601227 0.08596491228070176
0 0.38328220858895706 0.49298245614035086 0.004601226993865031 0.07017543859649122
0 0.4343558282208589 0.631578947368421 0.005521472392638037 0.08421052631578947
0 0.41457055214723926 0.3956140350877193 0.003987730061349694 0.06140350877192982
0 0.300920245398773 0.6149122807017544 0.0049079754601227 0.07192982456140351