0 0.2677914110429448 0.3763157894736842 0.004294478527607362 0.06491228070175438
0 0.4486196319018405 0.5456140350877193 0.005214723926380368 0.06315789473684211
0 0.4562883435582822 0.49473684210526314 0.003987730061349694 0.07017543859649122
0 0.46411042944785275 0.3868421052631579 0.0049079754601227 0.07192982456140351
0 0.4625766871165644 0.4192982456140351 0.0036809815950920245 0.0456140350877193
0 0.5237730061349694 0.4517543859649123 0.003374233128834356 0.06842105263157895
0 0.4829754601226994 0.5473684210526316 0.007668711656441718 0.042105263157894736
0 0.6130368098159509 0.5719298245614035 0.005214723926380368 0.056140350877192984
0 0.6585889570552147 0.5456140350877193 0.0049079754601227 0.06666666666666667
0 0.6381901840490798 0.41578947368421054 0.003987730061349694 0.05964912280701754
0 0.5736196319018405 0.29473684210526313 0.003067484662576687 0.04912280701754386
0 0.5107361963190185 0.36140350877192984 0.003067484662576687 0.056140350877192984
0 0.744478527607362 0.35 0.0036809815950920245 0.05789473684210526
0 0.623159509202454 0.4789473684210526 0.004601226993865031 0.07017543859649122
0 0.5299079754601227 0.643859649122807 0.005828220858895706 0.08421052631578947
0 0.6075153374233129 0.312280701754386 0.003374233128834356 0.05263157894736842
0 0.5394171779141105 0.22807017543859648 0.0027607361963190185 0.0456140350877193
0 0.44447852760736195 0.612280701754386 0.005521472392638037 0.08421052631578947
0 0.5315950920245399 0.4236842105263158 0.004294478527607362 0.06842105263157895
0 0.4906441717791411 0.5456140350877193 0.003987730061349694 0.042105263157894736
0 0.5585889570552147 0.3675438596491228 0.0036809815950920245 0.05789473684210526
0 0.45429447852760735 0.46842105263157896 0.0049079754601227 0.056140350877192984
0 0.4941717791411043 0.3929824561403509 0.0036809815950920245 0.06315789473684211