0 0.36779141104294477 0.3157894736842105 0.00245398773006135 0.05964912280701754
0 0.6208588957055214 0.4614035087719298 0.004294478527607362 0.05964912280701754
0 0.5415644171779141 0.34035087719298246 0.003374233128834356 0.056140350877192984
0 0.5283742331288344 0.2631578947368421 0.0027607361963190185 0.04912280701754386
0 0.6542944785276074 0.16140350877192983 0.0036809815950920245 0.05263157894736842
0 0.5868098159509203 0.20614035087719298 0.00245398773006135 0.03684210526315789
0 0.6315950920245399 0.29210526315789476 0.003067484662576687 0.04736842105263158
0 0.7269938650306749 0.37105263157894736 0.0036809815950920245 0.05789473684210526
0 0.6763803680981595 0.31666666666666665 0.003067484662576687 0.054385964912280704
0 0.678680981595092 0.23333333333333334 0.0027607361963190185 0.0456140350877193
0 0.6406441717791411 0.18070175438596492 0.003374233128834356 0.03859649122807018
0 0.6559815950920246 0.2324561403508772 0.003987730061349694 0.05087719298245614
0 0.7737730061349694 0.32456140350877194 0.004601226993865031 0.06315789473684211
0 0.7226993865030675 0.3043859649122807 0.005521472392638037 0.06140350877192982
0 0.7355828220858895 0.362280701754386 0.0036809815950920245 0.05087719298245614
0 0.6838957055214724 0.23421052631578948 0.003374233128834356 0.05087719298245614
0 0.6656441717791411 0.17719298245614035 0.003067484662576687 0.03508771929824561
0 0.7032208588957055 0.4105263157894737 0.003987730061349694 0.06315789473684211
0 0.7059815950920245 0.30964912280701756 0.003374233128834356 0.05087719298245614
0 0.6202453987730061 0.2149122807017544 0.003067484662576687 0.05087719298245614
0 0.6685582822085889 0.25877192982456143 0.003987730061349694 0.05087719298245614
0 0.650920245398773 0.18333333333333332 0.0036809815950920245 0.04035087719298246
0 0.5475460122699386 0.3333333333333333 0.004294478527607362 0.06315789473684211