0 0.22699386503067484 0.32894736842105265 0.003067484662576687 0.05087719298245614
0 0.28773006134969326 0.45087719298245615 0.004294478527607362 0.05964912280701754
0 0.29570552147239265 0.3868421052631579 0.0036809815950920245 0.054385964912280704
0 0.31058282208588955 0.29035087719298247 0.003374233128834356 0.054385964912280704
0 0.3351226993865031 0.20526315789473684 0.0027607361963190185 0.0456140350877193
0 0.34708588957055214 0.3473684210526316 0.003374233128834356 0.04912280701754386
0 0.3584355828220859 0.2929824561403509 0.0027607361963190185 0.0456140350877193
0 0.40705521472392636 0.5473684210526316 0.0049079754601227 0.06666666666666667
0 0.519478527607362 0.40350877192982454 0.003987730061349694 0.06315789473684211
0 0.447239263803681 0.34912280701754383 0.0036809815950920245 0.056140350877192984
0 0.35337423312883437 0.21228070175438596 0.00245398773006135 0.031578947368421054
0 0.37929447852760734 0.38421052631578945 0.004601226993865031 0.07719298245614035
0 0.6934049079754602 0.3219298245614035 0.003374233128834356 0.05789473684210526
0 0.5292944785276074 0.4017543859649123 0.003987730061349694 0.06315789473684211
0 0.452760736196319 0.5394736842105263 0.0049079754601227 0.07192982456140351
0 0.5202453987730061 0.27280701754385966 0.003067484662576687 0.05087719298245614
0 0.4714723926380368 0.20701754385964913 0.00245398773006135 0.042105263157894736
0 0.2983128834355828 0.45614035087719296 0.005214723926380368 0.07719298245614035
0 0.3924846625766871 0.3333333333333333 0.003987730061349694 0.05964912280701754
0 0.35506134969325154 0.312280701754386 0.003374233128834356 0.04912280701754386
0 0.4619631901840491 0.29035087719298247 0.003067484662576687 0.03684210526315789
0 0.34095092024539875 0.1850877192982456 0.003374233128834356 0.043859649122807015
0 0.2940184049079755 0.4236842105263158 0.003374233128834356 0.06842105263157895