0 0.22561349693251534 0.3649122807017544 0.003987730061349694 0.06315789473684211
0 0.23098159509202454 0.7228070175438597 0.006134969325153374 0.06315789473684211
0 0.3177914110429448 0.5210526315789473 0.0049079754601227 0.07368421052631578
0 0.37070552147239266 0.39035087719298245 0.003374233128834356 0.054385964912280704
0 0.4134969325153374 0.2964912280701754 0.003067484662576687 0.03859649122807018
0 0.4950920245398773 0.5614035087719298 0.0049079754601227 0.05964912280701754
0 0.4334355828220859 0.4245614035087719 0.004294478527607362 0.05964912280701754
0 0.47929447852760737 0.6298245614035087 0.003987730061349694 0.0912280701754386
0 0.619478527607362 0.5640350877192982 0.005214723926380368 0.07894736842105263
0 0.5383435582822086 0.35175438596491226 0.0036809815950920245 0.05789473684210526
0 0.5217791411042945 0.26666666666666666 0.003067484662576687 0.04912280701754386
0 0.4138036809815951 0.4824561403508772 0.0036809815950920245 0.07368421052631578
0 0.7239263803680982 0.3570175438596491 0.0036809815950920245 0.05789473684210526
0 0.6150306748466258 0.5824561403508772 0.0049079754601227 0.0912280701754386
0 0.5095092024539877 0.6912280701754386 0.006134969325153374 0.0912280701754386
0 0.5832822085889571 0.31140350877192985 0.003374233128834356 0.054385964912280704
0 0.5219325153374234 0.20087719298245615 0.003987730061349694 0.04035087719298246
0 0.2130368098159509 0.7587719298245614 0.006441717791411043 0.08947368421052632
0 0.5289877300613497 0.4842105263157895 0.004601226993865031 0.07017543859649122
0 0.43757668711656444 0.33596491228070174 0.003374233128834356 0.054385964912280704
0 0.4388036809815951 0.43859649122807015 0.003987730061349694 0.06315789473684211
0 0.40736196319018403 0.23421052631578948 0.003067484662576687 0.04035087719298246
0 0.3496932515337423 0.5236842105263158 0.0049079754601227 0.06842105263157895