0 0.29325153374233126 0.35350877192982455 0.0036809815950920245 0.04736842105263158
0 0.47837423312883437 0.5719298245614035 0.005214723926380368 0.07368421052631578
0 0.49355828220858894 0.39824561403508774 0.004294478527607362 0.07017543859649122
0 0.48573619631901843 0.31140350877192985 0.003987730061349694 0.05087719298245614
0 0.49647239263803683 0.22631578947368422 0.0027607361963190185 0.0456140350877193
0 0.6196319018404908 0.38333333333333336 0.0036809815950920245 0.06140350877192982
0 0.5484662576687117 0.306140350877193 0.003067484662576687 0.043859649122807015
0 0.6381901840490798 0.5771929824561404 0.005214723926380368 0.07368421052631578
0 0.7372699386503068 0.5096491228070176 0.004601226993865031 0.06491228070175438
0 0.699079754601227 0.2894736842105263 0.003067484662576687 0.03859649122807018
0 0.5682515337423313 0.22982456140350876 0.0027607361963190185 0.0456140350877193
0 0.551840490797546 0.38333333333333336 0.0036809815950920245 0.06140350877192982
0 0.7628834355828221 0.35175438596491226 0.0036809815950920245 0.054385964912280704
0 0.7788343558282208 0.5456140350877193 0.0049079754601227 0.07719298245614035
0 0.7049079754601227 0.7649122807017544 0.006748466257668712 0.09824561403508772
0 0.6547546012269939 0.17894736842105263 0.0027607361963190185 0.03859649122807018
0 0.5421779141104295 0.16842105263157894 0.0027607361963190185 0.042105263157894736
0 0.48282208588957054 0.6280701754385964 0.0049079754601227 0.08421052631578947
0 0.6016871165644172 0.40789473684210525 0.003374233128834356 0.06140350877192982
0 0.5187116564417178 0.37456140350877193 0.0036809815950920245 0.05087719298245614
0 0.6300613496932516 0.2885964912280702 0.003067484662576687 0.05087719298245614
0 0.5075153374233129 0.21052631578947367 0.003987730061349694 0.0456140350877193
0 0.48067484662576687 0.3447368421052632 0.0036809815950920245 0.05789473684210526