0 0.23297546012269937 0.40087719298245617 0.003374233128834356 0.06491228070175438
0 0.25766871165644173 0.6210526315789474 0.005521472392638037 0.08070175438596491
0 0.278680981595092 0.5140350877192983 0.004601226993865031 0.05964912280701754
0 0.34662576687116564 0.2649122807017544 0.003067484662576687 0.04912280701754386
0 0.43742331288343556 0.2026315789473684 0.00245398773006135 0.04035087719298246
0 0.39401840490797546 0.3368421052631579 0.003374233128834356 0.042105263157894736
0 0.4424846625766871 0.5026315789473684 0.004601226993865031 0.06491228070175438
0 0.5449386503067485 0.5736842105263158 0.005214723926380368 0.07368421052631578
0 0.5167177914110429 0.40614035087719297 0.003987730061349694 0.06140350877192982
0 0.5049079754601227 0.34912280701754383 0.0036809815950920245 0.056140350877192984
0 0.5004601226993866 0.22543859649122808 0.0027607361963190185 0.043859649122807015
0 0.48711656441717793 0.2885964912280702 0.0036809815950920245 0.05789473684210526
0 0.7138036809815951 0.34649122807017546 0.0036809815950920245 0.05789473684210526
0 0.5677914110429448 0.443859649122807 0.004294478527607362 0.06666666666666667
0 0.5569018404907975 0.5763157894736842 0.005214723926380368 0.07894736842105263
0 0.5404907975460123 0.3570175438596491 0.0036809815950920245 0.05789473684210526
0 0.5294478527607362 0.27280701754385966 0.003067484662576687 0.05087719298245614
0 0.40644171779141103 0.6114035087719298 0.005521472392638037 0.0824561403508772
0 0.5030674846625767 0.46578947368421053 0.004294478527607362 0.06842105263157895
0 0.4128834355828221 0.4780701754385965 0.004294478527607362 0.06842105263157895
0 0.47684049079754603 0.34649122807017546 0.003374233128834356 0.05789473684210526
0 0.39677914110429446 0.2649122807017544 0.003374233128834356 0.05263157894736842
0 0.27653374233128836 0.525438596491228 0.003987730061349694 0.07192982456140351