0 0.3019938650306748 0.37894736842105264 0.003987730061349694 0.06666666666666667
0 0.5558282208588957 0.6877192982456141 0.006134969325153374 0.08421052631578947
0 0.49524539877300616 0.5675438596491228 0.005214723926380368 0.07894736842105263
0 0.49647239263803683 0.41228070175438597 0.003987730061349694 0.06315789473684211
0 0.505521472392638 0.2631578947368421 0.003067484662576687 0.04912280701754386
0 0.5858895705521472 0.5307017543859649 0.0049079754601227 0.07543859649122807
0 0.6030674846625766 0.4412280701754386 0.004294478527607362 0.06140350877192982
0 0.7452453987730061 0.5771929824561404 0.005214723926380368 0.06666666666666667
0 0.6710122699386503 0.5096491228070176 0.004601226993865031 0.07192982456140351
0 0.7055214723926381 0.5271929824561403 0.0049079754601227 0.06491228070175438
0 0.6177914110429448 0.2982456140350877 0.003067484662576687 0.05263157894736842
0 0.5846625766871165 0.4192982456140351 0.0036809815950920245 0.05964912280701754
0 0.7723926380368098 0.34912280701754383 0.0036809815950920245 0.05263157894736842
0 0.7975460122699386 0.6052631578947368 0.005521472392638037 0.07719298245614035
0 0.7576687116564417 0.6938596491228071 0.006134969325153374 0.08596491228070176
0 0.716717791411043 0.39210526315789473 0.003987730061349694 0.06140350877192982
0 0.6415644171779141 0.25087719298245614 0.0027607361963190185 0.0456140350877193
0 0.5777607361963191 0.7350877192982456 0.006441717791411043 0.09473684210526316
0 0.682361963190184 0.5166666666666667 0.004601226993865031 0.07192982456140351
0 0.557361963190184 0.45 0.004294478527607362 0.06140350877192982
0 0.6803680981595092 0.45 0.004294478527607362 0.05789473684210526
0 0.5274539877300614 0.22631578947368422 0.0027607361963190185 0.05263157894736842
0 0.5062883435582822 0.5771929824561404 0.005214723926380368 0.08070175438596491