0 0.31349693251533745 0.29912280701754385 0.00245398773006135 0.054385964912280704
0 0.49616564417177916 0.4149122807017544 0.003374233128834356 0.05789473684210526
0 0.46134969325153374 0.2833333333333333 0.003067484662576687 0.05087719298245614
0 0.46319018404907975 0.1736842105263158 0.003067484662576687 0.04912280701754386
0 0.5199386503067485 0.1570175438596491 0.003067484662576687 0.04035087719298246
0 0.5414110429447853 0.2833333333333333 0.003067484662576687 0.05087719298245614
0 0.5072085889570552 0.16842105263157894 0.003374233128834356 0.042105263157894736
0 0.6039877300613496 0.37105263157894736 0.0036809815950920245 0.05789473684210526
0 0.5756134969325153 0.25 0.0027607361963190185 0.04736842105263158
0 0.5124233128834356 0.25526315789473686 0.0027607361963190185 0.04736842105263158
0 0.5570552147239264 0.16140350877192983 0.003067484662576687 0.031578947368421054
0 0.5397239263803681 0.24298245614035088 0.003374233128834356 0.054385964912280704
0 0.727760736196319 0.3078947368421053 0.003374233128834356 0.054385964912280704
0 0.601840490797546 0.2710526315789474 0.003067484662576687 0.05087719298245614
0 0.6228527607361963 0.3298245614035088 0.003374233128834356 0.056140350877192984
0 0.5989263803680982 0.22456140350877193 0.003374233128834356 0.05263157894736842
0 0.5690184049079755 0.16842105263157894 0.003067484662576687 0.042105263157894736
0 0.5355828220858896 0.3631578947368421 0.0036809815950920245 0.05964912280701754
0 0.5613496932515337 0.2649122807017544 0.003067484662576687 0.04912280701754386
0 0.5130368098159509 0.18333333333333332 0.003987730061349694 0.03333333333333333
0 0.5714723926380368 0.2131578947368421 0.0036809815950920245 0.04736842105263158
0 0.5299079754601227 0.16403508771929826 0.003374233128834356 0.04035087719298246
0 0.4815950920245399 0.20877192982456141 0.003067484662576687 0.05263157894736842