0 0.23680981595092024 0.3736842105263158 0.00245398773006135 0.056140350877192984
0 0.33312883435582824 0.5280701754385965 0.0049079754601227 0.06315789473684211
0 0.36457055214723927 0.4763157894736842 0.004601226993865031 0.06842105263157895
0 0.29800613496932515 0.5008771929824561 0.004601226993865031 0.043859649122807015
0 0.36257668711656443 0.3140350877192982 0.004294478527607362 0.05263157894736842
0 0.4446319018404908 0.40350877192982454 0.003987730061349694 0.06315789473684211
0 0.4210122699386503 0.5280701754385965 0.003987730061349694 0.07017543859649122
0 0.4624233128834356 0.5964912280701754 0.005214723926380368 0.07719298245614035
0 0.4607361963190184 0.5175438596491229 0.0049079754601227 0.07368421052631578
0 0.5202453987730061 0.3719298245614035 0.0036809815950920245 0.05964912280701754
0 0.43849693251533745 0.23596491228070177 0.0027607361963190185 0.04736842105263158
0 0.40567484662576686 0.5421052631578948 0.004601226993865031 0.08771929824561403
0 0.7138036809815951 0.35175438596491226 0.0036809815950920245 0.05789473684210526
0 0.5174846625766871 0.5140350877192983 0.0049079754601227 0.07368421052631578
0 0.422239263803681 0.7026315789473684 0.004601226993865031 0.1
0 0.5872699386503067 0.3236842105263158 0.003374233128834356 0.04736842105263158
0 0.4762269938650307 0.18157894736842106 0.002147239263803681 0.03684210526315789
0 0.3441717791411043 0.6175438596491228 0.005521472392638037 0.07719298245614035
0 0.4815950920245399 0.618421052631579 0.005521472392638037 0.0824561403508772
0 0.40245398773006136 0.4745614035087719 0.004294478527607362 0.06491228070175438
0 0.4737730061349693 0.42719298245614035 0.003987730061349694 0.06140350877192982
0 0.3927914110429448 0.27280701754385966 0.003374233128834356 0.05087719298245614
0 0.3072085889570552 0.5280701754385965 0.005214723926380368 0.07368421052631578