0 0.24171779141104294 0.387719298245614 0.0036809815950920245 0.07719298245614035
0 0.2812883435582822 0.6385964912280702 0.005521472392638037 0.07719298245614035
0 0.29340490797546015 0.48771929824561405 0.005214723926380368 0.08771929824561403
0 0.3584355828220859 0.256140350877193 0.0027607361963190185 0.04912280701754386
0 0.4475460122699387 0.18859649122807018 0.00245398773006135 0.02982456140350877
0 0.37975460122699384 0.3508771929824561 0.0036809815950920245 0.04912280701754386
0 0.44677914110429445 0.48947368421052634 0.004601226993865031 0.06666666666666667
0 0.5590490797546013 0.5596491228070175 0.005214723926380368 0.07368421052631578
0 0.525920245398773 0.39649122807017545 0.003987730061349694 0.056140350877192984
0 0.5130368098159509 0.3385964912280702 0.003374233128834356 0.056140350877192984
0 0.49938650306748467 0.22631578947368422 0.00245398773006135 0.0456140350877193
0 0.4947852760736196 0.2807017543859649 0.004294478527607362 0.06666666666666667
0 0.7162576687116564 0.3482456140350877 0.0036809815950920245 0.05789473684210526
0 0.5723926380368098 0.43859649122807015 0.004294478527607362 0.06666666666666667
0 0.5691717791411043 0.5622807017543859 0.005214723926380368 0.07894736842105263
0 0.5443251533742332 0.3447368421052632 0.003374233128834356 0.05789473684210526
0 0.5352760736196319 0.27017543859649124 0.003067484662576687 0.04912280701754386
0 0.4200920245398773 0.6131578947368421 0.005214723926380368 0.0824561403508772
0 0.5141104294478528 0.4605263157894737 0.004294478527607362 0.06842105263157895
0 0.4251533742331288 0.4614035087719298 0.004294478527607362 0.06315789473684211
0 0.48512269938650304 0.3447368421052632 0.003374233128834356 0.05789473684210526
0 0.4053680981595092 0.25701754385964914 0.003374233128834356 0.05087719298245614
0 0.3035276073619632 0.5078947368421053 0.004601226993865031 0.07192982456140351