0 0.2766871165644172 0.3385964912280702 0.004294478527607362 0.05964912280701754
0 0.47914110429447854 0.46403508771929824 0.004294478527607362 0.06140350877192982
0 0.4794478527607362 0.3701754385964912 0.0036809815950920245 0.05964912280701754
0 0.4865030674846626 0.2964912280701754 0.003067484662576687 0.05263157894736842
0 0.496319018404908 0.20964912280701756 0.00245398773006135 0.03684210526315789
0 0.5328220858895706 0.362280701754386 0.0036809815950920245 0.06140350877192982
0 0.5211656441717791 0.27807017543859647 0.003067484662576687 0.05087719298245614
0 0.5461656441717792 0.519298245614035 0.004601226993865031 0.07017543859649122
0 0.6671779141104295 0.3508771929824561 0.003067484662576687 0.05263157894736842
0 0.6019938650306749 0.2578947368421053 0.0027607361963190185 0.04912280701754386
0 0.5478527607361963 0.20877192982456141 0.00245398773006135 0.03859649122807018
0 0.507361963190184 0.4070175438596491 0.0036809815950920245 0.06666666666666667
0 0.7069018404907975 0.3131578947368421 0.003374233128834356 0.054385964912280704
0 0.6653374233128835 0.41578947368421054 0.004294478527607362 0.07017543859649122
0 0.5960122699386503 0.7131578947368421 0.006134969325153374 0.09298245614035087
0 0.6220858895705521 0.22017543859649122 0.00245398773006135 0.043859649122807015
0 0.5233128834355828 0.16666666666666666 0.003067484662576687 0.031578947368421054
0 0.4714723926380368 0.5412280701754386 0.0049079754601227 0.07543859649122807
0 0.5352760736196319 0.4359649122807018 0.004294478527607362 0.05789473684210526
0 0.503680981595092 0.2649122807017544 0.003067484662576687 0.04912280701754386
0 0.5368098159509203 0.31666666666666665 0.0036809815950920245 0.054385964912280704
0 0.4897239263803681 0.1912280701754386 0.003374233128834356 0.05263157894736842
0 0.47653374233128837 0.32105263157894737 0.003374233128834356 0.05964912280701754