0 0.19831288343558282 0.4026315789473684 0.003374233128834356 0.05789473684210526
0 0.1745398773006135 0.5508771929824562 0.0049079754601227 0.07719298245614035
0 0.31150306748466255 0.49912280701754386 0.004601226993865031 0.07192982456140351
0 0.2883435582822086 0.35 0.0036809815950920245 0.05789473684210526
0 0.36871165644171777 0.26228070175438595 0.0036809815950920245 0.05087719298245614
0 0.38466257668711656 0.35526315789473684 0.0036809815950920245 0.05087719298245614
0 0.4214723926380368 0.55 0.0049079754601227 0.07543859649122807
0 0.4822085889570552 0.6096491228070176 0.005521472392638037 0.0824561403508772
0 0.5076687116564417 0.47017543859649125 0.004294478527607362 0.07017543859649122
0 0.49693251533742333 0.38859649122807016 0.0036809815950920245 0.06140350877192982
0 0.48021472392638037 0.24385964912280703 0.0027607361963190185 0.0456140350877193
0 0.426840490797546 0.3929824561403509 0.004601226993865031 0.07368421052631578
0 0.6895705521472393 0.34649122807017546 0.0036809815950920245 0.05789473684210526
0 0.5544478527607362 0.4921052631578947 0.004601226993865031 0.07192982456140351
0 0.5010736196319019 0.6526315789473685 0.005828220858895706 0.08771929824561403
0 0.5411042944785276 0.36666666666666664 0.0036809815950920245 0.05964912280701754
0 0.505521472392638 0.2631578947368421 0.003067484662576687 0.04912280701754386
0 0.34309815950920247 0.656140350877193 0.005828220858895706 0.08771929824561403
0 0.502760736196319 0.5324561403508772 0.0049079754601227 0.07543859649122807
0 0.36533742331288344 0.519298245614035 0.0049079754601227 0.07368421052631578
0 0.44355828220858895 0.3719298245614035 0.0036809815950920245 0.05964912280701754
0 0.3605828220858896 0.2850877192982456 0.003987730061349694 0.06491228070175438
0 0.17760736196319019 0.543859649122807 0.007361963190184049 0.08070175438596491