0 0.34156441717791414 0.3368421052631579 0.003374233128834356 0.056140350877192984
0 0.8342024539877301 0.7008771929824561 0.008895705521472393 0.11052631578947368
0 0.498159509202454 0.3780701754385965 0.0036809815950920245 0.05789473684210526
0 0.48865030674846627 0.2982456140350877 0.00245398773006135 0.0456140350877193
0 0.5650306748466257 0.20087719298245615 0.004294478527607362 0.054385964912280704
0 0.5631901840490797 0.3482456140350877 0.0036809815950920245 0.05789473684210526
0 0.6276073619631902 0.2736842105263158 0.003067484662576687 0.042105263157894736
0 0.5710122699386503 0.4842105263157895 0.004601226993865031 0.06666666666666667
0 0.7406441717791411 0.3991228070175439 0.005214723926380368 0.06491228070175438
0 0.7355828220858895 0.3719298245614035 0.004294478527607362 0.056140350877192984
0 0.6797546012269938 0.2675438596491228 0.003067484662576687 0.04736842105263158
0 0.6476993865030675 0.36929824561403507 0.003987730061349694 0.06491228070175438
0 0.7087423312883435 0.27456140350877195 0.004601226993865031 0.054385964912280704
0 0.7271472392638036 0.3701754385964912 0.005214723926380368 0.07017543859649122
0 0.7055214723926381 0.543859649122807 0.0049079754601227 0.06315789473684211
0 0.691717791411043 0.2631578947368421 0.003067484662576687 0.04912280701754386
0 0.7180981595092024 0.2982456140350877 0.004294478527607362 0.05964912280701754
0 0.7972392638036809 0.6368421052631579 0.005521472392638037 0.07368421052631578
0 0.6753067484662577 0.3719298245614035 0.003987730061349694 0.05964912280701754
0 0.6038343558282209 0.31140350877192985 0.003374233128834356 0.054385964912280704
0 0.6437116564417178 0.2517543859649123 0.003374233128834356 0.05087719298245614
0 0.5929447852760736 0.16052631578947368 0.003067484662576687 0.043859649122807015
0 0.48757668711656443 0.33421052631578946 0.003987730061349694 0.054385964912280704