0 0.2630368098159509 0.3763157894736842 0.003374233128834356 0.05789473684210526
0 0.4573619631901841 0.5605263157894737 0.0049079754601227 0.05087719298245614
0 0.44033742331288345 0.6596491228070176 0.005828220858895706 0.08070175438596491
0 0.4437116564417178 0.40350877192982454 0.003987730061349694 0.06315789473684211
0 0.4656441717791411 0.2789473684210526 0.003067484662576687 0.04912280701754386
0 0.5725460122699386 0.6131578947368421 0.005214723926380368 0.07894736842105263
0 0.5104294478527608 0.44298245614035087 0.0049079754601227 0.05789473684210526
0 0.5512269938650307 0.6973684210526315 0.006134969325153374 0.07543859649122807
0 0.7064417177914111 0.6043859649122807 0.005521472392638037 0.07543859649122807
0 0.5958588957055214 0.4236842105263158 0.003987730061349694 0.06140350877192982
0 0.5596625766871166 0.2710526315789474 0.0027607361963190185 0.02631578947368421
0 0.5199386503067485 0.44473684210526315 0.0036809815950920245 0.06140350877192982
0 0.746319018404908 0.3631578947368421 0.0036809815950920245 0.05964912280701754
0 0.7147239263803681 0.5780701754385965 0.006134969325153374 0.08596491228070176
0 0.5248466257668711 0.6947368421052632 0.0049079754601227 0.0912280701754386
0 0.650920245398773 0.3 0.003067484662576687 0.05263157894736842
0 0.5742331288343558 0.20614035087719298 0.00245398773006135 0.043859649122807015
0 0.47024539877300614 0.5385964912280702 0.0049079754601227 0.07017543859649122
0 0.6335889570552147 0.5771929824561404 0.005214723926380368 0.05964912280701754
0 0.4938650306748466 0.36666666666666664 0.0036809815950920245 0.04912280701754386
0 0.5812883435582822 0.45087719298245615 0.004294478527607362 0.06315789473684211
0 0.4794478527607362 0.20701754385964913 0.00245398773006135 0.042105263157894736
0 0.4840490797546012 0.7149122807017544 0.005521472392638037 0.0824561403508772