0 0.3207055214723926 0.29473684210526313 0.0027607361963190185 0.04912280701754386
0 0.49524539877300616 0.41228070175438597 0.003374233128834356 0.042105263157894736
0 0.46365030674846625 0.26666666666666666 0.0027607361963190185 0.04912280701754386
0 0.4628834355828221 0.1649122807017544 0.003067484662576687 0.03859649122807018
0 0.5302147239263804 0.15350877192982457 0.002147239263803681 0.03684210526315789
0 0.5547546012269938 0.26403508771929823 0.0027607361963190185 0.04035087719298246
0 0.5121165644171779 0.1824561403508772 0.002147239263803681 0.028070175438596492
0 0.6058282208588958 0.3736842105263158 0.0036809815950920245 0.05964912280701754
0 0.5842024539877301 0.25263157894736843 0.0027607361963190185 0.04912280701754386
0 0.5297546012269939 0.2710526315789474 0.003067484662576687 0.05087719298245614
0 0.5590490797546013 0.1631578947368421 0.0027607361963190185 0.03859649122807018
0 0.5391104294478528 0.23508771929824562 0.003374233128834356 0.05263157894736842
0 0.7211656441717792 0.30526315789473685 0.003067484662576687 0.05263157894736842
0 0.602760736196319 0.26666666666666666 0.003067484662576687 0.04912280701754386
0 0.625 0.3350877192982456 0.003374233128834356 0.056140350877192984
0 0.6006134969325153 0.22280701754385965 0.0036809815950920245 0.04912280701754386
0 0.5806748466257668 0.17719298245614035 0.003067484662576687 0.03859649122807018
0 0.5453987730061349 0.3780701754385965 0.0036809815950920245 0.06140350877192982
0 0.5647239263803681 0.2710526315789474 0.003067484662576687 0.05087719298245614
0 0.5226993865030675 0.20789473684210527 0.00245398773006135 0.043859649122807015
0 0.572239263803681 0.21228070175438596 0.003374233128834356 0.0456140350877193
0 0.5409509202453988 0.16842105263157894 0.002147239263803681 0.042105263157894736
0 0.4812883435582822 0.21403508771929824 0.003067484662576687 0.04912280701754386