0 0.3088957055214724 0.29385964912280704 0.003067484662576687 0.054385964912280704
0 0.500920245398773 0.4543859649122807 0.003067484662576687 0.04912280701754386
0 0.450920245398773 0.3026315789473684 0.003067484662576687 0.05087719298245614
0 0.45153374233128835 0.17456140350877192 0.003067484662576687 0.04035087719298246
0 0.5122699386503068 0.156140350877193 0.0018404907975460123 0.031578947368421054
0 0.5312883435582823 0.2894736842105263 0.003067484662576687 0.05263157894736842
0 0.5099693251533742 0.1850877192982456 0.0027607361963190185 0.02982456140350877
0 0.5998466257668712 0.4 0.003987730061349694 0.056140350877192984
0 0.5688650306748466 0.256140350877193 0.0027607361963190185 0.03508771929824561
0 0.49233128834355827 0.2631578947368421 0.003067484662576687 0.04912280701754386
0 0.552760736196319 0.1675438596491228 0.003067484662576687 0.03333333333333333
0 0.533282208588957 0.23859649122807017 0.003374233128834356 0.056140350877192984
0 0.7326687116564418 0.3131578947368421 0.003374233128834356 0.054385964912280704
0 0.5960122699386503 0.27456140350877195 0.003067484662576687 0.05087719298245614
0 0.6115030674846625 0.3456140350877193 0.003374233128834356 0.05263157894736842
0 0.5878834355828221 0.23771929824561402 0.0027607361963190185 0.04736842105263158
0 0.5627300613496933 0.17543859649122806 0.003987730061349694 0.03859649122807018
0 0.5331288343558283 0.3798245614035088 0.0036809815950920245 0.06140350877192982
0 0.5348159509202454 0.2710526315789474 0.003374233128834356 0.05087719298245614
0 0.5012269938650307 0.1824561403508772 0.003067484662576687 0.03859649122807018
0 0.5613496932515337 0.21929824561403508 0.00245398773006135 0.03859649122807018
0 0.5176380368098159 0.1692982456140351 0.0027607361963190185 0.03684210526315789
0 0.47837423312883437 0.2131578947368421 0.0027607361963190185 0.04736842105263158