0 0.22039877300613497 0.3850877192982456 0.005214723926380368 0.07543859649122807
0 0.2673312883435583 0.5201754385964912 0.004601226993865031 0.054385964912280704
0 0.35368098159509204 0.5008771929824561 0.0049079754601227 0.06842105263157895
0 0.2940184049079755 0.4421052631578947 0.003987730061349694 0.06315789473684211
0 0.34616564417177914 0.33157894736842103 0.003374233128834356 0.0456140350877193
0 0.40904907975460125 0.4 0.003987730061349694 0.06315789473684211
0 0.42530674846625766 0.5675438596491228 0.004601226993865031 0.07894736842105263
0 0.4226993865030675 0.6210526315789474 0.005521472392638037 0.08421052631578947
0 0.5205521472392638 0.5307017543859649 0.0049079754601227 0.07543859649122807
0 0.49125766871165644 0.39035087719298245 0.003987730061349694 0.06140350877192982
0 0.4461656441717791 0.24210526315789474 0.0027607361963190185 0.042105263157894736
0 0.3964723926380368 0.45 0.003374233128834356 0.06140350877192982
0 0.6884969325153374 0.34035087719298246 0.003374233128834356 0.056140350877192984
0 0.5624233128834356 0.5789473684210527 0.005214723926380368 0.08070175438596491
0 0.44217791411042945 0.7219298245614035 0.005214723926380368 0.10350877192982456
0 0.5599693251533743 0.3429824561403509 0.003374233128834356 0.05789473684210526
0 0.49892638036809817 0.24210526315789474 0.0027607361963190185 0.0456140350877193
0 0.34570552147239264 0.6912280701754386 0.006134969325153374 0.08771929824561403
0 0.4673312883435583 0.5587719298245614 0.005214723926380368 0.07894736842105263
0 0.3579754601226994 0.543859649122807 0.004294478527607362 0.06666666666666667
0 0.43328220858895705 0.4166666666666667 0.003987730061349694 0.06491228070175438
0 0.3799079754601227 0.27631578947368424 0.003987730061349694 0.05087719298245614
0 0.2541411042944785 0.5228070175438596 0.004601226993865031 0.07017543859649122