0 0.29662576687116565 0.312280701754386 0.003067484662576687 0.05964912280701754
0 0.5039877300613497 0.6429824561403509 0.005521472392638037 0.08596491228070176
0 0.4553680981595092 0.41228070175438597 0.003987730061349694 0.06315789473684211
0 0.4745398773006135 0.21754385964912282 0.00245398773006135 0.0456140350877193
0 0.5320552147239264 0.16578947368421051 0.003374233128834356 0.04035087719298246
0 0.5050613496932516 0.23333333333333334 0.0027607361963190185 0.0456140350877193
0 0.5246932515337424 0.41228070175438597 0.003987730061349694 0.05964912280701754
0 0.6507668711656441 0.5219298245614035 0.004601226993865031 0.06491228070175438
0 0.6246932515337423 0.3482456140350877 0.003374233128834356 0.05789473684210526
0 0.5995398773006135 0.2982456140350877 0.003374233128834356 0.05964912280701754
0 0.5618098159509203 0.24649122807017543 0.003987730061349694 0.04736842105263158
0 0.5457055214723926 0.2517543859649123 0.003067484662576687 0.05087719298245614
0 0.7516871165644172 0.3201754385964912 0.003374233128834356 0.054385964912280704
0 0.6478527607361964 0.3570175438596491 0.0036809815950920245 0.05789473684210526
0 0.6523006134969325 0.4543859649122807 0.005214723926380368 0.07719298245614035
0 0.6383435582822086 0.2789473684210526 0.0036809815950920245 0.05263157894736842
0 0.561963190184049 0.18421052631578946 0.00245398773006135 0.03859649122807018
0 0.5769938650306748 0.525438596491228 0.0049079754601227 0.07543859649122807
0 0.594478527607362 0.35 0.0036809815950920245 0.05789473684210526
0 0.5579754601226994 0.2710526315789474 0.003067484662576687 0.04736842105263158
0 0.5891104294478527 0.2517543859649123 0.003987730061349694 0.05789473684210526
0 0.5437116564417178 0.21052631578947367 0.003987730061349694 0.04912280701754386
0 0.49662576687116566 0.40350877192982454 0.0049079754601227 0.07719298245614035