0 0.19125766871165645 0.4201754385964912 0.003374233128834356 0.05087719298245614
0 0.2076687116564417 0.7868421052631579 0.006748466257668712 0.1
0 0.1570552147239264 0.631578947368421 0.005521472392638037 0.07017543859649122
0 0.32131901840490795 0.4043859649122807 0.003374233128834356 0.06140350877192982
0 0.3599693251533742 0.31666666666666665 0.003374233128834356 0.05087719298245614
0 0.3880368098159509 0.6412280701754386 0.005521472392638037 0.08596491228070176
0 0.3924846625766871 0.47982456140350876 0.004601226993865031 0.05789473684210526
0 0.495398773006135 0.6701754385964912 0.004294478527607362 0.07719298245614035
0 0.5674846625766872 0.6368421052631579 0.005521472392638037 0.08421052631578947
0 0.5015337423312883 0.3798245614035088 0.0036809815950920245 0.06140350877192982
0 0.498159509202454 0.30350877192982456 0.003067484662576687 0.0456140350877193
0 0.422239263803681 0.4666666666666667 0.003987730061349694 0.07368421052631578
0 0.6960122699386503 0.3736842105263158 0.0036809815950920245 0.05964912280701754
0 0.5464723926380368 0.5771929824561404 0.005214723926380368 0.08070175438596491
0 0.49892638036809817 0.6868421052631579 0.005214723926380368 0.08947368421052632
0 0.5476993865030675 0.40350877192982454 0.003987730061349694 0.06315789473684211
0 0.5111963190184049 0.28771929824561404 0.003374233128834356 0.04912280701754386
0 0.30368098159509205 0.7175438596491228 0.006134969325153374 0.0912280701754386
0 0.3915644171779141 0.6350877192982456 0.005828220858895706 0.08421052631578947
0 0.35521472392638037 0.44035087719298244 0.004294478527607362 0.05964912280701754
0 0.4157975460122699 0.49122807017543857 0.004601226993865031 0.07368421052631578
0 0.36533742331288344 0.31140350877192985 0.003067484662576687 0.05087719298245614
0 0.25107361963190183 0.5850877192982457 0.005828220858895706 0.07543859649122807