0 0.31349693251533745 0.29912280701754385 0.00245398773006135 0.054385964912280704
0 0.49616564417177916 0.4166666666666667 0.003374233128834356 0.054385964912280704
0 0.4610429447852761 0.2833333333333333 0.003067484662576687 0.05087719298245614
0 0.4621165644171779 0.17280701754385966 0.003374233128834356 0.05087719298245614
0 0.5190184049079755 0.156140350877193 0.0018404907975460123 0.03859649122807018
0 0.5404907975460123 0.27280701754385966 0.003067484662576687 0.05087719298245614
0 0.5067484662576687 0.1692982456140351 0.0036809815950920245 0.043859649122807015
0 0.6042944785276073 0.3719298245614035 0.0036809815950920245 0.05964912280701754
0 0.5743865030674846 0.24736842105263157 0.0027607361963190185 0.0456140350877193
0 0.5093558282208589 0.256140350877193 0.0027607361963190185 0.04912280701754386
0 0.556441717791411 0.16140350877192983 0.003067484662576687 0.03508771929824561
0 0.5391104294478528 0.24298245614035088 0.003374233128834356 0.054385964912280704
0 0.727760736196319 0.3078947368421053 0.003374233128834356 0.054385964912280704
0 0.601840490797546 0.27017543859649124 0.003067484662576687 0.04912280701754386
0 0.6228527607361963 0.3280701754385965 0.003374233128834356 0.056140350877192984
0 0.5976993865030675 0.22456140350877193 0.003374233128834356 0.05263157894736842
0 0.5680981595092025 0.16842105263157894 0.003067484662576687 0.042105263157894736
0 0.5340490797546013 0.36666666666666664 0.0036809815950920245 0.05964912280701754
0 0.5604294478527607 0.2649122807017544 0.003067484662576687 0.04912280701754386
0 0.5115030674846626 0.18070175438596492 0.003987730061349694 0.03508771929824561
0 0.5707055214723926 0.2131578947368421 0.003987730061349694 0.04736842105263158
0 0.5280674846625767 0.16403508771929826 0.003374233128834356 0.043859649122807015
0 0.48098159509202454 0.20964912280701756 0.003067484662576687 0.05087719298245614