0 0.35276073619631904 0.3280701754385965 0.003067484662576687 0.06666666666666667
0 0.6065950920245399 0.4956140350877193 0.004601226993865031 0.07192982456140351
0 0.5429447852760736 0.35 0.0036809815950920245 0.05789473684210526
0 0.5280674846625767 0.2614035087719298 0.0027607361963190185 0.04912280701754386
0 0.7049079754601227 0.18070175438596492 0.00245398773006135 0.03508771929824561
0 0.5878834355828221 0.23596491228070177 0.0027607361963190185 0.04736842105263158
0 0.6308282208588957 0.3131578947368421 0.003374233128834356 0.05087719298245614
0 0.741717791411043 0.3526315789473684 0.0036809815950920245 0.05263157894736842
0 0.6852760736196319 0.30087719298245613 0.003067484662576687 0.043859649122807015
0 0.724079754601227 0.2596491228070175 0.003374233128834356 0.0456140350877193
0 0.6480061349693251 0.18333333333333332 0.002147239263803681 0.02631578947368421
0 0.6682515337423313 0.22982456140350876 0.003987730061349694 0.05263157894736842
0 0.774079754601227 0.3254385964912281 0.004601226993865031 0.054385964912280704
0 0.7391104294478528 0.29385964912280704 0.004601226993865031 0.054385964912280704
0 0.7535276073619632 0.35789473684210527 0.003374233128834356 0.05964912280701754
0 0.7288343558282209 0.26052631578947366 0.00245398773006135 0.043859649122807015
0 0.7033742331288344 0.19473684210526315 0.003067484662576687 0.042105263157894736
0 0.7118098159509203 0.42894736842105263 0.003987730061349694 0.06491228070175438
0 0.7207055214723926 0.28157894736842104 0.003987730061349694 0.054385964912280704
0 0.625 0.24473684210526317 0.0027607361963190185 0.04736842105263158
0 0.6932515337423313 0.27982456140350875 0.003067484662576687 0.05087719298245614
0 0.6762269938650307 0.18596491228070175 0.003987730061349694 0.042105263157894736
0 0.5484662576687117 0.35526315789473684 0.0036809815950920245 0.06140350877192982