0 0.2907975460122699 0.3298245614035088 0.006134969325153374 0.06666666666666667
0 0.4865030674846626 0.5473684210526316 0.0049079754601227 0.06666666666666667
0 0.47929447852760737 0.4131578947368421 0.003987730061349694 0.06140350877192982
0 0.4888036809815951 0.306140350877193 0.003374233128834356 0.054385964912280704
0 0.4815950920245399 0.21666666666666667 0.00245398773006135 0.04035087719298246
0 0.5337423312883436 0.3605263157894737 0.0036809815950920245 0.05789473684210526
0 0.5576687116564417 0.27982456140350875 0.003067484662576687 0.043859649122807015
0 0.6363496932515338 0.5131578947368421 0.004601226993865031 0.06140350877192982
0 0.6119631901840491 0.31666666666666665 0.0036809815950920245 0.05087719298245614
0 0.6461656441717791 0.31842105263157894 0.003374233128834356 0.054385964912280704
0 0.5918711656441717 0.23771929824561402 0.0027607361963190185 0.03684210526315789
0 0.5453987730061349 0.3736842105263158 0.0036809815950920245 0.05964912280701754
0 0.7513803680981596 0.3236842105263158 0.003374233128834356 0.054385964912280704
0 0.7015337423312883 0.46578947368421053 0.006134969325153374 0.0824561403508772
0 0.6765337423312884 0.5710526315789474 0.005214723926380368 0.07894736842105263
0 0.6450920245398774 0.2824561403508772 0.0036809815950920245 0.0456140350877193
0 0.6024539877300613 0.1850877192982456 0.00245398773006135 0.03333333333333333
0 0.49923312883435583 0.5640350877192982 0.005214723926380368 0.07894736842105263
0 0.6035276073619632 0.40350877192982454 0.003987730061349694 0.06315789473684211
0 0.5325153374233129 0.27017543859649124 0.003067484662576687 0.04912280701754386
0 0.6374233128834356 0.34649122807017546 0.0036809815950920245 0.05789473684210526
0 0.49003067484662577 0.19035087719298247 0.0027607361963190185 0.04736842105263158
0 0.47791411042944787 0.4368421052631579 0.004294478527607362 0.06666666666666667