0 0.2210122699386503 0.39210526315789473 0.003374233128834356 0.06140350877192982
0 0.25674846625766873 0.769298245614035 0.006748466257668712 0.09298245614035087
0 0.24478527607361963 0.6157894736842106 0.005521472392638037 0.07368421052631578
0 0.33957055214723925 0.46228070175438596 0.004294478527607362 0.06842105263157895
0 0.36763803680981594 0.3649122807017544 0.003374233128834356 0.05964912280701754
0 0.30414110429447855 0.6464912280701754 0.005828220858895706 0.08596491228070176
0 0.37607361963190183 0.5508771929824562 0.0049079754601227 0.07368421052631578
0 0.4021472392638037 0.6780701754385965 0.006134969325153374 0.09298245614035087
0 0.4570552147239264 0.7157894736842105 0.006134969325153374 0.0912280701754386
0 0.4756134969325153 0.42719298245614035 0.003987730061349694 0.06491228070175438
0 0.49647239263803683 0.3447368421052632 0.003374233128834356 0.05789473684210526
0 0.4311349693251534 0.4842105263157895 0.005214723926380368 0.08070175438596491
0 0.7052147239263804 0.3798245614035088 0.0036809815950920245 0.06140350877192982
0 0.5084355828220859 0.6614035087719298 0.005828220858895706 0.08771929824561403
0 0.45521472392638035 0.7017543859649122 0.006134969325153374 0.0912280701754386
0 0.525920245398773 0.4842105263157895 0.004601226993865031 0.07017543859649122
0 0.5039877300613497 0.3447368421052632 0.003067484662576687 0.05087719298245614
0 0.3901840490797546 0.7166666666666667 0.006134969325153374 0.08947368421052632
0 0.32039877300613495 0.6482456140350877 0.005214723926380368 0.09298245614035087
0 0.36012269938650304 0.48157894736842105 0.004294478527607362 0.06491228070175438
0 0.4023006134969325 0.5666666666666667 0.005214723926380368 0.07368421052631578
0 0.3808282208588957 0.37894736842105264 0.003374233128834356 0.06315789473684211
0 0.26411042944785273 0.6166666666666667 0.005521472392638037 0.07894736842105263