0 0.25966257668711656 0.3429824561403509 0.003374233128834356 0.05789473684210526
0 0.42392638036809815 0.46228070175438596 0.004294478527607362 0.06842105263157895
0 0.43803680981595094 0.3798245614035088 0.003067484662576687 0.05789473684210526
0 0.4486196319018405 0.3078947368421053 0.003374233128834356 0.054385964912280704
0 0.44539877300613495 0.22456140350877193 0.00245398773006135 0.028070175438596492
0 0.4817484662576687 0.4149122807017544 0.004601226993865031 0.0824561403508772
0 0.4967791411042945 0.2894736842105263 0.003374233128834356 0.04912280701754386
0 0.49371165644171777 0.512280701754386 0.005214723926380368 0.06315789473684211
0 0.5760736196319018 0.35175438596491226 0.0036809815950920245 0.05087719298245614
0 0.5720858895705522 0.27631578947368424 0.003067484662576687 0.043859649122807015
0 0.5076687116564417 0.22105263157894736 0.00245398773006135 0.042105263157894736
0 0.47837423312883437 0.43333333333333335 0.003374233128834356 0.07719298245614035
0 0.7124233128834356 0.3236842105263158 0.003374233128834356 0.054385964912280704
0 0.59079754601227 0.37543859649122807 0.0036809815950920245 0.05964912280701754
0 0.5598159509202454 0.6877192982456141 0.006134969325153374 0.0912280701754386
0 0.6016871165644172 0.2578947368421053 0.0027607361963190185 0.04912280701754386
0 0.5154907975460122 0.1692982456140351 0.0027607361963190185 0.03684210526315789
0 0.4134969325153374 0.5236842105263158 0.0049079754601227 0.07543859649122807
0 0.49493865030674844 0.49298245614035086 0.003987730061349694 0.07368421052631578
0 0.5003067484662577 0.27456140350877195 0.003067484662576687 0.05087719298245614
0 0.469478527607362 0.35175438596491226 0.003987730061349694 0.05789473684210526
0 0.4507668711656442 0.19035087719298247 0.0027607361963190185 0.04035087719298246
0 0.42760736196319016 0.33771929824561403 0.0036809815950920245 0.054385964912280704