0 0.24677914110429447 0.3736842105263158 0.003374233128834356 0.04912280701754386
0 0.323159509202454 0.6877192982456141 0.005214723926380368 0.08771929824561403
0 0.38512269938650306 0.5245614035087719 0.004601226993865031 0.031578947368421054
0 0.41457055214723926 0.39210526315789473 0.003987730061349694 0.054385964912280704
0 0.44785276073619634 0.2885964912280702 0.003067484662576687 0.05087719298245614
0 0.5306748466257669 0.5508771929824562 0.0049079754601227 0.07719298245614035
0 0.4639570552147239 0.41228070175438597 0.0027607361963190185 0.056140350877192984
0 0.49739263803680983 0.6421052631578947 0.003987730061349694 0.08421052631578947
0 0.6312883435582822 0.5526315789473685 0.0049079754601227 0.07719298245614035
0 0.5480061349693252 0.3447368421052632 0.003374233128834356 0.05789473684210526
0 0.5389570552147239 0.2710526315789474 0.003067484662576687 0.04035087719298246
0 0.45950920245398774 0.4745614035087719 0.0036809815950920245 0.07192982456140351
0 0.7355828220858895 0.35526315789473684 0.0036809815950920245 0.05789473684210526
0 0.6542944785276074 0.6096491228070176 0.005521472392638037 0.0824561403508772
0 0.55920245398773 0.7087719298245614 0.006134969325153374 0.07719298245614035
0 0.6015337423312883 0.29473684210526313 0.003067484662576687 0.05263157894736842
0 0.5199386503067485 0.18859649122807018 0.00245398773006135 0.03684210526315789
0 0.3142638036809816 0.7105263157894737 0.005828220858895706 0.09824561403508772
0 0.5593558282208589 0.5043859649122807 0.004601226993865031 0.07192982456140351
0 0.47254601226993864 0.32280701754385965 0.003374233128834356 0.04912280701754386
0 0.46809815950920247 0.42894736842105263 0.004294478527607362 0.054385964912280704
0 0.448159509202454 0.20350877192982456 0.003067484662576687 0.03859649122807018
0 0.404601226993865 0.4964912280701754 0.0049079754601227 0.06666666666666667