0 0.25214723926380367 0.37280701754385964 0.003067484662576687 0.04736842105263158
0 0.4039877300613497 0.5780701754385965 0.004294478527607362 0.07543859649122807
0 0.38650306748466257 0.6228070175438597 0.005521472392638037 0.08070175438596491
0 0.4030674846625767 0.43508771929824563 0.004294478527607362 0.06666666666666667
0 0.4200920245398773 0.3078947368421053 0.003374233128834356 0.054385964912280704
0 0.4845092024539877 0.5763157894736842 0.005214723926380368 0.054385964912280704
0 0.4512269938650307 0.5140350877192983 0.0049079754601227 0.07368421052631578
0 0.49309815950920244 0.6859649122807018 0.005214723926380368 0.08070175438596491
0 0.6329754601226993 0.5982456140350877 0.005214723926380368 0.05964912280701754
0 0.5374233128834356 0.45789473684210524 0.004294478527607362 0.06666666666666667
0 0.49325153374233127 0.26842105263157895 0.003067484662576687 0.0456140350877193
0 0.4526073619631902 0.47543859649122805 0.003987730061349694 0.05964912280701754
0 0.7187116564417177 0.3649122807017544 0.0036809815950920245 0.05964912280701754
0 0.6239263803680981 0.543859649122807 0.0049079754601227 0.07719298245614035
0 0.3366564417177914 0.6526315789473685 0.004601226993865031 0.08421052631578947
0 0.6164110429447853 0.3263157894736842 0.003374233128834356 0.056140350877192984
0 0.5372699386503067 0.22280701754385965 0.0027607361963190185 0.0456140350877193
0 0.43006134969325155 0.537719298245614 0.0049079754601227 0.07543859649122807
0 0.5447852760736196 0.606140350877193 0.005521472392638037 0.07894736842105263
0 0.46503067484662575 0.35 0.0036809815950920245 0.054385964912280704
0 0.5242331288343558 0.443859649122807 0.004294478527607362 0.06666666666666667
0 0.44585889570552145 0.20701754385964913 0.003987730061349694 0.05263157894736842
0 0.47914110429447854 0.7263157894736842 0.006748466257668712 0.08421052631578947