0 0.27791411042944786 0.36578947368421055 0.0036809815950920245 0.05087719298245614
0 0.471319018404908 0.6631578947368421 0.005828220858895706 0.06666666666666667
0 0.45659509202453985 0.4666666666666667 0.003374233128834356 0.06666666666666667
0 0.47883435582822087 0.35350877192982455 0.0036809815950920245 0.05789473684210526
0 0.4943251533742331 0.23421052631578948 0.0027607361963190185 0.04736842105263158
0 0.5835889570552147 0.4956140350877193 0.004601226993865031 0.07192982456140351
0 0.5337423312883436 0.3570175438596491 0.0036809815950920245 0.05789473684210526
0 0.6400306748466258 0.6771929824561403 0.005828220858895706 0.08070175438596491
0 0.6757668711656442 0.47982456140350876 0.004294478527607362 0.06140350877192982
0 0.6378834355828221 0.3429824561403509 0.003374233128834356 0.054385964912280704
0 0.5697852760736196 0.24298245614035088 0.0027607361963190185 0.04035087719298246
0 0.5352760736196319 0.45087719298245615 0.004294478527607362 0.06666666666666667
0 0.7576687116564417 0.3798245614035088 0.0036809815950920245 0.06140350877192982
0 0.7579754601226993 0.5491228070175439 0.0049079754601227 0.07719298245614035
0 0.6811349693251534 0.7780701754385965 0.006441717791411043 0.1
0 0.6743865030674847 0.24473684210526317 0.0027607361963190185 0.04736842105263158
0 0.5618098159509203 0.18070175438596492 0.003374233128834356 0.042105263157894736
0 0.4728527607361963 0.7447368421052631 0.006441717791411043 0.10350877192982456
0 0.6225460122699387 0.512280701754386 0.004601226993865031 0.07368421052631578
0 0.5093558282208589 0.34385964912280703 0.003374233128834356 0.04912280701754386
0 0.6196319018404908 0.3605263157894737 0.0036809815950920245 0.05789473684210526
0 0.49279141104294477 0.1850877192982456 0.003374233128834356 0.04736842105263158
0 0.4615030674846626 0.4587719298245614 0.003987730061349694 0.06140350877192982