0 0.2861963190184049 0.39035087719298245 0.005521472392638037 0.06140350877192982
0 0.6050613496932515 0.724561403508772 0.005214723926380368 0.0912280701754386
0 0.49754601226993866 0.6114035087719298 0.005521472392638037 0.0824561403508772
0 0.49754601226993866 0.40350877192982454 0.0036809815950920245 0.06315789473684211
0 0.5182515337423312 0.24473684210526317 0.0027607361963190185 0.04736842105263158
0 0.570398773006135 0.5850877192982457 0.003987730061349694 0.07192982456140351
0 0.5753067484662576 0.44035087719298244 0.003987730061349694 0.06315789473684211
0 0.7542944785276073 0.6008771929824561 0.005521472392638037 0.07543859649122807
0 0.7492331288343558 0.7552631578947369 0.006441717791411043 0.09649122807017543
0 0.6320552147239263 0.4201754385964912 0.003987730061349694 0.05087719298245614
0 0.6150306748466258 0.28596491228070176 0.003067484662576687 0.04912280701754386
0 0.6013803680981595 0.4114035087719298 0.003987730061349694 0.06140350877192982
0 0.7739263803680981 0.3815789473684211 0.0036809815950920245 0.06140350877192982
0 0.8273006134969325 0.6157894736842106 0.005521472392638037 0.08421052631578947
0 0.8108895705521473 0.8105263157894737 0.00705521472392638 0.10175438596491228
0 0.7188650306748466 0.4166666666666667 0.003987730061349694 0.06491228070175438
0 0.6506134969325154 0.2868421052631579 0.003067484662576687 0.05087719298245614
0 0.6111963190184049 0.7368421052631579 0.006441717791411043 0.09473684210526316
0 0.6950920245398773 0.6096491228070176 0.005521472392638037 0.0824561403508772
0 0.5726993865030675 0.5342105263157895 0.005521472392638037 0.0824561403508772
0 0.6661042944785276 0.47368421052631576 0.004601226993865031 0.07017543859649122
0 0.568558282208589 0.2596491228070175 0.003987730061349694 0.0456140350877193
0 0.5093558282208589 0.6114035087719298 0.005214723926380368 0.0824561403508772