0 0.26088957055214723 0.3175438596491228 0.004601226993865031 0.07017543859649122
0 0.4642638036809816 0.6798245614035088 0.005828220858895706 0.08947368421052632
0 0.4041411042944785 0.41228070175438597 0.003987730061349694 0.06315789473684211
0 0.4179447852760736 0.22982456140350876 0.0027607361963190185 0.0456140350877193
0 0.4619631901840491 0.19649122807017544 0.00245398773006135 0.042105263157894736
0 0.4584355828220859 0.32280701754385965 0.0027607361963190185 0.05263157894736842
0 0.475920245398773 0.26228070175438595 0.0027607361963190185 0.043859649122807015
0 0.5765337423312883 0.48596491228070177 0.004601226993865031 0.05964912280701754
0 0.557361963190184 0.312280701754386 0.0036809815950920245 0.05964912280701754
0 0.5472392638036809 0.27631578947368424 0.003067484662576687 0.05087719298245614
0 0.4897239263803681 0.16140350877192983 0.002147239263803681 0.03508771929824561
0 0.5271472392638037 0.2543859649122807 0.0027607361963190185 0.04912280701754386
0 0.7299079754601226 0.3201754385964912 0.003374233128834356 0.054385964912280704
0 0.5998466257668712 0.3368421052631579 0.003374233128834356 0.056140350877192984
0 0.6147239263803681 0.4570175438596491 0.004294478527607362 0.06842105263157895
0 0.5874233128834356 0.27631578947368424 0.003067484662576687 0.05087719298245614
0 0.5719325153374233 0.22807017543859648 0.0027607361963190185 0.0456140350877193
0 0.536042944785276 0.47543859649122805 0.004601226993865031 0.07017543859649122
0 0.5538343558282208 0.3298245614035088 0.003374233128834356 0.056140350877192984
0 0.49785276073619633 0.2894736842105263 0.003067484662576687 0.05263157894736842
0 0.5381901840490797 0.26403508771929823 0.003374233128834356 0.05789473684210526
0 0.508282208588957 0.18771929824561404 0.0036809815950920245 0.042105263157894736
0 0.45199386503067485 0.31491228070175437 0.003374233128834356 0.054385964912280704