0 0.30690184049079755 0.31842105263157894 0.003374233128834356 0.05087719298245614
0 0.5673312883435583 0.5614035087719298 0.005214723926380368 0.07719298245614035
0 0.4812883435582822 0.3570175438596491 0.0036809815950920245 0.05789473684210526
0 0.4822085889570552 0.2885964912280702 0.00245398773006135 0.043859649122807015
0 0.5180981595092025 0.19473684210526315 0.00245398773006135 0.042105263157894736
0 0.5492331288343558 0.34210526315789475 0.003374233128834356 0.056140350877192984
0 0.5984662576687116 0.2719298245614035 0.003067484662576687 0.0456140350877193
0 0.48803680981595093 0.46403508771929824 0.004294478527607362 0.054385964912280704
0 0.6983128834355828 0.3429824561403509 0.003374233128834356 0.05087719298245614
0 0.6128834355828221 0.3482456140350877 0.0036809815950920245 0.05789473684210526
0 0.6397239263803681 0.23596491228070177 0.003374233128834356 0.043859649122807015
0 0.5638036809815951 0.4298245614035088 0.004294478527607362 0.07017543859649122
0 0.7237730061349693 0.3157894736842105 0.003987730061349694 0.05263157894736842
0 0.7374233128834355 0.4570175438596491 0.004294478527607362 0.06842105263157895
0 0.652760736196319 0.6157894736842106 0.005521472392638037 0.08421052631578947
0 0.661042944785276 0.22105263157894736 0.003067484662576687 0.042105263157894736
0 0.6302147239263803 0.24561403508771928 0.003374233128834356 0.04912280701754386
0 0.549079754601227 0.6342105263157894 0.005521472392638037 0.08596491228070176
0 0.5955521472392638 0.39035087719298245 0.003987730061349694 0.06140350877192982
0 0.5368098159509203 0.2833333333333333 0.003067484662576687 0.05087719298245614
0 0.6279141104294479 0.28771929824561404 0.003067484662576687 0.0456140350877193
0 0.5256134969325154 0.1868421052631579 0.003374233128834356 0.04035087719298246
0 0.4799079754601227 0.3201754385964912 0.003374233128834356 0.06491228070175438