0 0.3154907975460123 0.3280701754385965 0.003374233128834356 0.056140350877192984
0 0.6644171779141105 0.6149122807017544 0.005521472392638037 0.08947368421052632
0 0.4843558282208589 0.36666666666666664 0.0036809815950920245 0.05964912280701754
0 0.4835889570552147 0.29385964912280704 0.0027607361963190185 0.04736842105263158
0 0.5377300613496933 0.1912280701754386 0.00245398773006135 0.042105263157894736
0 0.5588957055214724 0.3570175438596491 0.0036809815950920245 0.05789473684210526
0 0.59079754601227 0.2649122807017544 0.003067484662576687 0.0456140350877193
0 0.4967791411042945 0.4842105263157895 0.004601226993865031 0.07017543859649122
0 0.6743865030674847 0.3701754385964912 0.003374233128834356 0.056140350877192984
0 0.6633435582822086 0.35526315789473684 0.003374233128834356 0.05789473684210526
0 0.6464723926380368 0.24298245614035088 0.0027607361963190185 0.04736842105263158
0 0.598159509202454 0.41228070175438597 0.004294478527607362 0.06666666666666667
0 0.7205521472392638 0.3043859649122807 0.0036809815950920245 0.043859649122807015
0 0.723159509202454 0.4105263157894737 0.003987730061349694 0.06315789473684211
0 0.6728527607361963 0.5929824561403508 0.005214723926380368 0.08070175438596491
0 0.6745398773006135 0.2543859649122807 0.0036809815950920245 0.04912280701754386
0 0.6766871165644172 0.27631578947368424 0.003067484662576687 0.04035087719298246
0 0.6576687116564417 0.6447368421052632 0.005521472392638037 0.09298245614035087
0 0.6236196319018404 0.3798245614035088 0.0036809815950920245 0.06140350877192982
0 0.5705521472392638 0.3017543859649123 0.003067484662576687 0.0456140350877193
0 0.6019938650306749 0.2535087719298246 0.003374233128834356 0.04736842105263158
0 0.5616564417177914 0.1631578947368421 0.00245398773006135 0.0456140350877193
0 0.4766871165644172 0.3236842105263158 0.003067484662576687 0.05789473684210526