0 0.2621165644171779 0.3684210526315789 0.003374233128834356 0.04912280701754386
0 0.4363496932515337 0.7280701754385965 0.003987730061349694 0.08070175438596491
0 0.4326687116564417 0.49298245614035086 0.003374233128834356 0.05964912280701754
0 0.4447852760736196 0.36666666666666664 0.0036809815950920245 0.05964912280701754
0 0.4611963190184049 0.2578947368421053 0.0027607361963190185 0.03859649122807018
0 0.5265337423312884 0.48596491228070177 0.004601226993865031 0.05263157894736842
0 0.48665644171779143 0.3684210526315789 0.003374233128834356 0.056140350877192984
0 0.567638036809816 0.7052631578947368 0.005828220858895706 0.08421052631578947
0 0.6265337423312883 0.5131578947368421 0.004601226993865031 0.07192982456140351
0 0.5446319018404908 0.34649122807017546 0.003374233128834356 0.05789473684210526
0 0.5366564417177914 0.25526315789473686 0.0027607361963190185 0.03684210526315789
0 0.48466257668711654 0.47368421052631576 0.0036809815950920245 0.06666666666666667
0 0.7441717791411043 0.3587719298245614 0.0036809815950920245 0.05789473684210526
0 0.6742331288343558 0.5526315789473685 0.0049079754601227 0.07719298245614035
0 0.561042944785276 0.7491228070175439 0.007975460122699387 0.08421052631578947
0 0.6073619631901841 0.2929824561403509 0.003067484662576687 0.05263157894736842
0 0.5127300613496932 0.1780701754385965 0.0027607361963190185 0.04035087719298246
0 0.43987730061349695 0.7675438596491229 0.005521472392638037 0.0824561403508772
0 0.563036809815951 0.4903508771929825 0.004601226993865031 0.06140350877192982
0 0.4901840490797546 0.2982456140350877 0.003067484662576687 0.04912280701754386
0 0.47607361963190187 0.3824561403508772 0.0036809815950920245 0.05964912280701754
0 0.4605828220858896 0.19210526315789472 0.0027607361963190185 0.03684210526315789
0 0.4354294478527607 0.45789473684210524 0.004601226993865031 0.05964912280701754