0 0.3081288343558282 0.3280701754385965 0.003374233128834356 0.056140350877192984
0 0.6023006134969325 0.5763157894736842 0.004601226993865031 0.07543859649122807
0 0.48190184049079754 0.36666666666666664 0.0036809815950920245 0.05964912280701754
0 0.4831288343558282 0.3 0.003067484662576687 0.05263157894736842
0 0.5246932515337424 0.1912280701754386 0.0027607361963190185 0.03859649122807018
0 0.5515337423312884 0.35175438596491226 0.0036809815950920245 0.05789473684210526
0 0.5901840490797546 0.2719298245614035 0.003067484662576687 0.0456140350877193
0 0.4855828220858896 0.4649122807017544 0.004294478527607362 0.06666666666666667
0 0.6782208588957055 0.3763157894736842 0.0036809815950920245 0.05087719298245614
0 0.6331288343558282 0.35789473684210527 0.0036809815950920245 0.04912280701754386
0 0.6440184049079755 0.2412280701754386 0.0027607361963190185 0.043859649122807015
0 0.5726993865030675 0.43157894736842106 0.004294478527607362 0.06666666666666667
0 0.7226993865030675 0.3140350877192982 0.0036809815950920245 0.04912280701754386
0 0.7358895705521472 0.4421052631578947 0.004294478527607362 0.06666666666666667
0 0.6533742331288344 0.6131578947368421 0.005521472392638037 0.0824561403508772
0 0.6677914110429448 0.23421052631578948 0.003067484662576687 0.043859649122807015
0 0.6480061349693251 0.2596491228070175 0.003374233128834356 0.0456140350877193
0 0.5881901840490797 0.6421052631578947 0.005828220858895706 0.08421052631578947
0 0.6038343558282209 0.39035087719298245 0.003987730061349694 0.06140350877192982
0 0.5466257668711656 0.2982456140350877 0.003067484662576687 0.04912280701754386
0 0.6113496932515338 0.27631578947368424 0.003067484662576687 0.043859649122807015
0 0.5423312883435583 0.17543859649122806 0.0036809815950920245 0.042105263157894736
0 0.4785276073619632 0.3263157894736842 0.003067484662576687 0.05964912280701754