0 0.2753067484662577 0.34210526315789475 0.003374233128834356 0.03859649122807018
0 0.42714723926380366 0.5307017543859649 0.004601226993865031 0.07543859649122807
0 0.4621165644171779 0.4192982456140351 0.003374233128834356 0.056140350877192984
0 0.43282208588957055 0.33596491228070174 0.0036809815950920245 0.05789473684210526
0 0.44355828220858895 0.2833333333333333 0.003067484662576687 0.05087719298245614
0 0.46656441717791414 0.4359649122807018 0.003067484662576687 0.05087719298245614
0 0.5418711656441718 0.35175438596491226 0.003374233128834356 0.05789473684210526
0 0.5484662576687117 0.44298245614035087 0.004294478527607362 0.06140350877192982
0 0.6004601226993865 0.30701754385964913 0.003374233128834356 0.04912280701754386
0 0.519478527607362 0.37280701754385964 0.004601226993865031 0.06140350877192982
0 0.5901840490797546 0.22631578947368422 0.0049079754601227 0.06666666666666667
0 0.5260736196319018 0.4473684210526316 0.0049079754601227 0.06315789473684211
0 0.7306748466257669 0.33245614035087717 0.003067484662576687 0.05087719298245614
0 0.6142638036809815 0.4236842105263158 0.003987730061349694 0.06491228070175438
0 0.561963190184049 0.5456140350877193 0.0049079754601227 0.07368421052631578
0 0.5960122699386503 0.28157894736842104 0.004294478527607362 0.05087719298245614
0 0.5728527607361963 0.24035087719298245 0.0027607361963190185 0.0456140350877193
0 0.4642638036809816 0.5842105263157895 0.005214723926380368 0.07368421052631578
0 0.4920245398773006 0.45087719298245615 0.005521472392638037 0.05964912280701754
0 0.47392638036809814 0.3280701754385965 0.0036809815950920245 0.04912280701754386
0 0.5541411042944785 0.34649122807017546 0.003374233128834356 0.04736842105263158
0 0.4507668711656442 0.23508771929824562 0.003987730061349694 0.05964912280701754
0 0.4699386503067485 0.4298245614035088 0.0036809815950920245 0.05964912280701754