0 0.22162576687116564 0.38596491228070173 0.005214723926380368 0.07368421052631578
0 0.27208588957055213 0.5271929824561403 0.0049079754601227 0.06491228070175438
0 0.35506134969325154 0.4982456140350877 0.005214723926380368 0.07017543859649122
0 0.29708588957055215 0.44473684210526315 0.003987730061349694 0.06491228070175438
0 0.3483128834355828 0.32894736842105265 0.003374233128834356 0.04736842105263158
0 0.4096625766871166 0.40350877192982454 0.003987730061349694 0.06315789473684211
0 0.42576687116564416 0.5675438596491228 0.0049079754601227 0.07894736842105263
0 0.4223926380368098 0.6210526315789474 0.005521472392638037 0.08421052631578947
0 0.5205521472392638 0.5263157894736842 0.0049079754601227 0.06666666666666667
0 0.49125766871165644 0.39035087719298245 0.003987730061349694 0.06140350877192982
0 0.4452453987730061 0.24385964912280703 0.0027607361963190185 0.03859649122807018
0 0.3964723926380368 0.45 0.003374233128834356 0.06140350877192982
0 0.6891104294478527 0.3429824561403509 0.003374233128834356 0.05789473684210526
0 0.5633435582822086 0.5789473684210527 0.005214723926380368 0.08070175438596491
0 0.4414110429447853 0.7236842105263158 0.0049079754601227 0.10350877192982456
0 0.5605828220858896 0.3447368421052632 0.003374233128834356 0.05789473684210526
0 0.49923312883435583 0.2412280701754386 0.0027607361963190185 0.04736842105263158
0 0.35 0.6982456140350877 0.006134969325153374 0.08421052631578947
0 0.4673312883435583 0.5587719298245614 0.005214723926380368 0.07894736842105263
0 0.3593558282208589 0.5421052631578948 0.004601226993865031 0.07017543859649122
0 0.43512269938650305 0.4149122807017544 0.003987730061349694 0.06491228070175438
0 0.38220858895705523 0.2771929824561403 0.0036809815950920245 0.04912280701754386
0 0.26012269938650306 0.5201754385964912 0.005521472392638037 0.07192982456140351