0 0.3076687116564417 0.32719298245614037 0.003067484662576687 0.054385964912280704
0 0.6521472392638037 0.6473684210526316 0.005521472392638037 0.07017543859649122
0 0.47024539877300614 0.393859649122807 0.0036809815950920245 0.06140350877192982
0 0.47745398773006137 0.23771929824561402 0.0027607361963190185 0.04736842105263158
0 0.530521472392638 0.18333333333333332 0.002147239263803681 0.04035087719298246
0 0.5104294478527608 0.39035087719298245 0.003067484662576687 0.05789473684210526
0 0.5688650306748466 0.24561403508771928 0.0027607361963190185 0.042105263157894736
0 0.554601226993865 0.4649122807017544 0.004294478527607362 0.05263157894736842
0 0.6280674846625767 0.34385964912280703 0.003987730061349694 0.05263157894736842
0 0.5233128834355828 0.3570175438596491 0.0036809815950920245 0.05789473684210526
0 0.598159509202454 0.19824561403508772 0.00245398773006135 0.03859649122807018
0 0.5426380368098159 0.25526315789473686 0.003067484662576687 0.04736842105263158
0 0.7664110429447852 0.3456140350877193 0.003374233128834356 0.04912280701754386
0 0.645398773006135 0.38333333333333336 0.0036809815950920245 0.06140350877192982
0 0.5782208588957055 0.45263157894736844 0.004294478527607362 0.056140350877192984
0 0.6230061349693251 0.30526315789473685 0.004294478527607362 0.05263157894736842
0 0.6084355828220859 0.23771929824561402 0.003987730061349694 0.03684210526315789
0 0.6273006134969326 0.5543859649122806 0.0049079754601227 0.07017543859649122
0 0.5331288343558283 0.36403508771929827 0.0036809815950920245 0.05087719298245614
0 0.5464723926380368 0.2710526315789474 0.003374233128834356 0.04736842105263158
0 0.5837423312883435 0.3192982456140351 0.003067484662576687 0.04912280701754386
0 0.5495398773006135 0.18596491228070175 0.0027607361963190185 0.03859649122807018
0 0.49493865030674844 0.29385964912280704 0.003374233128834356 0.043859649122807015