0 0.26196319018404907 0.3385964912280702 0.0036809815950920245 0.06666666666666667
0 0.4030674846625767 0.5271929824561403 0.0049079754601227 0.06842105263157895
0 0.425 0.36666666666666664 0.003374233128834356 0.056140350877192984
0 0.426840490797546 0.3131578947368421 0.003374233128834356 0.054385964912280704
0 0.427760736196319 0.22456140350877193 0.0027607361963190185 0.0456140350877193
0 0.45015337423312884 0.3956140350877193 0.003987730061349694 0.06140350877192982
0 0.46319018404907975 0.3017543859649123 0.003067484662576687 0.042105263157894736
0 0.4651840490797546 0.55 0.004601226993865031 0.07192982456140351
0 0.5067484662576687 0.387719298245614 0.0036809815950920245 0.05964912280701754
0 0.5142638036809816 0.3078947368421053 0.003374233128834356 0.054385964912280704
0 0.4878834355828221 0.2219298245614035 0.0027607361963190185 0.043859649122807015
0 0.4733128834355828 0.4359649122807018 0.0036809815950920245 0.06842105263157895
0 0.7065950920245399 0.3219298245614035 0.003374233128834356 0.054385964912280704
0 0.595398773006135 0.46228070175438596 0.004294478527607362 0.06842105263157895
0 0.47883435582822087 0.7096491228070175 0.006134969325153374 0.09298245614035087
0 0.5707055214723926 0.25877192982456143 0.0027607361963190185 0.04736842105263158
0 0.5145705521472392 0.1780701754385965 0.002147239263803681 0.02631578947368421
0 0.37745398773006134 0.6877192982456141 0.005828220858895706 0.0912280701754386
0 0.4354294478527607 0.45263157894736844 0.003374233128834356 0.06666666666666667
0 0.5081288343558282 0.2412280701754386 0.0027607361963190185 0.03684210526315789
0 0.5253067484662577 0.38859649122807016 0.003987730061349694 0.06140350877192982
0 0.44171779141104295 0.16578947368421051 0.00245398773006135 0.043859649122807015
0 0.45291411042944785 0.33157894736842103 0.003374233128834356 0.05964912280701754