0 0.20598159509202454 0.3763157894736842 0.003374233128834356 0.05789473684210526
0 0.20644171779141104 0.5201754385964912 0.0049079754601227 0.06140350877192982
0 0.3384969325153374 0.4956140350877193 0.005214723926380368 0.06842105263157895
0 0.251840490797546 0.4473684210526316 0.004294478527607362 0.05964912280701754
0 0.327760736196319 0.32456140350877194 0.003374233128834356 0.05263157894736842
0 0.39846625766871163 0.39210526315789473 0.004294478527607362 0.06491228070175438
0 0.4199386503067485 0.5640350877192982 0.0049079754601227 0.06842105263157895
0 0.4312883435582822 0.6140350877192983 0.005521472392638037 0.07719298245614035
0 0.5122699386503068 0.5236842105263158 0.0049079754601227 0.07543859649122807
0 0.49033742331288344 0.39035087719298245 0.003374233128834356 0.06140350877192982
0 0.4544478527607362 0.24473684210526317 0.0027607361963190185 0.04736842105263158
0 0.3964723926380368 0.4456140350877193 0.004601226993865031 0.07719298245614035
0 0.6820552147239264 0.3350877192982456 0.003374233128834356 0.05263157894736842
0 0.5588957055214724 0.5526315789473685 0.0049079754601227 0.07719298245614035
0 0.45521472392638035 0.7026315789473684 0.006134969325153374 0.08947368421052632
0 0.5530674846625767 0.35 0.0036809815950920245 0.05789473684210526
0 0.4976993865030675 0.24736842105263157 0.0027607361963190185 0.0456140350877193
0 0.31349693251533745 0.6894736842105263 0.006134969325153374 0.0912280701754386
0 0.4682515337423313 0.5394736842105263 0.004601226993865031 0.08947368421052632
0 0.34754601226993864 0.5333333333333333 0.004294478527607362 0.07017543859649122
0 0.4317484662576687 0.4052631578947368 0.003987730061349694 0.06315789473684211
0 0.3512269938650307 0.29210526315789476 0.004294478527607362 0.054385964912280704
0 0.1960122699386503 0.5298245614035088 0.004294478527607362 0.06666666666666667