0 0.24401840490797547 0.36403508771929827 0.003374233128834356 0.04736842105263158
0 0.41932515337423315 0.718421052631579 0.006134969325153374 0.09298245614035087
0 0.39677914110429446 0.5771929824561404 0.004601226993865031 0.07368421052631578
0 0.4139570552147239 0.393859649122807 0.003987730061349694 0.06140350877192982
0 0.4236196319018405 0.29473684210526313 0.003067484662576687 0.05263157894736842
0 0.4423312883435583 0.6298245614035087 0.005521472392638037 0.08421052631578947
0 0.45613496932515335 0.43508771929824563 0.004294478527607362 0.056140350877192984
0 0.4938650306748466 0.6456140350877193 0.004294478527607362 0.07368421052631578
0 0.5808282208588957 0.3736842105263158 0.0027607361963190185 0.0456140350877193
0 0.5035276073619632 0.4087719298245614 0.003987730061349694 0.05964912280701754
0 0.5467791411042945 0.23157894736842105 0.0027607361963190185 0.042105263157894736
0 0.47254601226993864 0.46578947368421053 0.005214723926380368 0.06842105263157895
0 0.7205521472392638 0.34385964912280703 0.003067484662576687 0.05263157894736842
0 0.5996932515337423 0.5228070175438596 0.0049079754601227 0.07368421052631578
0 0.5110429447852761 0.7385964912280701 0.006134969325153374 0.09473684210526316
0 0.5797546012269938 0.3307017543859649 0.0049079754601227 0.06140350877192982
0 0.5602760736196319 0.256140350877193 0.0027607361963190185 0.0456140350877193
0 0.42300613496932515 0.7166666666666667 0.006134969325153374 0.08596491228070176
0 0.49171779141104294 0.631578947368421 0.0049079754601227 0.08421052631578947
0 0.44785276073619634 0.3894736842105263 0.003067484662576687 0.042105263157894736
0 0.5242331288343558 0.4114035087719298 0.004294478527607362 0.054385964912280704
0 0.44125766871165645 0.20526315789473684 0.003987730061349694 0.04912280701754386
0 0.4032208588957055 0.5719298245614035 0.004601226993865031 0.06666666666666667