0 0.3464723926380368 0.3385964912280702 0.003374233128834356 0.056140350877192984
0 0.8639570552147239 0.712280701754386 0.00705521472392638 0.10877192982456141
0 0.5013803680981596 0.39035087719298245 0.003987730061349694 0.06140350877192982
0 0.49141104294478527 0.3078947368421053 0.003067484662576687 0.05087719298245614
0 0.5677914110429448 0.20789473684210527 0.0036809815950920245 0.05087719298245614
0 0.5659509202453987 0.35350877192982455 0.0036809815950920245 0.05789473684210526
0 0.6355828220858896 0.2824561403508772 0.003067484662576687 0.0456140350877193
0 0.5918711656441717 0.4956140350877193 0.004601226993865031 0.06842105263157895
0 0.755521472392638 0.40789473684210525 0.0049079754601227 0.07192982456140351
0 0.7452453987730061 0.37105263157894736 0.005828220858895706 0.06842105263157895
0 0.689877300613497 0.2789473684210526 0.004294478527607362 0.056140350877192984
0 0.6558282208588957 0.36403508771929827 0.0036809815950920245 0.06140350877192982
0 0.7090490797546012 0.2771929824561403 0.004601226993865031 0.056140350877192984
0 0.7326687116564418 0.3763157894736842 0.005214723926380368 0.07192982456140351
0 0.7190184049079754 0.5394736842105263 0.0049079754601227 0.054385964912280704
0 0.6961656441717792 0.25877192982456143 0.003374233128834356 0.05087719298245614
0 0.7226993865030675 0.30087719298245613 0.004294478527607362 0.05789473684210526
0 0.8190184049079755 0.6368421052631579 0.005521472392638037 0.05964912280701754
0 0.6883435582822086 0.36929824561403507 0.0036809815950920245 0.054385964912280704
0 0.6062883435582822 0.31140350877192985 0.003374233128834356 0.05087719298245614
0 0.6535276073619631 0.2657894736842105 0.003987730061349694 0.05789473684210526
0 0.5986196319018405 0.1675438596491228 0.003374233128834356 0.043859649122807015
0 0.49325153374233127 0.3412280701754386 0.0036809815950920245 0.054385964912280704