0 0.27208588957055213 0.3473684210526316 0.0036809815950920245 0.06666666666666667
0 0.42714723926380366 0.6710526315789473 0.005828220858895706 0.08596491228070176
0 0.40153374233128836 0.4535087719298246 0.004294478527607362 0.06140350877192982
0 0.4256134969325153 0.2394736842105263 0.0027607361963190185 0.04736842105263158
0 0.5196319018404908 0.17192982456140352 0.0018404907975460123 0.042105263157894736
0 0.4570552147239264 0.2885964912280702 0.003067484662576687 0.05087719298245614
0 0.46748466257668714 0.4535087719298246 0.004294478527607362 0.06140350877192982
0 0.5941717791411043 0.5596491228070175 0.005521472392638037 0.0912280701754386
0 0.5834355828220859 0.4114035087719298 0.0036809815950920245 0.054385964912280704
0 0.5547546012269938 0.34385964912280703 0.003374233128834356 0.04912280701754386
0 0.46932515337423314 0.37543859649122807 0.0036809815950920245 0.05964912280701754
0 0.5266871165644171 0.2771929824561403 0.0036809815950920245 0.05964912280701754
0 0.7274539877300613 0.3385964912280702 0.003374233128834356 0.056140350877192984
0 0.6075153374233129 0.41228070175438597 0.003987730061349694 0.06315789473684211
0 0.6088957055214724 0.5517543859649123 0.004294478527607362 0.06140350877192982
0 0.5937116564417177 0.3368421052631579 0.003374233128834356 0.056140350877192984
0 0.5679447852760736 0.23771929824561402 0.0027607361963190185 0.043859649122807015
0 0.526840490797546 0.5728070175438597 0.005214723926380368 0.07894736842105263
0 0.5452453987730062 0.41228070175438597 0.003987730061349694 0.06315789473684211
0 0.4915644171779141 0.36929824561403507 0.003374233128834356 0.054385964912280704
0 0.5489263803680982 0.3385964912280702 0.005214723926380368 0.056140350877192984
0 0.5019938650306749 0.29210526315789476 0.003374233128834356 0.05087719298245614
0 0.4607361963190184 0.4543859649122807 0.0036809815950920245 0.05964912280701754