0 0.2894171779141104 0.34912280701754383 0.003987730061349694 0.05263157894736842
0 0.49570552147239266 0.5622807017543859 0.0049079754601227 0.07894736842105263
0 0.4817484662576687 0.39649122807017545 0.003374233128834356 0.056140350877192984
0 0.4843558282208589 0.3131578947368421 0.003067484662576687 0.054385964912280704
0 0.49171779141104294 0.20614035087719298 0.0036809815950920245 0.05087719298245614
0 0.5467791411042945 0.3736842105263158 0.004601226993865031 0.06666666666666667
0 0.535122699386503 0.27017543859649124 0.0027607361963190185 0.042105263157894736
0 0.593558282208589 0.4885964912280702 0.004294478527607362 0.07192982456140351
0 0.6397239263803681 0.36140350877192984 0.003374233128834356 0.05263157894736842
0 0.6524539877300614 0.2710526315789474 0.003067484662576687 0.043859649122807015
0 0.5809815950920245 0.20964912280701756 0.00245398773006135 0.03684210526315789
0 0.5375766871165644 0.38596491228070173 0.003374233128834356 0.05263157894736842
0 0.7424846625766871 0.33157894736842103 0.003374233128834356 0.056140350877192984
0 0.7648773006134969 0.49736842105263157 0.004601226993865031 0.07192982456140351
0 0.6699386503067485 0.6929824561403509 0.006134969325153374 0.0912280701754386
0 0.6776073619631902 0.22719298245614036 0.003067484662576687 0.03684210526315789
0 0.5719325153374233 0.17543859649122806 0.0027607361963190185 0.042105263157894736
0 0.5061349693251533 0.6210526315789474 0.005521472392638037 0.08421052631578947
0 0.5909509202453987 0.4 0.003987730061349694 0.06315789473684211
0 0.5065950920245399 0.3350877192982456 0.003374233128834356 0.056140350877192984
0 0.6101226993865031 0.2824561403508772 0.0036809815950920245 0.0456140350877193
0 0.49447852760736194 0.17280701754385966 0.003067484662576687 0.043859649122807015
0 0.48282208588957054 0.37894736842105264 0.0036809815950920245 0.05964912280701754