0 0.2733128834355828 0.39035087719298245 0.005521472392638037 0.06140350877192982
0 0.6125766871165644 0.706140350877193 0.006134969325153374 0.08947368421052632
0 0.47653374233128837 0.5807017543859649 0.005214723926380368 0.08070175438596491
0 0.4920245398773006 0.3719298245614035 0.0036809815950920245 0.05964912280701754
0 0.5095092024539877 0.22017543859649122 0.00245398773006135 0.03684210526315789
0 0.5615030674846626 0.5710526315789474 0.003987730061349694 0.07894736842105263
0 0.5691717791411043 0.4131578947368421 0.003987730061349694 0.05789473684210526
0 0.7273006134969325 0.5692982456140351 0.0049079754601227 0.07543859649122807
0 0.7852760736196319 0.7745614035087719 0.006748466257668712 0.0824561403508772
0 0.6187116564417178 0.3850877192982456 0.0036809815950920245 0.06140350877192982
0 0.6150306748466258 0.2719298245614035 0.003067484662576687 0.0456140350877193
0 0.6003067484662576 0.3798245614035088 0.0036809815950920245 0.05087719298245614
0 0.7745398773006135 0.3701754385964912 0.0036809815950920245 0.056140350877192984
0 0.775 0.5710526315789474 0.005214723926380368 0.07894736842105263
0 0.8159509202453987 0.8131578947368421 0.006134969325153374 0.07894736842105263
0 0.7102760736196319 0.4166666666666667 0.003987730061349694 0.06491228070175438
0 0.6484662576687117 0.29473684210526313 0.003067484662576687 0.05263157894736842
0 0.6239263803680981 0.7298245614035088 0.006134969325153374 0.09473684210526316
0 0.680521472392638 0.6008771929824561 0.005214723926380368 0.0824561403508772
0 0.5613496932515337 0.5307017543859649 0.0049079754601227 0.07192982456140351
0 0.6561349693251534 0.46228070175438596 0.004294478527607362 0.06842105263157895
0 0.5771472392638037 0.26842105263157895 0.003374233128834356 0.042105263157894736
0 0.5035276073619632 0.5859649122807018 0.005214723926380368 0.08070175438596491