0 0.2621165644171779 0.3412280701754386 0.003374233128834356 0.06140350877192982
0 0.42914110429447855 0.4605263157894737 0.004294478527607362 0.05789473684210526
0 0.4464723926380368 0.37280701754385964 0.003374233128834356 0.06140350877192982
0 0.45659509202453985 0.3078947368421053 0.003374233128834356 0.054385964912280704
0 0.4550613496932515 0.2219298245614035 0.0027607361963190185 0.043859649122807015
0 0.48573619631901843 0.4017543859649123 0.003987730061349694 0.07017543859649122
0 0.5 0.2868421052631579 0.0036809815950920245 0.054385964912280704
0 0.4986196319018405 0.5087719298245614 0.005214723926380368 0.06315789473684211
0 0.5872699386503067 0.34210526315789475 0.003374233128834356 0.0456140350877193
0 0.5746932515337423 0.27456140350877195 0.003374233128834356 0.05087719298245614
0 0.5138036809815951 0.21578947368421053 0.00245398773006135 0.03859649122807018
0 0.4826687116564417 0.4280701754385965 0.003374233128834356 0.08070175438596491
0 0.7127300613496933 0.31666666666666665 0.003374233128834356 0.04736842105263158
0 0.5986196319018405 0.3526315789473684 0.003374233128834356 0.056140350877192984
0 0.5576687116564417 0.6815789473684211 0.006134969325153374 0.08947368421052632
0 0.6047546012269939 0.25 0.0027607361963190185 0.04736842105263158
0 0.5173312883435582 0.1675438596491228 0.0027607361963190185 0.03684210526315789
0 0.4174846625766871 0.5263157894736842 0.0049079754601227 0.07017543859649122
0 0.49754601226993866 0.4807017543859649 0.0036809815950920245 0.07017543859649122
0 0.4976993865030675 0.27017543859649124 0.003374233128834356 0.04912280701754386
0 0.4737730061349693 0.34385964912280703 0.003987730061349694 0.056140350877192984
0 0.4553680981595092 0.18859649122807018 0.0027607361963190185 0.043859649122807015
0 0.4322085889570552 0.3368421052631579 0.0036809815950920245 0.05263157894736842