0 0.24846625766871167 0.356140350877193 0.00245398773006135 0.06315789473684211
0 0.38266871165644173 0.5464912280701755 0.003987730061349694 0.06842105263157895
0 0.39079754601226996 0.46228070175438596 0.004294478527607362 0.07543859649122807
0 0.39524539877300613 0.3763157894736842 0.0027607361963190185 0.04736842105263158
0 0.4110429447852761 0.29736842105263156 0.003067484662576687 0.06140350877192982
0 0.4530674846625767 0.3649122807017544 0.0036809815950920245 0.0456140350877193
0 0.43006134969325155 0.49473684210526314 0.0036809815950920245 0.06666666666666667
0 0.42346625766871165 0.6052631578947368 0.005214723926380368 0.08070175438596491
0 0.4946319018404908 0.49736842105263157 0.004601226993865031 0.07192982456140351
0 0.5202453987730061 0.37543859649122807 0.0036809815950920245 0.05964912280701754
0 0.44677914110429445 0.24736842105263157 0.0027607361963190185 0.0456140350877193
0 0.4107361963190184 0.5622807017543859 0.004294478527607362 0.08596491228070176
0 0.7174846625766871 0.35175438596491226 0.0036809815950920245 0.05789473684210526
0 0.5251533742331288 0.5456140350877193 0.0049079754601227 0.07719298245614035
0 0.421319018404908 0.7631578947368421 0.006441717791411043 0.09824561403508772
0 0.6010736196319019 0.31140350877192985 0.003374233128834356 0.054385964912280704
0 0.4687116564417178 0.1824561403508772 0.00245398773006135 0.03508771929824561
0 0.3602760736196319 0.7280701754385965 0.006441717791411043 0.09473684210526316
0 0.4349693251533742 0.512280701754386 0.004294478527607362 0.07017543859649122
0 0.40199386503067486 0.5008771929824561 0.004601226993865031 0.07192982456140351
0 0.47116564417177914 0.3736842105263158 0.0036809815950920245 0.05964912280701754
0 0.4226993865030675 0.2710526315789474 0.003067484662576687 0.05087719298245614
0 0.3960122699386503 0.41403508771929826 0.004294478527607362 0.07368421052631578