0 0.2949386503067485 0.38333333333333336 0.003374233128834356 0.054385964912280704
0 0.5966257668711656 0.7254385964912281 0.005521472392638037 0.09298245614035087
0 0.501840490797546 0.6219298245614036 0.005521472392638037 0.07894736842105263
0 0.49616564417177916 0.4219298245614035 0.003987730061349694 0.06491228070175438
0 0.5176380368098159 0.2578947368421053 0.0027607361963190185 0.04912280701754386
0 0.5783742331288344 0.5859649122807018 0.004601226993865031 0.08421052631578947
0 0.5776073619631902 0.45789473684210524 0.004294478527607362 0.06666666666666667
0 0.7702453987730061 0.6157894736842106 0.005521472392638037 0.08070175438596491
0 0.7269938650306749 0.7192982456140351 0.006134969325153374 0.0912280701754386
0 0.6512269938650307 0.4789473684210526 0.004294478527607362 0.06315789473684211
0 0.6134969325153374 0.29385964912280704 0.003067484662576687 0.05087719298245614
0 0.5946319018404908 0.42543859649122806 0.003987730061349694 0.06491228070175438
0 0.7717791411042945 0.3815789473684211 0.0036809815950920245 0.06140350877192982
0 0.8476993865030675 0.6324561403508772 0.006441717791411043 0.08596491228070176
0 0.7953987730061349 0.7833333333333333 0.006748466257668712 0.09649122807017543
0 0.7188650306748466 0.4166666666666667 0.003987730061349694 0.06491228070175438
0 0.6503067484662577 0.27982456140350875 0.003067484662576687 0.05087719298245614
0 0.6038343558282209 0.7447368421052631 0.006441717791411043 0.09649122807017543
0 0.701840490797546 0.6228070175438597 0.005521472392638037 0.08421052631578947
0 0.571319018404908 0.5333333333333333 0.005828220858895706 0.08070175438596491
0 0.6691717791411043 0.47719298245614034 0.004601226993865031 0.07017543859649122
0 0.5572085889570552 0.25263157894736843 0.004601226993865031 0.0456140350877193
0 0.5079754601226993 0.6157894736842106 0.005521472392638037 0.08421052631578947