0 0.27039877300613496 0.34035087719298246 0.004601226993865031 0.07017543859649122
0 0.425920245398773 0.525438596491228 0.004601226993865031 0.07192982456140351
0 0.4400306748466258 0.4052631578947368 0.003987730061349694 0.06315789473684211
0 0.45337423312883435 0.2929824561403509 0.003067484662576687 0.05263157894736842
0 0.4406441717791411 0.22456140350877193 0.0027607361963190185 0.0456140350877193
0 0.48282208588957054 0.3736842105263158 0.0036809815950920245 0.05964912280701754
0 0.5124233128834356 0.2754385964912281 0.003987730061349694 0.042105263157894736
0 0.48911042944785277 0.4921052631578947 0.004601226993865031 0.06842105263157895
0 0.5598159509202454 0.4473684210526316 0.004294478527607362 0.06666666666666667
0 0.5346625766871166 0.35350877192982455 0.0036809815950920245 0.05789473684210526
0 0.5061349693251533 0.22280701754385965 0.00245398773006135 0.0456140350877193
0 0.47530674846625764 0.4166666666666667 0.003987730061349694 0.06491228070175438
0 0.7084355828220859 0.31666666666666665 0.003374233128834356 0.054385964912280704
0 0.6164110429447853 0.41228070175438597 0.003987730061349694 0.06315789473684211
0 0.4486196319018405 0.6763157894736842 0.005828220858895706 0.08947368421052632
0 0.5785276073619632 0.29385964912280704 0.003067484662576687 0.05087719298245614
0 0.525 0.17456140350877192 0.002147239263803681 0.02631578947368421
0 0.4147239263803681 0.543859649122807 0.0049079754601227 0.07719298245614035
0 0.5110429447852761 0.36140350877192984 0.0036809815950920245 0.05964912280701754
0 0.5207055214723927 0.2614035087719298 0.0027607361963190185 0.0456140350877193
0 0.5078220858895706 0.2982456140350877 0.003374233128834356 0.056140350877192984
0 0.45567484662576685 0.1675438596491228 0.003374233128834356 0.04736842105263158
0 0.4242331288343558 0.537719298245614 0.0049079754601227 0.07543859649122807