0 0.2789877300613497 0.3543859649122807 0.0027607361963190185 0.042105263157894736
0 0.4662576687116564 0.5491228070175439 0.0049079754601227 0.07368421052631578
0 0.47914110429447854 0.4131578947368421 0.003067484662576687 0.054385964912280704
0 0.48665644171779143 0.3368421052631579 0.003374233128834356 0.056140350877192984
0 0.49355828220858894 0.23771929824561402 0.0036809815950920245 0.04035087719298246
0 0.6349693251533742 0.4368421052631579 0.004294478527607362 0.06666666666666667
0 0.5449386503067485 0.35 0.003374233128834356 0.054385964912280704
0 0.5872699386503067 0.5789473684210527 0.005214723926380368 0.07719298245614035
0 0.6983128834355828 0.47719298245614034 0.004601226993865031 0.06315789473684211
0 0.6168711656441718 0.27631578947368424 0.003067484662576687 0.05087719298245614
0 0.5486196319018405 0.2394736842105263 0.0027607361963190185 0.04035087719298246
0 0.5294478527607362 0.42543859649122806 0.0049079754601227 0.06140350877192982
0 0.7533742331288343 0.3543859649122807 0.0036809815950920245 0.056140350877192984
0 0.7233128834355829 0.5280701754385965 0.005521472392638037 0.08070175438596491
0 0.6038343558282209 0.7552631578947369 0.006441717791411043 0.09649122807017543
0 0.6340490797546012 0.20964912280701756 0.00245398773006135 0.043859649122807015
0 0.5340490797546013 0.17280701754385966 0.00245398773006135 0.02982456140350877
0 0.4717791411042945 0.6833333333333333 0.006134969325153374 0.08947368421052632
0 0.6404907975460122 0.4473684210526316 0.004294478527607362 0.06666666666666667
0 0.5242331288343558 0.2964912280701754 0.003067484662576687 0.04912280701754386
0 0.653680981595092 0.37280701754385964 0.0036809815950920245 0.054385964912280704
0 0.49831288343558283 0.20175438596491227 0.003374233128834356 0.042105263157894736
0 0.47883435582822087 0.37894736842105264 0.0036809815950920245 0.056140350877192984