0 0.26487730061349696 0.3017543859649123 0.003987730061349694 0.06315789473684211
0 0.4634969325153374 0.6394736842105263 0.005521472392638037 0.0824561403508772
0 0.40567484662576686 0.39473684210526316 0.003987730061349694 0.05263157894736842
0 0.4096625766871166 0.22280701754385965 0.0027607361963190185 0.0456140350877193
0 0.4544478527607362 0.18157894736842106 0.002147239263803681 0.02982456140350877
0 0.4602760736196319 0.3140350877192982 0.003374233128834356 0.056140350877192984
0 0.4771472392638037 0.24649122807017543 0.0027607361963190185 0.043859649122807015
0 0.5920245398773006 0.4675438596491228 0.004294478527607362 0.06842105263157895
0 0.571319018404908 0.3087719298245614 0.003987730061349694 0.05263157894736842
0 0.5595092024539877 0.27807017543859647 0.003067484662576687 0.05087719298245614
0 0.48865030674846627 0.16140350877192983 0.00245398773006135 0.03859649122807018
0 0.5325153374233129 0.24912280701754386 0.0036809815950920245 0.0456140350877193
0 0.7329754601226994 0.3201754385964912 0.003374233128834356 0.054385964912280704
0 0.5934049079754601 0.3201754385964912 0.003374233128834356 0.054385964912280704
0 0.6150306748466258 0.4324561403508772 0.004294478527607362 0.06491228070175438
0 0.5855828220858895 0.26842105263157895 0.003067484662576687 0.04912280701754386
0 0.5705521472392638 0.2149122807017544 0.00245398773006135 0.043859649122807015
0 0.5352760736196319 0.45526315789473687 0.004294478527607362 0.06842105263157895
0 0.5532208588957055 0.31140350877192985 0.003374233128834356 0.054385964912280704
0 0.4943251533742331 0.26052631578947366 0.0027607361963190185 0.04736842105263158
0 0.5363496932515337 0.24473684210526317 0.0027607361963190185 0.04736842105263158
0 0.49217791411042944 0.17456140350877192 0.003374233128834356 0.04035087719298246
0 0.45613496932515335 0.3 0.003067484662576687 0.05263157894736842