0 0.27837423312883436 0.3368421052631579 0.003374233128834356 0.042105263157894736
0 0.43190184049079755 0.5228070175438596 0.0049079754601227 0.07368421052631578
0 0.46457055214723925 0.4070175438596491 0.003374233128834356 0.05964912280701754
0 0.43374233128834355 0.3298245614035088 0.0036809815950920245 0.05263157894736842
0 0.4460122699386503 0.2833333333333333 0.003067484662576687 0.05087719298245614
0 0.46794478527607364 0.41403508771929826 0.003374233128834356 0.056140350877192984
0 0.5440184049079755 0.3456140350877193 0.003374233128834356 0.05263157894736842
0 0.550920245398773 0.4342105263157895 0.004294478527607362 0.06491228070175438
0 0.6061349693251534 0.30350877192982456 0.003067484662576687 0.0456140350877193
0 0.5184049079754601 0.3719298245614035 0.004294478527607362 0.05964912280701754
0 0.5929447852760736 0.22543859649122808 0.004294478527607362 0.05789473684210526
0 0.5262269938650307 0.4517543859649123 0.005214723926380368 0.06842105263157895
0 0.7309815950920245 0.3333333333333333 0.003067484662576687 0.05263157894736842
0 0.6173312883435583 0.4219298245614035 0.003987730061349694 0.06491228070175438
0 0.5631901840490797 0.5464912280701755 0.0049079754601227 0.07543859649122807
0 0.5983128834355829 0.2736842105263158 0.003987730061349694 0.04912280701754386
0 0.573159509202454 0.23684210526315788 0.0027607361963190185 0.0456140350877193
0 0.4762269938650307 0.5710526315789474 0.005214723926380368 0.07894736842105263
0 0.49969325153374233 0.43157894736842106 0.0049079754601227 0.05964912280701754
0 0.47392638036809814 0.3192982456140351 0.0036809815950920245 0.04912280701754386
0 0.5585889570552147 0.3412280701754386 0.0036809815950920245 0.05087719298245614
0 0.450920245398773 0.23596491228070177 0.0036809815950920245 0.05789473684210526
0 0.46702453987730064 0.3991228070175439 0.003987730061349694 0.054385964912280704