0 0.2570552147239264 0.3447368421052632 0.003067484662576687 0.05789473684210526
0 0.41042944785276075 0.4631578947368421 0.004294478527607362 0.056140350877192984
0 0.4233128834355828 0.39035087719298245 0.003067484662576687 0.05789473684210526
0 0.4274539877300613 0.3201754385964912 0.003987730061349694 0.054385964912280704
0 0.4348159509202454 0.23508771929824562 0.0027607361963190185 0.042105263157894736
0 0.472239263803681 0.42719298245614035 0.003987730061349694 0.06842105263157895
0 0.4803680981595092 0.3087719298245614 0.003067484662576687 0.04912280701754386
0 0.48512269938650304 0.5201754385964912 0.004601226993865031 0.06842105263157895
0 0.548159509202454 0.3798245614035088 0.0036809815950920245 0.054385964912280704
0 0.554601226993865 0.2771929824561403 0.003067484662576687 0.03859649122807018
0 0.49095092024539877 0.23771929824561402 0.0027607361963190185 0.043859649122807015
0 0.4699386503067485 0.4412280701754386 0.003067484662576687 0.07543859649122807
0 0.7096625766871165 0.3236842105263158 0.003374233128834356 0.054385964912280704
0 0.5884969325153374 0.4070175438596491 0.003987730061349694 0.06315789473684211
0 0.5641104294478527 0.7017543859649122 0.006134969325153374 0.0912280701754386
0 0.5932515337423313 0.26842105263157895 0.003067484662576687 0.04912280701754386
0 0.5110429447852761 0.17105263157894737 0.00245398773006135 0.03333333333333333
0 0.404601226993865 0.5236842105263158 0.0049079754601227 0.07543859649122807
0 0.4826687116564417 0.5043859649122807 0.003987730061349694 0.06842105263157895
0 0.49969325153374233 0.27807017543859647 0.003067484662576687 0.05087719298245614
0 0.46411042944785275 0.36929824561403507 0.0036809815950920245 0.054385964912280704
0 0.44125766871165645 0.1912280701754386 0.0027607361963190185 0.03859649122807018
0 0.4210122699386503 0.3385964912280702 0.003374233128834356 0.05263157894736842