0 0.36257668711656443 0.32280701754385965 0.003067484662576687 0.06315789473684211
0 0.6142638036809815 0.4745614035087719 0.004601226993865031 0.06491228070175438
0 0.5421779141104295 0.34210526315789475 0.003374233128834356 0.056140350877192984
0 0.5283742331288344 0.2596491228070175 0.0027607361963190185 0.04912280701754386
0 0.6881901840490797 0.17280701754385966 0.0027607361963190185 0.04035087719298246
0 0.5895705521472393 0.22280701754385965 0.00245398773006135 0.0456140350877193
0 0.6368098159509202 0.31140350877192985 0.003067484662576687 0.05087719298245614
0 0.7319018404907975 0.3570175438596491 0.0036809815950920245 0.05789473684210526
0 0.6831288343558283 0.3078947368421053 0.003067484662576687 0.04736842105263158
0 0.7032208588957055 0.24298245614035088 0.003374233128834356 0.054385964912280704
0 0.6602760736196319 0.1850877192982456 0.0027607361963190185 0.02631578947368421
0 0.6670245398773006 0.22982456140350876 0.003987730061349694 0.05263157894736842
0 0.7751533742331288 0.3236842105263158 0.004294478527607362 0.05789473684210526
0 0.7418711656441718 0.30350877192982456 0.003987730061349694 0.04912280701754386
0 0.7404907975460123 0.3543859649122807 0.003067484662576687 0.07017543859649122
0 0.7168711656441717 0.2517543859649123 0.00245398773006135 0.04736842105263158
0 0.6914110429447853 0.17982456140350878 0.00245398773006135 0.03684210526315789
0 0.7115030674846625 0.4166666666666667 0.003987730061349694 0.06491228070175438
0 0.7136503067484663 0.28421052631578947 0.003987730061349694 0.05263157894736842
0 0.6302147239263803 0.2324561403508772 0.0027607361963190185 0.043859649122807015
0 0.6858895705521473 0.26403508771929823 0.0036809815950920245 0.054385964912280704
0 0.6788343558282208 0.18771929824561404 0.0049079754601227 0.04912280701754386
0 0.548159509202454 0.34385964912280703 0.0036809815950920245 0.056140350877192984