0 0.2996932515337423 0.38859649122807016 0.0036809815950920245 0.05789473684210526
0 0.587116564417178 0.7263157894736842 0.0049079754601227 0.09473684210526316
0 0.500920245398773 0.6157894736842106 0.005521472392638037 0.08421052631578947
0 0.49601226993865033 0.43508771929824563 0.004294478527607362 0.06666666666666667
0 0.5162576687116565 0.26842105263157895 0.003067484662576687 0.04912280701754386
0 0.5831288343558282 0.5833333333333334 0.0049079754601227 0.08947368421052632
0 0.5815950920245399 0.4675438596491228 0.004294478527607362 0.06842105263157895
0 0.7751533742331288 0.6192982456140351 0.005521472392638037 0.07368421052631578
0 0.719478527607362 0.6789473684210526 0.005828220858895706 0.08070175438596491
0 0.6662576687116565 0.5201754385964912 0.0049079754601227 0.06842105263157895
0 0.6131901840490798 0.29912280701754385 0.003067484662576687 0.05087719298245614
0 0.5937116564417177 0.4368421052631579 0.003987730061349694 0.06666666666666667
0 0.7711656441717791 0.37894736842105264 0.0036809815950920245 0.05964912280701754
0 0.8480061349693252 0.6508771929824562 0.005828220858895706 0.08070175438596491
0 0.7886503067484663 0.7798245614035088 0.006748466257668712 0.1
0 0.7179447852760736 0.4087719298245614 0.003987730061349694 0.06315789473684211
0 0.6496932515337424 0.2771929824561403 0.003067484662576687 0.04912280701754386
0 0.5973926380368099 0.7578947368421053 0.006441717791411043 0.09824561403508772
0 0.7046012269938651 0.6307017543859649 0.005521472392638037 0.0824561403508772
0 0.5707055214723926 0.5271929824561403 0.005828220858895706 0.0824561403508772
0 0.6719325153374233 0.4824561403508772 0.004601226993865031 0.06666666666666667
0 0.5496932515337424 0.2517543859649123 0.004294478527607362 0.04736842105263158
0 0.5084355828220859 0.6131578947368421 0.005214723926380368 0.0824561403508772