0 0.27929447852760736 0.3385964912280702 0.003374233128834356 0.042105263157894736
0 0.43374233128834355 0.519298245614035 0.0049079754601227 0.07368421052631578
0 0.4644171779141104 0.4070175438596491 0.0036809815950920245 0.05964912280701754
0 0.4340490797546012 0.3298245614035088 0.0036809815950920245 0.05263157894736842
0 0.4466257668711656 0.28157894736842104 0.003067484662576687 0.05087719298245614
0 0.46932515337423314 0.40614035087719297 0.004294478527607362 0.06491228070175438
0 0.5440184049079755 0.3429824561403509 0.003374233128834356 0.05087719298245614
0 0.5506134969325154 0.4324561403508772 0.004294478527607362 0.06491228070175438
0 0.6073619631901841 0.3 0.003067484662576687 0.0456140350877193
0 0.5179447852760736 0.3701754385964912 0.004601226993865031 0.05964912280701754
0 0.593558282208589 0.22456140350877193 0.004294478527607362 0.056140350877192984
0 0.5262269938650307 0.4517543859649123 0.005214723926380368 0.06842105263157895
0 0.7312883435582822 0.33245614035087717 0.003067484662576687 0.054385964912280704
0 0.6182515337423313 0.4201754385964912 0.003987730061349694 0.06491228070175438
0 0.5641104294478527 0.5421052631578948 0.0049079754601227 0.07719298245614035
0 0.5989263803680982 0.27017543859649124 0.003987730061349694 0.04912280701754386
0 0.573159509202454 0.2394736842105263 0.0027607361963190185 0.04736842105263158
0 0.4780674846625767 0.5771929824561404 0.005214723926380368 0.08070175438596491
0 0.5023006134969326 0.4280701754385965 0.003987730061349694 0.05964912280701754
0 0.474079754601227 0.31491228070175437 0.003374233128834356 0.04736842105263158
0 0.5599693251533743 0.3385964912280702 0.003374233128834356 0.04912280701754386
0 0.45107361963190185 0.23596491228070177 0.003987730061349694 0.05789473684210526
0 0.4668711656441718 0.39649122807017545 0.004294478527607362 0.056140350877192984