0 0.279601226993865 0.3394736842105263 0.003374233128834356 0.043859649122807015
0 0.4343558282208589 0.519298245614035 0.0049079754601227 0.07368421052631578
0 0.4642638036809816 0.40614035087719297 0.003374233128834356 0.05789473684210526
0 0.4340490797546012 0.32894736842105265 0.0036809815950920245 0.05087719298245614
0 0.447239263803681 0.28157894736842104 0.003067484662576687 0.05087719298245614
0 0.469478527607362 0.40350877192982454 0.003987730061349694 0.06315789473684211
0 0.5443251533742332 0.3456140350877193 0.003374233128834356 0.056140350877192984
0 0.5506134969325154 0.4307017543859649 0.004294478527607362 0.06491228070175438
0 0.6079754601226994 0.3 0.003067484662576687 0.04912280701754386
0 0.5179447852760736 0.3701754385964912 0.004601226993865031 0.05964912280701754
0 0.5938650306748466 0.22456140350877193 0.004294478527607362 0.056140350877192984
0 0.5263803680981595 0.4517543859649123 0.0049079754601227 0.06842105263157895
0 0.7312883435582822 0.33245614035087717 0.003067484662576687 0.054385964912280704
0 0.618558282208589 0.4201754385964912 0.003987730061349694 0.06491228070175438
0 0.5644171779141104 0.5412280701754386 0.0049079754601227 0.07543859649122807
0 0.599079754601227 0.2692982456140351 0.0036809815950920245 0.04736842105263158
0 0.5737730061349693 0.23771929824561402 0.0027607361963190185 0.043859649122807015
0 0.47868098159509204 0.5763157894736842 0.005214723926380368 0.07894736842105263
0 0.5029141104294479 0.42543859649122806 0.003987730061349694 0.06140350877192982
0 0.47392638036809814 0.31491228070175437 0.0036809815950920245 0.04736842105263158
0 0.5604294478527607 0.3368421052631579 0.003067484662576687 0.04912280701754386
0 0.4512269938650307 0.23596491228070177 0.0036809815950920245 0.05789473684210526
0 0.46656441717791414 0.3956140350877193 0.004294478527607362 0.05789473684210526