0 0.26763803680981596 0.3385964912280702 0.003374233128834356 0.06315789473684211
0 0.45245398773006135 0.45526315789473687 0.004294478527607362 0.05087719298245614
0 0.4653374233128834 0.362280701754386 0.0036809815950920245 0.054385964912280704
0 0.47300613496932514 0.29912280701754385 0.003067484662576687 0.04736842105263158
0 0.4745398773006135 0.21754385964912282 0.003067484662576687 0.0456140350877193
0 0.5006134969325153 0.3868421052631579 0.004294478527607362 0.06842105263157895
0 0.507361963190184 0.2771929824561403 0.003067484662576687 0.04912280701754386
0 0.5167177914110429 0.5096491228070176 0.004601226993865031 0.06842105263157895
0 0.6207055214723927 0.3368421052631579 0.003374233128834356 0.056140350877192984
0 0.5860429447852761 0.26842105263157895 0.003374233128834356 0.05263157894736842
0 0.5297546012269939 0.21228070175438596 0.00245398773006135 0.031578947368421054
0 0.49233128834355827 0.4192982456140351 0.0036809815950920245 0.07719298245614035
0 0.7122699386503067 0.31491228070175437 0.003067484662576687 0.054385964912280704
0 0.6233128834355828 0.35789473684210527 0.0036809815950920245 0.056140350877192984
0 0.5641104294478527 0.6991228070175438 0.006134969325153374 0.08947368421052632
0 0.6096625766871165 0.24210526315789474 0.0027607361963190185 0.0456140350877193
0 0.5207055214723927 0.16403508771929826 0.0027607361963190185 0.04035087719298246
0 0.43558282208588955 0.5307017543859649 0.0049079754601227 0.06842105263157895
0 0.5052147239263803 0.4587719298245614 0.004294478527607362 0.06842105263157895
0 0.49662576687116566 0.27017543859649124 0.003067484662576687 0.04912280701754386
0 0.49233128834355827 0.33596491228070174 0.004294478527607362 0.05789473684210526
0 0.46886503067484664 0.18947368421052632 0.0027607361963190185 0.0456140350877193
0 0.4513803680981595 0.32719298245614037 0.003987730061349694 0.06140350877192982