0 0.30644171779141105 0.31491228070175437 0.003067484662576687 0.05087719298245614
0 0.6065950920245399 0.6535087719298246 0.005828220858895706 0.08596491228070176
0 0.4668711656441718 0.3798245614035088 0.0036809815950920245 0.06140350877192982
0 0.47254601226993864 0.22456140350877193 0.0027607361963190185 0.0456140350877193
0 0.5251533742331288 0.18070175438596492 0.003067484662576687 0.042105263157894736
0 0.5177914110429448 0.3684210526315789 0.0036809815950920245 0.05964912280701754
0 0.5611963190184049 0.23333333333333334 0.0027607361963190185 0.03859649122807018
0 0.5723926380368098 0.4543859649122807 0.004294478527607362 0.06315789473684211
0 0.6162576687116564 0.3236842105263158 0.0036809815950920245 0.05087719298245614
0 0.5121165644171779 0.3333333333333333 0.003374233128834356 0.056140350877192984
0 0.5895705521472393 0.19035087719298247 0.00245398773006135 0.04035087719298246
0 0.5386503067484663 0.24736842105263157 0.003067484662576687 0.04912280701754386
0 0.7611963190184049 0.34210526315789475 0.003374233128834356 0.056140350877192984
0 0.6334355828220859 0.35526315789473684 0.0036809815950920245 0.05789473684210526
0 0.5957055214723926 0.4456140350877193 0.004294478527607362 0.06315789473684211
0 0.6150306748466258 0.29473684210526313 0.004294478527607362 0.05263157894736842
0 0.5996932515337423 0.22280701754385965 0.004294478527607362 0.03859649122807018
0 0.5989263803680982 0.5210526315789473 0.005214723926380368 0.08070175438596491
0 0.5366564417177914 0.3456140350877193 0.003374233128834356 0.05263157894736842
0 0.5300613496932516 0.2614035087719298 0.0036809815950920245 0.04912280701754386
0 0.5725460122699386 0.3017543859649123 0.0027607361963190185 0.0456140350877193
0 0.5430981595092025 0.1850877192982456 0.002147239263803681 0.04035087719298246
0 0.49125766871165644 0.2789473684210526 0.003374233128834356 0.0456140350877193