0 0.22162576687116564 0.39035087719298245 0.003374233128834356 0.06140350877192982
0 0.25828220858895706 0.7719298245614035 0.006134969325153374 0.09824561403508772
0 0.2476993865030675 0.6175438596491228 0.005214723926380368 0.08421052631578947
0 0.34049079754601225 0.46228070175438596 0.004294478527607362 0.06842105263157895
0 0.36625766871165644 0.356140350877193 0.0036809815950920245 0.05263157894736842
0 0.3052147239263804 0.6385964912280702 0.005521472392638037 0.08421052631578947
0 0.37668711656441717 0.5526315789473685 0.0049079754601227 0.07719298245614035
0 0.3964723926380368 0.6850877192982456 0.005828220858895706 0.08947368421052632
0 0.45153374233128835 0.7157894736842105 0.004294478527607362 0.0912280701754386
0 0.475 0.42894736842105263 0.003987730061349694 0.06491228070175438
0 0.49647239263803683 0.34649122807017546 0.003374233128834356 0.05789473684210526
0 0.43144171779141105 0.4824561403508772 0.005214723926380368 0.08070175438596491
0 0.7049079754601227 0.3763157894736842 0.0036809815950920245 0.05789473684210526
0 0.5087423312883436 0.6526315789473685 0.005828220858895706 0.08771929824561403
0 0.452760736196319 0.706140350877193 0.006134969325153374 0.09298245614035087
0 0.5253067484662577 0.4842105263157895 0.004601226993865031 0.07017543859649122
0 0.5039877300613497 0.3447368421052632 0.003067484662576687 0.054385964912280704
0 0.3889570552147239 0.7166666666666667 0.006134969325153374 0.09298245614035087
0 0.32039877300613495 0.6473684210526316 0.005214723926380368 0.0912280701754386
0 0.36119631901840493 0.48157894736842105 0.004601226993865031 0.06491228070175438
0 0.4041411042944785 0.5692982456140351 0.005214723926380368 0.07894736842105263
0 0.38236196319018406 0.37894736842105264 0.003374233128834356 0.06315789473684211
0 0.26533742331288346 0.6166666666666667 0.005521472392638037 0.07894736842105263