0 0.27361963190184047 0.3368421052631579 0.004294478527607362 0.056140350877192984
0 0.4708588957055215 0.45087719298245615 0.004294478527607362 0.06666666666666667
0 0.4742331288343558 0.36666666666666664 0.0036809815950920245 0.05964912280701754
0 0.4822085889570552 0.3 0.003067484662576687 0.05263157894736842
0 0.48895705521472393 0.21578947368421053 0.003067484662576687 0.04912280701754386
0 0.5168711656441718 0.37894736842105264 0.0049079754601227 0.07719298245614035
0 0.5147239263803681 0.27807017543859647 0.003067484662576687 0.05087719298245614
0 0.5326687116564417 0.5166666666666667 0.004601226993865031 0.07192982456140351
0 0.6493865030674847 0.3447368421052632 0.003067484662576687 0.05087719298245614
0 0.595398773006135 0.26842105263157895 0.003067484662576687 0.04912280701754386
0 0.5414110429447853 0.21052631578947367 0.00245398773006135 0.042105263157894736
0 0.5006134969325153 0.4105263157894737 0.0036809815950920245 0.07017543859649122
0 0.712116564417178 0.31491228070175437 0.003374233128834356 0.054385964912280704
0 0.647239263803681 0.387719298245614 0.004294478527607362 0.06666666666666667
0 0.5819018404907975 0.7131578947368421 0.006134969325153374 0.09298245614035087
0 0.6164110429447853 0.22982456140350876 0.0027607361963190185 0.0456140350877193
0 0.5230061349693251 0.1675438596491228 0.003067484662576687 0.03333333333333333
0 0.45674846625766874 0.537719298245614 0.0049079754601227 0.07543859649122807
0 0.5190184049079755 0.4421052631578947 0.004294478527607362 0.06315789473684211
0 0.5004601226993866 0.2675438596491228 0.0027607361963190185 0.04736842105263158
0 0.5141104294478528 0.3263157894736842 0.0036809815950920245 0.056140350877192984
0 0.4808282208588957 0.19210526315789472 0.003374233128834356 0.04736842105263158
0 0.46656441717791414 0.32456140350877194 0.004294478527607362 0.05964912280701754