0 0.35414110429447854 0.3157894736842105 0.003374233128834356 0.05263157894736842
0 0.6248466257668711 0.4649122807017544 0.004294478527607362 0.06666666666666667
0 0.5480061349693252 0.33596491228070174 0.003374233128834356 0.05087719298245614
0 0.5254601226993865 0.2543859649122807 0.003067484662576687 0.0456140350877193
0 0.6552147239263804 0.2 0.00245398773006135 0.03508771929824561
0 0.682361963190184 0.24385964912280703 0.003987730061349694 0.042105263157894736
0 0.5912576687116564 0.25087719298245614 0.0027607361963190185 0.03859649122807018
0 0.7055214723926381 0.38070175438596493 0.0049079754601227 0.07017543859649122
0 0.7038343558282208 0.3254385964912281 0.003987730061349694 0.05087719298245614
0 0.6437116564417178 0.2850877192982456 0.003987730061349694 0.054385964912280704
0 0.5820552147239264 0.18421052631578946 0.0027607361963190185 0.03859649122807018
0 0.6303680981595092 0.23771929824561402 0.0036809815950920245 0.05087719298245614
0 0.7693251533742331 0.32719298245614037 0.0049079754601227 0.054385964912280704
0 0.7087423312883435 0.29385964912280704 0.003987730061349694 0.054385964912280704
0 0.7208588957055214 0.35789473684210527 0.004294478527607362 0.05964912280701754
0 0.6788343558282208 0.24649122807017543 0.0036809815950920245 0.05087719298245614
0 0.6728527607361963 0.22982456140350876 0.0027607361963190185 0.03859649122807018
0 0.6797546012269938 0.4421052631578947 0.004294478527607362 0.06666666666666667
0 0.6631901840490797 0.3 0.003067484662576687 0.05263157894736842
0 0.6423312883435582 0.25087719298245614 0.004294478527607362 0.04912280701754386
0 0.6283742331288343 0.21754385964912282 0.003374233128834356 0.03859649122807018
0 0.6010736196319019 0.18421052631578946 0.003374233128834356 0.042105263157894736
0 0.5299079754601227 0.29210526315789476 0.003374233128834356 0.054385964912280704