0 0.22760736196319017 0.4017543859649123 0.003067484662576687 0.06666666666666667
0 0.24033742331288344 0.5929824561403508 0.005214723926380368 0.08070175438596491
0 0.28236196319018403 0.4982456140350877 0.004601226993865031 0.06315789473684211
0 0.3374233128834356 0.27456140350877195 0.003067484662576687 0.05087719298245614
0 0.4260736196319018 0.21140350877192982 0.00245398773006135 0.043859649122807015
0 0.39769938650306746 0.3350877192982456 0.003374233128834356 0.04912280701754386
0 0.4377300613496933 0.5149122807017544 0.0049079754601227 0.07192982456140351
0 0.53420245398773 0.5815789473684211 0.005214723926380368 0.07192982456140351
0 0.5113496932515338 0.4263157894736842 0.005521472392638037 0.0912280701754386
0 0.5006134969325153 0.36140350877192984 0.0036809815950920245 0.05964912280701754
0 0.5007668711656442 0.2307017543859649 0.0027607361963190185 0.043859649122807015
0 0.47730061349693254 0.3026315789473684 0.0036809815950920245 0.05789473684210526
0 0.7125766871165644 0.3473684210526316 0.0036809815950920245 0.056140350877192984
0 0.5656441717791411 0.4473684210526316 0.004294478527607362 0.06666666666666667
0 0.5489263803680982 0.5921052631578947 0.005214723926380368 0.07894736842105263
0 0.5377300613496933 0.3631578947368421 0.0036809815950920245 0.05964912280701754
0 0.5242331288343558 0.26842105263157895 0.003067484662576687 0.04912280701754386
0 0.39524539877300613 0.606140350877193 0.005214723926380368 0.0824561403508772
0 0.5004601226993866 0.47192982456140353 0.004601226993865031 0.07017543859649122
0 0.40521472392638036 0.49122807017543857 0.004294478527607362 0.07017543859649122
0 0.4705521472392638 0.35350877192982455 0.0036809815950920245 0.05789473684210526
0 0.3897239263803681 0.26842105263157895 0.003374233128834356 0.056140350877192984
0 0.25429447852760734 0.5359649122807018 0.0049079754601227 0.07192982456140351