0 0.3348159509202454 0.2833333333333333 0.003374233128834356 0.05087719298245614
0 0.49555214723926383 0.41578947368421054 0.003987730061349694 0.03859649122807018
0 0.45996932515337424 0.22982456140350876 0.0027607361963190185 0.0456140350877193
0 0.48144171779141104 0.19210526315789472 0.003374233128834356 0.04035087719298246
0 0.571319018404908 0.1763157894736842 0.0027607361963190185 0.03684210526315789
0 0.5869631901840491 0.22543859649122808 0.0027607361963190185 0.04035087719298246
0 0.5328220858895706 0.20877192982456141 0.00245398773006135 0.03859649122807018
0 0.6038343558282209 0.39649122807017545 0.003987730061349694 0.06315789473684211
0 0.6047546012269939 0.2631578947368421 0.0027607361963190185 0.06315789473684211
0 0.548159509202454 0.2710526315789474 0.003067484662576687 0.05087719298245614
0 0.5562883435582822 0.18157894736842106 0.0027607361963190185 0.03684210526315789
0 0.5489263803680982 0.24561403508771928 0.003374233128834356 0.05263157894736842
0 0.724079754601227 0.30701754385964913 0.003374233128834356 0.05263157894736842
0 0.6437116564417178 0.27280701754385966 0.003987730061349694 0.04736842105263158
0 0.6276073619631902 0.3684210526315789 0.0036809815950920245 0.05964912280701754
0 0.616717791411043 0.23421052631578948 0.003987730061349694 0.04736842105263158
0 0.6124233128834355 0.21403508771929824 0.003374233128834356 0.0456140350877193
0 0.5492331288343558 0.4166666666666667 0.003987730061349694 0.06491228070175438
0 0.5714723926380368 0.27982456140350875 0.003067484662576687 0.05087719298245614
0 0.536042944785276 0.25877192982456143 0.0027607361963190185 0.04736842105263158
0 0.5578220858895706 0.21140350877192982 0.003374233128834356 0.04736842105263158
0 0.4950920245398773 0.16403508771929826 0.003067484662576687 0.043859649122807015
0 0.4852760736196319 0.21842105263157896 0.00245398773006135 0.04736842105263158