0 0.2639570552147239 0.31491228070175437 0.003987730061349694 0.06140350877192982
0 0.4638036809815951 0.7447368421052631 0.005521472392638037 0.09649122807017543
0 0.36226993865030677 0.4692982456140351 0.004294478527607362 0.06491228070175438
0 0.401840490797546 0.2833333333333333 0.003067484662576687 0.05087719298245614
0 0.4619631901840491 0.18421052631578946 0.00245398773006135 0.03859649122807018
0 0.4493865030674847 0.3263157894736842 0.0036809815950920245 0.06315789473684211
0 0.4852760736196319 0.24649122807017543 0.0036809815950920245 0.043859649122807015
0 0.5969325153374233 0.5043859649122807 0.0036809815950920245 0.06491228070175438
0 0.5734662576687116 0.41578947368421054 0.003987730061349694 0.05964912280701754
0 0.5638036809815951 0.30350877192982456 0.003067484662576687 0.04912280701754386
0 0.5334355828220859 0.17982456140350878 0.00245398773006135 0.03684210526315789
0 0.5127300613496932 0.2631578947368421 0.003374233128834356 0.05263157894736842
0 0.7299079754601226 0.3368421052631579 0.003374233128834356 0.056140350877192984
0 0.5794478527607362 0.37543859649122807 0.0036809815950920245 0.05964912280701754
0 0.5987730061349693 0.4789473684210526 0.0036809815950920245 0.06315789473684211
0 0.5720858895705522 0.3026315789473684 0.003067484662576687 0.05087719298245614
0 0.5618098159509203 0.2307017543859649 0.0027607361963190185 0.043859649122807015
0 0.5047546012269939 0.5140350877192983 0.004601226993865031 0.07368421052631578
0 0.5325153374233129 0.35526315789473684 0.0036809815950920245 0.05789473684210526
0 0.4766871165644172 0.2850877192982456 0.003067484662576687 0.04736842105263158
0 0.5199386503067485 0.2850877192982456 0.003067484662576687 0.04736842105263158
0 0.4860429447852761 0.21403508771929824 0.0027607361963190185 0.0456140350877193
0 0.4368098159509202 0.35175438596491226 0.0036809815950920245 0.05789473684210526