0 0.2958588957055215 0.38070175438596493 0.003374233128834356 0.056140350877192984
0 0.594478527607362 0.7201754385964912 0.006134969325153374 0.07894736842105263
0 0.5021472392638037 0.6228070175438597 0.005521472392638037 0.08421052631578947
0 0.49647239263803683 0.4236842105263158 0.003987730061349694 0.06491228070175438
0 0.5173312883435582 0.2596491228070175 0.0027607361963190185 0.04912280701754386
0 0.5791411042944785 0.5842105263157895 0.0049079754601227 0.08421052631578947
0 0.5788343558282208 0.4605263157894737 0.004294478527607362 0.06842105263157895
0 0.7714723926380368 0.6140350877192983 0.005521472392638037 0.07719298245614035
0 0.7236196319018405 0.6991228070175438 0.006134969325153374 0.07192982456140351
0 0.6550613496932516 0.4921052631578947 0.004601226993865031 0.07192982456140351
0 0.6131901840490798 0.2956140350877193 0.003067484662576687 0.05087719298245614
0 0.5941717791411043 0.4307017543859649 0.004294478527607362 0.06491228070175438
0 0.7705521472392638 0.37894736842105264 0.0036809815950920245 0.056140350877192984
0 0.849079754601227 0.6412280701754386 0.006134969325153374 0.0824561403508772
0 0.7953987730061349 0.781578947368421 0.006748466257668712 0.09649122807017543
0 0.7188650306748466 0.4166666666666667 0.003987730061349694 0.06491228070175438
0 0.6496932515337424 0.27982456140350875 0.003067484662576687 0.05087719298245614
0 0.6007668711656442 0.7464912280701754 0.006441717791411043 0.09649122807017543
0 0.7024539877300614 0.6228070175438597 0.005521472392638037 0.08421052631578947
0 0.5710122699386503 0.5298245614035088 0.005828220858895706 0.08421052631578947
0 0.6697852760736196 0.4789473684210526 0.004601226993865031 0.07017543859649122
0 0.5552147239263804 0.25263157894736843 0.004294478527607362 0.0456140350877193
0 0.5076687116564417 0.6157894736842106 0.005521472392638037 0.08421052631578947