0 0.2392638036809816 0.3254385964912281 0.004294478527607362 0.06842105263157895
0 0.3460122699386503 0.537719298245614 0.005521472392638037 0.07543859649122807
0 0.36487730061349694 0.4236842105263158 0.003987730061349694 0.06140350877192982
0 0.38174846625766873 0.2964912280701754 0.003374233128834356 0.04912280701754386
0 0.3782208588957055 0.22017543859649122 0.00245398773006135 0.043859649122807015
0 0.4076687116564417 0.38421052631578945 0.0036809815950920245 0.05263157894736842
0 0.43190184049079755 0.28421052631578947 0.003067484662576687 0.03508771929824561
0 0.46794478527607364 0.593859649122807 0.005214723926380368 0.06842105263157895
0 0.5437116564417178 0.42543859649122806 0.003987730061349694 0.06491228070175438
0 0.4897239263803681 0.38859649122807016 0.003987730061349694 0.06140350877192982
0 0.4157975460122699 0.2324561403508772 0.003374233128834356 0.043859649122807015
0 0.4280674846625767 0.41228070175438597 0.003987730061349694 0.07017543859649122
0 0.7092024539877301 0.3394736842105263 0.003067484662576687 0.05087719298245614
0 0.55920245398773 0.4368421052631579 0.004294478527607362 0.06666666666666667
0 0.4883435582822086 0.5929824561403508 0.0049079754601227 0.08070175438596491
0 0.5460122699386503 0.2833333333333333 0.003067484662576687 0.05087719298245614
0 0.5090490797546012 0.22280701754385965 0.0027607361963190185 0.0456140350877193
0 0.3389570552147239 0.5517543859649123 0.0049079754601227 0.07543859649122807
0 0.44263803680981595 0.3570175438596491 0.0036809815950920245 0.05789473684210526
0 0.44079754601226995 0.31140350877192985 0.003067484662576687 0.04736842105263158
0 0.5148773006134969 0.3543859649122807 0.004601226993865031 0.05964912280701754
0 0.39447852760736196 0.17894736842105263 0.0036809815950920245 0.0456140350877193
0 0.35153374233128837 0.5052631578947369 0.005521472392638037 0.08771929824561403