0 0.3558282208588957 0.32719298245614037 0.003067484662576687 0.06842105263157895
0 0.6093558282208589 0.48771929824561405 0.004601226993865031 0.07017543859649122
0 0.5420245398773006 0.3482456140350877 0.0036809815950920245 0.05789473684210526
0 0.527760736196319 0.2596491228070175 0.0027607361963190185 0.04912280701754386
0 0.7049079754601227 0.17982456140350878 0.00245398773006135 0.03333333333333333
0 0.5888036809815951 0.23157894736842105 0.0027607361963190185 0.0456140350877193
0 0.633282208588957 0.3131578947368421 0.003374233128834356 0.05087719298245614
0 0.7374233128834355 0.35526315789473684 0.0036809815950920245 0.05789473684210526
0 0.6837423312883436 0.30701754385964913 0.003067484662576687 0.05263157894736842
0 0.7179447852760736 0.25701754385964914 0.003374233128834356 0.04736842105263158
0 0.6495398773006135 0.1850877192982456 0.002147239263803681 0.02631578947368421
0 0.6682515337423313 0.22982456140350876 0.003987730061349694 0.05263157894736842
0 0.7748466257668711 0.32280701754385965 0.004294478527607362 0.056140350877192984
0 0.7394171779141104 0.2964912280701754 0.003987730061349694 0.04912280701754386
0 0.7484662576687117 0.356140350877193 0.0049079754601227 0.05964912280701754
0 0.7260736196319019 0.26228070175438595 0.00245398773006135 0.04736842105263158
0 0.7038343558282208 0.19210526315789472 0.003374233128834356 0.043859649122807015
0 0.7115030674846625 0.42719298245614035 0.003987730061349694 0.06491228070175438
0 0.7173312883435583 0.28157894736842104 0.003987730061349694 0.054385964912280704
0 0.626840490797546 0.24298245614035088 0.0027607361963190185 0.04736842105263158
0 0.689877300613497 0.2719298245614035 0.003067484662576687 0.04912280701754386
0 0.6754601226993865 0.1824561403508772 0.004294478527607362 0.042105263157894736
0 0.5487730061349694 0.3543859649122807 0.0036809815950920245 0.06315789473684211