0 0.24984662576687117 0.3570175438596491 0.0027607361963190185 0.06842105263157895
0 0.377760736196319 0.5517543859649123 0.003987730061349694 0.06842105263157895
0 0.39217791411042946 0.4631578947368421 0.003987730061349694 0.07017543859649122
0 0.38926380368098157 0.38596491228070173 0.003067484662576687 0.05964912280701754
0 0.40828220858895703 0.29035087719298247 0.004294478527607362 0.054385964912280704
0 0.4598159509202454 0.37719298245614036 0.0036809815950920245 0.05964912280701754
0 0.4297546012269939 0.49736842105263157 0.0036809815950920245 0.06842105263157895
0 0.4251533742331288 0.6105263157894737 0.005521472392638037 0.07719298245614035
0 0.48573619631901843 0.49122807017543857 0.004601226993865031 0.06315789473684211
0 0.5245398773006135 0.3719298245614035 0.0036809815950920245 0.05964912280701754
0 0.4476993865030675 0.23508771929824562 0.0027607361963190185 0.042105263157894736
0 0.4085889570552147 0.5666666666666667 0.004294478527607362 0.0912280701754386
0 0.7184049079754601 0.3482456140350877 0.0036809815950920245 0.05789473684210526
0 0.525920245398773 0.5307017543859649 0.005214723926380368 0.0824561403508772
0 0.42070552147239265 0.7649122807017544 0.006441717791411043 0.09824561403508772
0 0.6075153374233129 0.3078947368421053 0.003374233128834356 0.054385964912280704
0 0.472239263803681 0.18333333333333332 0.002147239263803681 0.03684210526315789
0 0.35690184049079754 0.7298245614035088 0.006441717791411043 0.09473684210526316
0 0.44493865030674845 0.5552631578947368 0.004601226993865031 0.07543859649122807
0 0.40828220858895703 0.46228070175438596 0.004294478527607362 0.06842105263157895
0 0.4855828220858896 0.39210526315789473 0.0036809815950920245 0.05789473684210526
0 0.424079754601227 0.26666666666666666 0.003374233128834356 0.05263157894736842
0 0.3904907975460123 0.4105263157894737 0.0036809815950920245 0.05964912280701754