0 0.3062883435582822 0.31491228070175437 0.003374233128834356 0.05087719298245614
0 0.5969325153374233 0.6456140350877193 0.005521472392638037 0.08421052631578947
0 0.4662576687116564 0.37719298245614036 0.0036809815950920245 0.05964912280701754
0 0.4708588957055215 0.21929824561403508 0.00245398773006135 0.0456140350877193
0 0.5230061349693251 0.17719298245614035 0.00245398773006135 0.042105263157894736
0 0.5187116564417178 0.3631578947368421 0.0036809815950920245 0.05964912280701754
0 0.5587423312883436 0.23157894736842105 0.0027607361963190185 0.042105263157894736
0 0.5800613496932515 0.4605263157894737 0.004294478527607362 0.05789473684210526
0 0.6130368098159509 0.3175438596491228 0.003374233128834356 0.0456140350877193
0 0.5096625766871166 0.3219298245614035 0.003374233128834356 0.054385964912280704
0 0.5874233128834356 0.19035087719298247 0.00245398773006135 0.02631578947368421
0 0.537883435582822 0.24385964912280703 0.003374233128834356 0.05263157894736842
0 0.7596625766871166 0.3412280701754386 0.003987730061349694 0.06491228070175438
0 0.6297546012269939 0.35350877192982455 0.0036809815950920245 0.05789473684210526
0 0.6 0.44473684210526315 0.004294478527607362 0.054385964912280704
0 0.6130368098159509 0.2885964912280702 0.004601226993865031 0.05087719298245614
0 0.597239263803681 0.21754385964912282 0.004294478527607362 0.03859649122807018
0 0.5955521472392638 0.5070175438596491 0.005214723926380368 0.07719298245614035
0 0.5348159509202454 0.33596491228070174 0.003374233128834356 0.04736842105263158
0 0.526840490797546 0.2578947368421053 0.003374233128834356 0.04912280701754386
0 0.5702453987730062 0.29385964912280704 0.003067484662576687 0.043859649122807015
0 0.5415644171779141 0.18421052631578946 0.002147239263803681 0.03859649122807018
0 0.49033742331288344 0.2719298245614035 0.003374233128834356 0.0456140350877193