0 0.28957055214723926 0.3368421052631579 0.003067484662576687 0.056140350877192984
0 0.48052147239263804 0.5140350877192983 0.004601226993865031 0.06666666666666667
0 0.4838957055214724 0.3991228070175439 0.0027607361963190185 0.07543859649122807
0 0.49095092024539877 0.31491228070175437 0.003374233128834356 0.054385964912280704
0 0.49355828220858894 0.21929824561403508 0.00245398773006135 0.0456140350877193
0 0.6588957055214724 0.32105263157894737 0.0036809815950920245 0.056140350877192984
0 0.5501533742331288 0.3078947368421053 0.003374233128834356 0.04736842105263158
0 0.5773006134969325 0.525438596491228 0.0049079754601227 0.07543859649122807
0 0.6708588957055215 0.4631578947368421 0.004294478527607362 0.06315789473684211
0 0.628680981595092 0.25877192982456143 0.0027607361963190185 0.04736842105263158
0 0.5579754601226994 0.22105263157894736 0.00245398773006135 0.042105263157894736
0 0.5354294478527607 0.39210526315789473 0.003987730061349694 0.06140350877192982
0 0.7535276073619632 0.3280701754385965 0.003374233128834356 0.056140350877192984
0 0.7118098159509203 0.4956140350877193 0.004601226993865031 0.07192982456140351
0 0.5984662576687116 0.7166666666666667 0.006134969325153374 0.09298245614035087
0 0.6365030674846626 0.18771929824561404 0.00245398773006135 0.03508771929824561
0 0.5337423312883436 0.17192982456140352 0.00245398773006135 0.031578947368421054
0 0.47837423312883437 0.6780701754385965 0.005828220858895706 0.08947368421052632
0 0.6403374233128835 0.41842105263157897 0.003987730061349694 0.05789473684210526
0 0.5398773006134969 0.27631578947368424 0.003067484662576687 0.04736842105263158
0 0.6631901840490797 0.3307017543859649 0.003067484662576687 0.05789473684210526
0 0.504601226993865 0.21052631578947367 0.003067484662576687 0.04912280701754386
0 0.48067484662576687 0.36403508771929827 0.004294478527607362 0.06491228070175438