0 0.28236196319018403 0.35 0.003374233128834356 0.06842105263157895
0 0.4719325153374233 0.5473684210526316 0.004601226993865031 0.07719298245614035
0 0.4803680981595092 0.41578947368421054 0.0036809815950920245 0.06315789473684211
0 0.4878834355828221 0.3350877192982456 0.003374233128834356 0.056140350877192984
0 0.4906441717791411 0.23596491228070177 0.0027607361963190185 0.04736842105263158
0 0.6581288343558283 0.3850877192982456 0.003987730061349694 0.06140350877192982
0 0.5470858895705522 0.3412280701754386 0.003374233128834356 0.05087719298245614
0 0.5779141104294478 0.5535087719298246 0.0049079754601227 0.07543859649122807
0 0.6780674846625767 0.4850877192982456 0.004601226993865031 0.06842105263157895
0 0.6217791411042944 0.28157894736842104 0.003067484662576687 0.05087719298245614
0 0.5535276073619632 0.24473684210526317 0.0027607361963190185 0.04736842105263158
0 0.5242331288343558 0.4298245614035088 0.0036809815950920245 0.07368421052631578
0 0.752760736196319 0.35 0.0036809815950920245 0.05789473684210526
0 0.7165644171779141 0.5271929824561403 0.0049079754601227 0.07543859649122807
0 0.5918711656441717 0.75 0.006441717791411043 0.09649122807017543
0 0.6352760736196319 0.20701754385964913 0.00245398773006135 0.042105263157894736
0 0.535122699386503 0.17280701754385966 0.0027607361963190185 0.03333333333333333
0 0.4656441717791411 0.706140350877193 0.006134969325153374 0.09298245614035087
0 0.6407975460122699 0.46578947368421053 0.004294478527607362 0.06842105263157895
0 0.5371165644171779 0.2982456140350877 0.003067484662576687 0.05263157894736842
0 0.6690184049079755 0.37719298245614036 0.0036809815950920245 0.05964912280701754
0 0.49800613496932516 0.20526315789473684 0.0027607361963190185 0.03859649122807018
0 0.47791411042944787 0.38070175438596493 0.004294478527607362 0.05964912280701754