0 0.23696319018404907 0.3956140350877193 0.003374233128834356 0.06842105263157895
0 0.26901840490797546 0.6342105263157894 0.005521472392638037 0.0824561403508772
0 0.28542944785276075 0.5008771929824561 0.005214723926380368 0.07543859649122807
0 0.35245398773006137 0.2631578947368421 0.003067484662576687 0.04912280701754386
0 0.44263803680981595 0.19298245614035087 0.00245398773006135 0.042105263157894736
0 0.3861963190184049 0.35175438596491226 0.0036809815950920245 0.05789473684210526
0 0.4452453987730061 0.4982456140350877 0.004601226993865031 0.07017543859649122
0 0.5526073619631902 0.5675438596491228 0.005214723926380368 0.07543859649122807
0 0.521319018404908 0.4026315789473684 0.003987730061349694 0.06140350877192982
0 0.5085889570552147 0.3482456140350877 0.0036809815950920245 0.05789473684210526
0 0.5004601226993866 0.22456140350877193 0.0027607361963190185 0.0456140350877193
0 0.4920245398773006 0.28421052631578947 0.004294478527607362 0.06315789473684211
0 0.7147239263803681 0.35175438596491226 0.0036809815950920245 0.05789473684210526
0 0.5702453987730062 0.4421052631578947 0.004294478527607362 0.06666666666666667
0 0.5624233128834356 0.5657894736842105 0.005214723926380368 0.07543859649122807
0 0.5420245398773006 0.35175438596491226 0.0036809815950920245 0.05789473684210526
0 0.5328220858895706 0.27017543859649124 0.003067484662576687 0.04912280701754386
0 0.4128834355828221 0.6131578947368421 0.005521472392638037 0.0824561403508772
0 0.5088957055214723 0.46228070175438596 0.004294478527607362 0.06842105263157895
0 0.4180981595092024 0.47368421052631576 0.004294478527607362 0.06315789473684211
0 0.48067484662576687 0.3482456140350877 0.0036809815950920245 0.05789473684210526
0 0.40107361963190186 0.2614035087719298 0.003374233128834356 0.05263157894736842
0 0.2894171779141104 0.5166666666666667 0.005214723926380368 0.09298245614035087