0 0.3133435582822086 0.2964912280701754 0.0027607361963190185 0.05964912280701754
0 0.49601226993865033 0.4263157894736842 0.003067484662576687 0.04912280701754386
0 0.455521472392638 0.2885964912280702 0.003067484662576687 0.05087719298245614
0 0.4553680981595092 0.1736842105263158 0.0027607361963190185 0.042105263157894736
0 0.5151840490797546 0.1570175438596491 0.002147239263803681 0.03684210526315789
0 0.5352760736196319 0.2850877192982456 0.003067484662576687 0.05087719298245614
0 0.5029141104294479 0.16842105263157894 0.003374233128834356 0.031578947368421054
0 0.6042944785276073 0.3815789473684211 0.0036809815950920245 0.05789473684210526
0 0.5707055214723926 0.25087719298245614 0.0027607361963190185 0.0456140350877193
0 0.49984662576687117 0.2535087719298246 0.0027607361963190185 0.043859649122807015
0 0.5535276073619632 0.1631578947368421 0.0027607361963190185 0.042105263157894736
0 0.5355828220858896 0.24298245614035088 0.003067484662576687 0.054385964912280704
0 0.7283742331288343 0.3078947368421053 0.003374233128834356 0.054385964912280704
0 0.597239263803681 0.2649122807017544 0.003067484662576687 0.04912280701754386
0 0.6216257668711657 0.33596491228070174 0.003374233128834356 0.04736842105263158
0 0.5924846625766871 0.22807017543859648 0.003374233128834356 0.05263157894736842
0 0.563957055214724 0.17017543859649123 0.003987730061349694 0.03508771929824561
0 0.5294478527607362 0.3675438596491228 0.0036809815950920245 0.05789473684210526
0 0.5513803680981595 0.26842105263157895 0.003374233128834356 0.04912280701754386
0 0.5039877300613497 0.18157894736842106 0.003067484662576687 0.03333333333333333
0 0.5670245398773006 0.21403508771929824 0.003987730061349694 0.0456140350877193
0 0.5191717791411042 0.1649122807017544 0.0027607361963190185 0.03508771929824561
0 0.47868098159509204 0.20614035087719298 0.0027607361963190185 0.05087719298245614