0 0.2383435582822086 0.36403508771929827 0.00245398773006135 0.05789473684210526
0 0.4107361963190184 0.7052631578947368 0.006748466257668712 0.08421052631578947
0 0.4041411042944785 0.5894736842105263 0.005214723926380368 0.08070175438596491
0 0.38558282208588956 0.44912280701754387 0.004294478527607362 0.06666666666666667
0 0.4013803680981595 0.32280701754385965 0.003374233128834356 0.042105263157894736
0 0.43650306748466255 0.4631578947368421 0.004294478527607362 0.04912280701754386
0 0.425 0.6596491228070176 0.005214723926380368 0.08421052631578947
0 0.4424846625766871 0.6973684210526315 0.005214723926380368 0.09649122807017543
0 0.507361963190184 0.5394736842105263 0.0049079754601227 0.07192982456140351
0 0.5190184049079755 0.37719298245614036 0.0036809815950920245 0.05964912280701754
0 0.4363496932515337 0.25 0.0027607361963190185 0.04736842105263158
0 0.4128834355828221 0.4921052631578947 0.004294478527607362 0.07894736842105263
0 0.7234662576687116 0.3570175438596491 0.003374233128834356 0.05789473684210526
0 0.5478527607361963 0.5692982456140351 0.0049079754601227 0.07894736842105263
0 0.4030674846625767 0.7631578947368421 0.007975460122699387 0.09473684210526316
0 0.5558282208588957 0.3684210526315789 0.0036809815950920245 0.05964912280701754
0 0.5059815950920246 0.23333333333333334 0.0027607361963190185 0.0456140350877193
0 0.3973926380368098 0.7456140350877193 0.010122699386503068 0.042105263157894736
0 0.44493865030674845 0.5771929824561404 0.005214723926380368 0.08070175438596491
0 0.40843558282208586 0.5982456140350877 0.003987730061349694 0.07719298245614035
0 0.4575153374233129 0.493859649122807 0.004601226993865031 0.06842105263157895
0 0.4067484662576687 0.28157894736842104 0.004294478527607362 0.054385964912280704
0 0.34662576687116564 0.5859649122807018 0.0049079754601227 0.08421052631578947