0 0.3182515337423313 0.3280701754385965 0.003374233128834356 0.056140350877192984
0 0.6780674846625767 0.6236842105263158 0.006441717791411043 0.08947368421052632
0 0.4852760736196319 0.3719298245614035 0.0036809815950920245 0.05964912280701754
0 0.4831288343558282 0.29473684210526313 0.003067484662576687 0.0456140350877193
0 0.5398773006134969 0.19035087719298247 0.00245398773006135 0.04035087719298246
0 0.55920245398773 0.3570175438596491 0.0036809815950920245 0.05789473684210526
0 0.5923312883435583 0.2649122807017544 0.003067484662576687 0.04912280701754386
0 0.5013803680981596 0.4842105263157895 0.004601226993865031 0.07017543859649122
0 0.6743865030674847 0.3719298245614035 0.003374233128834356 0.056140350877192984
0 0.6691717791411043 0.3570175438596491 0.003374233128834356 0.05789473684210526
0 0.6483128834355828 0.24298245614035088 0.0027607361963190185 0.04736842105263158
0 0.602760736196319 0.4105263157894737 0.004294478527607362 0.06666666666666667
0 0.7199386503067484 0.29912280701754385 0.0036809815950920245 0.043859649122807015
0 0.721319018404908 0.4070175438596491 0.003987730061349694 0.06315789473684211
0 0.675920245398773 0.5912280701754385 0.005214723926380368 0.08070175438596491
0 0.6780674846625767 0.2614035087719298 0.0027607361963190185 0.0456140350877193
0 0.6819018404907975 0.27982456140350875 0.004294478527607362 0.04736842105263158
0 0.6723926380368098 0.6429824561403509 0.005521472392638037 0.08947368421052632
0 0.6269938650306749 0.37719298245614036 0.0036809815950920245 0.05964912280701754
0 0.5751533742331288 0.3 0.003067484662576687 0.03859649122807018
0 0.6026073619631902 0.24912280701754386 0.003374233128834356 0.04912280701754386
0 0.5645705521472393 0.15964912280701754 0.003374233128834356 0.0456140350877193
0 0.47653374233128837 0.3219298245614035 0.0027607361963190185 0.05789473684210526