0 0.344478527607362 0.27982456140350875 0.0036809815950920245 0.054385964912280704
0 0.49555214723926383 0.4131578947368421 0.003987730061349694 0.03333333333333333
0 0.45291411042944785 0.2394736842105263 0.0027607361963190185 0.04736842105263158
0 0.47392638036809814 0.21140350877192982 0.00245398773006135 0.043859649122807015
0 0.5407975460122699 0.1543859649122807 0.00245398773006135 0.03859649122807018
0 0.5651840490797546 0.23157894736842105 0.0027607361963190185 0.03508771929824561
0 0.5248466257668711 0.2 0.00245398773006135 0.042105263157894736
0 0.6159509202453988 0.39035087719298245 0.0036809815950920245 0.06140350877192982
0 0.5894171779141104 0.256140350877193 0.0027607361963190185 0.04912280701754386
0 0.5345092024539877 0.27280701754385966 0.0027607361963190185 0.05087719298245614
0 0.5542944785276074 0.17105263157894737 0.0018404907975460123 0.03333333333333333
0 0.5510736196319018 0.23421052631578948 0.003374233128834356 0.054385964912280704
0 0.7107361963190184 0.30701754385964913 0.003067484662576687 0.0456140350877193
0 0.6174846625766871 0.27280701754385966 0.0036809815950920245 0.054385964912280704
0 0.6253067484662577 0.34210526315789475 0.003374233128834356 0.056140350877192984
0 0.5993865030674846 0.22456140350877193 0.004294478527607362 0.056140350877192984
0 0.594478527607362 0.2 0.0036809815950920245 0.05263157894736842
0 0.5512269938650307 0.38333333333333336 0.0036809815950920245 0.06140350877192982
0 0.5641104294478527 0.27280701754385966 0.003067484662576687 0.05087719298245614
0 0.527760736196319 0.23771929824561402 0.0027607361963190185 0.04736842105263158
0 0.5556748466257668 0.20877192982456141 0.0027607361963190185 0.0456140350877193
0 0.5182515337423312 0.16403508771929826 0.002147239263803681 0.02982456140350877
0 0.4817484662576687 0.21578947368421053 0.0027607361963190185 0.04912280701754386