0 0.2889570552147239 0.33771929824561403 0.003067484662576687 0.05789473684210526
0 0.48021472392638037 0.5140350877192983 0.003987730061349694 0.07017543859649122
0 0.4838957055214724 0.4 0.0027607361963190185 0.07368421052631578
0 0.49095092024539877 0.31842105263157894 0.003374233128834356 0.054385964912280704
0 0.49309815950920244 0.22105263157894736 0.0027607361963190185 0.0456140350877193
0 0.6596625766871166 0.32280701754385965 0.003374233128834356 0.056140350877192984
0 0.5504601226993865 0.3105263157894737 0.003374233128834356 0.05263157894736842
0 0.5773006134969325 0.5271929824561403 0.0049079754601227 0.07192982456140351
0 0.6708588957055215 0.4649122807017544 0.004294478527607362 0.06666666666666667
0 0.6271472392638037 0.2596491228070175 0.0027607361963190185 0.042105263157894736
0 0.5581288343558283 0.2236842105263158 0.0027607361963190185 0.043859649122807015
0 0.5354294478527607 0.3956140350877193 0.003987730061349694 0.06140350877192982
0 0.7532208588957056 0.3254385964912281 0.003374233128834356 0.054385964912280704
0 0.7124233128834356 0.49912280701754386 0.004601226993865031 0.07192982456140351
0 0.596319018404908 0.7201754385964912 0.006134969325153374 0.08947368421052632
0 0.6365030674846626 0.18859649122807018 0.00245398773006135 0.03333333333333333
0 0.5338957055214724 0.17280701754385966 0.0027607361963190185 0.03333333333333333
0 0.47776073619631904 0.6798245614035088 0.005828220858895706 0.08947368421052632
0 0.6409509202453988 0.42543859649122806 0.003987730061349694 0.06491228070175438
0 0.5401840490797546 0.2771929824561403 0.003067484662576687 0.0456140350877193
0 0.6644171779141105 0.3307017543859649 0.003067484662576687 0.05789473684210526
0 0.5039877300613497 0.21052631578947367 0.003067484662576687 0.04912280701754386
0 0.48052147239263804 0.3649122807017544 0.004601226993865031 0.06666666666666667