0 0.29003067484662576 0.3868421052631579 0.003374233128834356 0.054385964912280704
0 0.6016871165644172 0.7219298245614035 0.005214723926380368 0.08596491228070176
0 0.5001533742331289 0.6175438596491228 0.005214723926380368 0.08421052631578947
0 0.49739263803680983 0.41228070175438597 0.003987730061349694 0.06315789473684211
0 0.5185582822085889 0.24385964912280703 0.0027607361963190185 0.03859649122807018
0 0.5736196319018405 0.5859649122807018 0.004294478527607362 0.07719298245614035
0 0.575920245398773 0.4482456140350877 0.003987730061349694 0.06140350877192982
0 0.7631901840490798 0.6078947368421053 0.005521472392638037 0.07894736842105263
0 0.7397239263803681 0.75 0.006441717791411043 0.09298245614035087
0 0.6391104294478528 0.44649122807017544 0.003987730061349694 0.06140350877192982
0 0.6144171779141104 0.2885964912280702 0.003067484662576687 0.05087719298245614
0 0.5983128834355829 0.41578947368421054 0.003987730061349694 0.06315789473684211
0 0.7736196319018405 0.3815789473684211 0.0036809815950920245 0.06140350877192982
0 0.838036809815951 0.624561403508772 0.005521472392638037 0.08421052631578947
0 0.8042944785276074 0.8 0.006748466257668712 0.10175438596491228
0 0.719478527607362 0.4166666666666667 0.003987730061349694 0.06491228070175438
0 0.6503067484662577 0.28421052631578947 0.003067484662576687 0.04912280701754386
0 0.6065950920245399 0.7280701754385965 0.006441717791411043 0.09473684210526316
0 0.6980061349693252 0.6096491228070176 0.005214723926380368 0.0824561403508772
0 0.5726993865030675 0.5342105263157895 0.005521472392638037 0.07894736842105263
0 0.6670245398773006 0.47192982456140353 0.004601226993865031 0.07017543859649122
0 0.5638036809815951 0.256140350877193 0.004294478527607362 0.0456140350877193
0 0.5104294478527608 0.6157894736842106 0.005521472392638037 0.08421052631578947