0 0.29003067484662576 0.3570175438596491 0.0027607361963190185 0.04736842105263158
0 0.48420245398773004 0.5973684210526315 0.005214723926380368 0.06842105263157895
0 0.5102760736196319 0.42719298245614035 0.003987730061349694 0.06491228070175438
0 0.4855828220858896 0.3236842105263158 0.0036809815950920245 0.054385964912280704
0 0.4943251533742331 0.23157894736842105 0.0027607361963190185 0.0456140350877193
0 0.633282208588957 0.41578947368421054 0.003987730061349694 0.06315789473684211
0 0.5507668711656442 0.34649122807017546 0.003374233128834356 0.05789473684210526
0 0.6605828220858896 0.5850877192982457 0.005214723926380368 0.07894736842105263
0 0.7630368098159509 0.5219298245614035 0.004601226993865031 0.07192982456140351
0 0.7302147239263803 0.33596491228070174 0.003374233128834356 0.043859649122807015
0 0.571319018404908 0.23421052631578948 0.0027607361963190185 0.043859649122807015
0 0.5553680981595092 0.4052631578947368 0.003374233128834356 0.06666666666666667
0 0.7739263803680981 0.37719298245614036 0.0036809815950920245 0.04912280701754386
0 0.7857361963190184 0.5675438596491228 0.005214723926380368 0.07894736842105263
0 0.7237730061349693 0.7517543859649123 0.006441717791411043 0.09649122807017543
0 0.6547546012269939 0.1868421052631579 0.0027607361963190185 0.03684210526315789
0 0.5440184049079755 0.17192982456140352 0.0027607361963190185 0.042105263157894736
0 0.4888036809815951 0.6631578947368421 0.005828220858895706 0.08771929824561403
0 0.5996932515337423 0.4570175438596491 0.004294478527607362 0.06842105263157895
0 0.5302147239263804 0.4368421052631579 0.003987730061349694 0.06666666666666667
0 0.6446319018404908 0.31842105263157894 0.003374233128834356 0.054385964912280704
0 0.5052147239263803 0.21578947368421053 0.0036809815950920245 0.042105263157894736
0 0.48420245398773004 0.35789473684210527 0.003374233128834356 0.05263157894736842