0 0.3271472392638037 0.3280701754385965 0.003374233128834356 0.056140350877192984
0 0.7418711656441718 0.6535087719298246 0.007668711656441718 0.09298245614035087
0 0.48895705521472393 0.37719298245614036 0.0036809815950920245 0.05964912280701754
0 0.48328220858895704 0.29210526315789476 0.0027607361963190185 0.04736842105263158
0 0.550920245398773 0.18859649122807018 0.0036809815950920245 0.05087719298245614
0 0.5613496932515337 0.3482456140350877 0.0036809815950920245 0.05789473684210526
0 0.6039877300613496 0.2578947368421053 0.003067484662576687 0.0456140350877193
0 0.5256134969325154 0.4789473684210526 0.004601226993865031 0.07017543859649122
0 0.6932515337423313 0.3763157894736842 0.0036809815950920245 0.06491228070175438
0 0.6978527607361963 0.3605263157894737 0.0036809815950920245 0.05789473684210526
0 0.6581288343558283 0.24385964912280703 0.003374233128834356 0.0456140350877193
0 0.6228527607361963 0.39473684210526316 0.003987730061349694 0.06315789473684211
0 0.7144171779141104 0.2868421052631579 0.003067484662576687 0.043859649122807015
0 0.7159509202453987 0.38421052631578945 0.004294478527607362 0.05964912280701754
0 0.6835889570552147 0.5666666666666667 0.005214723926380368 0.07719298245614035
0 0.685122699386503 0.2675438596491228 0.0027607361963190185 0.043859649122807015
0 0.6998466257668712 0.2885964912280702 0.004601226993865031 0.05087719298245614
0 0.7242331288343559 0.6403508771929824 0.005521472392638037 0.08771929824561403
0 0.6457055214723927 0.3736842105263158 0.0036809815950920245 0.05964912280701754
0 0.589877300613497 0.3 0.003067484662576687 0.05263157894736842
0 0.6134969325153374 0.2412280701754386 0.0036809815950920245 0.05087719298245614
0 0.5786809815950921 0.1570175438596491 0.003374233128834356 0.043859649122807015
0 0.47975460122699387 0.3201754385964912 0.0036809815950920245 0.05789473684210526