0 0.29524539877300615 0.3482456140350877 0.005214723926380368 0.06140350877192982
0 0.5099693251533742 0.6228070175438597 0.005214723926380368 0.08421052631578947
0 0.48374233128834354 0.47017543859649125 0.004294478527607362 0.07017543859649122
0 0.496319018404908 0.35350877192982455 0.0036809815950920245 0.05789473684210526
0 0.49187116564417177 0.23421052631578948 0.0027607361963190185 0.04736842105263158
0 0.5507668711656442 0.4087719298245614 0.003987730061349694 0.056140350877192984
0 0.5857361963190184 0.3429824561403509 0.003374233128834356 0.04736842105263158
0 0.6800613496932515 0.5421052631578948 0.0049079754601227 0.06666666666666667
0 0.632361963190184 0.38421052631578945 0.003987730061349694 0.056140350877192984
0 0.675 0.4 0.003987730061349694 0.06315789473684211
0 0.6042944785276073 0.2675438596491228 0.003067484662576687 0.04736842105263158
0 0.5613496932515337 0.38421052631578945 0.0036809815950920245 0.04912280701754386
0 0.7616564417177915 0.35 0.0036809815950920245 0.05789473684210526
0 0.7371165644171779 0.5175438596491229 0.006134969325153374 0.08070175438596491
0 0.7092024539877301 0.612280701754386 0.005521472392638037 0.08070175438596491
0 0.6783742331288344 0.3307017543859649 0.003374233128834356 0.04736842105263158
0 0.6199386503067484 0.20789473684210527 0.00245398773006135 0.043859649122807015
0 0.5317484662576687 0.6543859649122807 0.005828220858895706 0.08771929824561403
0 0.6337423312883436 0.4473684210526316 0.004294478527607362 0.05964912280701754
0 0.5452453987730062 0.3350877192982456 0.003374233128834356 0.05263157894736842
0 0.653680981595092 0.3675438596491228 0.0036809815950920245 0.054385964912280704
0 0.5115030674846626 0.1956140350877193 0.0027607361963190185 0.05087719298245614
0 0.48634969325153377 0.4868421052631579 0.004601226993865031 0.07192982456140351