0 0.28865030674846626 0.33771929824561403 0.004294478527607362 0.054385964912280704
0 0.4874233128834356 0.49298245614035086 0.004294478527607362 0.06315789473684211
0 0.4799079754601227 0.35789473684210527 0.003374233128834356 0.056140350877192984
0 0.48374233128834354 0.27456140350877195 0.003067484662576687 0.05087719298245614
0 0.49263803680981594 0.19649122807017544 0.003067484662576687 0.042105263157894736
0 0.5437116564417178 0.32280701754385965 0.003987730061349694 0.056140350877192984
0 0.5291411042944786 0.2307017543859649 0.00245398773006135 0.03333333333333333
0 0.5822085889570552 0.4166666666666667 0.0036809815950920245 0.05789473684210526
0 0.6141104294478528 0.2956140350877193 0.003067484662576687 0.043859649122807015
0 0.6470858895705521 0.24035087719298245 0.0027607361963190185 0.031578947368421054
0 0.593558282208589 0.19649122807017544 0.00245398773006135 0.03508771929824561
0 0.536963190184049 0.34385964912280703 0.003374233128834356 0.05263157894736842
0 0.725 0.31842105263157894 0.003374233128834356 0.054385964912280704
0 0.7403374233128834 0.45087719298245615 0.004601226993865031 0.07017543859649122
0 0.6523006134969325 0.5877192982456141 0.005214723926380368 0.07719298245614035
0 0.6809815950920245 0.21052631578947367 0.003067484662576687 0.03859649122807018
0 0.5857361963190184 0.1692982456140351 0.003374233128834356 0.043859649122807015
0 0.5026073619631902 0.5394736842105263 0.004601226993865031 0.07543859649122807
0 0.5973926380368099 0.34035087719298246 0.003374233128834356 0.056140350877192984
0 0.5030674846625767 0.3043859649122807 0.003067484662576687 0.05087719298245614
0 0.6070552147239264 0.24385964912280703 0.0036809815950920245 0.042105263157894736
0 0.48588957055214727 0.17105263157894737 0.003067484662576687 0.043859649122807015
0 0.4799079754601227 0.34210526315789475 0.003374233128834356 0.06315789473684211