0 0.25199386503067484 0.37456140350877193 0.003374233128834356 0.05087719298245614
0 0.345398773006135 0.6921052631578948 0.006134969325153374 0.07543859649122807
0 0.39616564417177913 0.5096491228070176 0.004601226993865031 0.054385964912280704
0 0.4228527607361963 0.3912280701754386 0.003987730061349694 0.056140350877192984
0 0.453680981595092 0.28596491228070176 0.003067484662576687 0.04912280701754386
0 0.5352760736196319 0.5482456140350878 0.0049079754601227 0.07543859649122807
0 0.4699386503067485 0.4105263157894737 0.00245398773006135 0.056140350877192984
0 0.5033742331288343 0.643859649122807 0.005521472392638037 0.0912280701754386
0 0.6334355828220859 0.55 0.0049079754601227 0.07543859649122807
0 0.5486196319018405 0.3447368421052632 0.003374233128834356 0.05789473684210526
0 0.5412576687116565 0.2719298245614035 0.0027607361963190185 0.04912280701754386
0 0.46840490797546014 0.4763157894736842 0.0036809815950920245 0.07192982456140351
0 0.7383435582822085 0.35526315789473684 0.0036809815950920245 0.05789473684210526
0 0.6616564417177914 0.6140350877192983 0.005521472392638037 0.08421052631578947
0 0.5656441717791411 0.7131578947368421 0.006134969325153374 0.08596491228070176
0 0.6049079754601226 0.2929824561403509 0.003067484662576687 0.05263157894736842
0 0.519478527607362 0.18771929824561404 0.002147239263803681 0.03508771929824561
0 0.3342024539877301 0.7105263157894737 0.005828220858895706 0.09824561403508772
0 0.5621165644171779 0.5043859649122807 0.004601226993865031 0.07192982456140351
0 0.4789877300613497 0.3201754385964912 0.003374233128834356 0.05087719298245614
0 0.47392638036809814 0.42543859649122806 0.004294478527607362 0.054385964912280704
0 0.453680981595092 0.2 0.003067484662576687 0.042105263157894736
0 0.4142638036809816 0.49298245614035086 0.004601226993865031 0.06315789473684211