0 0.22653374233128834 0.32894736842105265 0.0027607361963190185 0.05087719298245614
0 0.2950920245398773 0.4631578947368421 0.004294478527607362 0.05964912280701754
0 0.3044478527607362 0.39035087719298245 0.003374233128834356 0.05087719298245614
0 0.3219325153374233 0.2894736842105263 0.003374233128834356 0.04912280701754386
0 0.34202453987730064 0.2043859649122807 0.00245398773006135 0.04035087719298246
0 0.3562883435582822 0.34912280701754383 0.003374233128834356 0.0456140350877193
0 0.3700920245398773 0.2894736842105263 0.003374233128834356 0.0456140350877193
0 0.4167177914110429 0.5605263157894737 0.005214723926380368 0.07543859649122807
0 0.524079754601227 0.4087719298245614 0.003987730061349694 0.06315789473684211
0 0.45429447852760735 0.35350877192982455 0.0036809815950920245 0.05789473684210526
0 0.3628834355828221 0.21403508771929824 0.00245398773006135 0.028070175438596492
0 0.38680981595092023 0.3850877192982456 0.004294478527607362 0.07192982456140351
0 0.6955521472392638 0.32280701754385965 0.003374233128834356 0.056140350877192984
0 0.533282208588957 0.4052631578947368 0.003987730061349694 0.06315789473684211
0 0.45766871165644174 0.543859649122807 0.0049079754601227 0.07368421052631578
0 0.5230061349693251 0.2710526315789474 0.003067484662576687 0.05087719298245614
0 0.47638036809815953 0.20789473684210527 0.00245398773006135 0.043859649122807015
0 0.3058282208588957 0.4649122807017544 0.0049079754601227 0.07368421052631578
0 0.399079754601227 0.3350877192982456 0.0036809815950920245 0.05964912280701754
0 0.3684049079754601 0.312280701754386 0.003067484662576687 0.0456140350877193
0 0.4705521472392638 0.29912280701754385 0.003067484662576687 0.04035087719298246
0 0.35 0.18596491228070175 0.0036809815950920245 0.04912280701754386
0 0.3013803680981595 0.4342105263157895 0.003374233128834356 0.06491228070175438