0 0.2523006134969325 0.36929824561403507 0.003374233128834356 0.05087719298245614
0 0.4088957055214724 0.5894736842105263 0.0049079754601227 0.08070175438596491
0 0.3969325153374233 0.6008771929824561 0.005521472392638037 0.0824561403508772
0 0.4072085889570552 0.42719298245614035 0.003987730061349694 0.06140350877192982
0 0.4217791411042945 0.30350877192982456 0.003067484662576687 0.05263157894736842
0 0.49493865030674844 0.5701754385964912 0.005214723926380368 0.07719298245614035
0 0.45659509202453985 0.5035087719298246 0.004601226993865031 0.06315789473684211
0 0.5041411042944786 0.6657894736842105 0.005828220858895706 0.07543859649122807
0 0.620398773006135 0.5947368421052631 0.005214723926380368 0.08070175438596491
0 0.5368098159509203 0.4728070175438597 0.004294478527607362 0.05789473684210526
0 0.48680981595092027 0.27017543859649124 0.003067484662576687 0.04912280701754386
0 0.45245398773006135 0.47543859649122805 0.0036809815950920245 0.056140350877192984
0 0.7187116564417177 0.3631578947368421 0.0036809815950920245 0.05964912280701754
0 0.6187116564417178 0.525438596491228 0.0049079754601227 0.07192982456140351
0 0.33911042944785275 0.6631578947368421 0.005828220858895706 0.08771929824561403
0 0.6164110429447853 0.32456140350877194 0.003374233128834356 0.056140350877192984
0 0.5357361963190184 0.2219298245614035 0.0027607361963190185 0.043859649122807015
0 0.4251533742331288 0.5412280701754386 0.0049079754601227 0.07543859649122807
0 0.5409509202453988 0.5771929824561404 0.005214723926380368 0.07719298245614035
0 0.46794478527607364 0.3482456140350877 0.003374233128834356 0.05087719298245614
0 0.5226993865030675 0.4368421052631579 0.004294478527607362 0.06666666666666667
0 0.4457055214723926 0.20087719298245615 0.004294478527607362 0.05789473684210526
0 0.4754601226993865 0.7254385964912281 0.006748466257668712 0.08596491228070176