0 0.20705521472392638 0.38596491228070173 0.0036809815950920245 0.056140350877192984
0 0.17929447852760735 0.8219298245614035 0.00705521472392638 0.08947368421052632
0 0.2331288343558282 0.5605263157894737 0.0049079754601227 0.054385964912280704
0 0.3357361963190184 0.38596491228070173 0.003374233128834356 0.06315789473684211
0 0.3602760736196319 0.3131578947368421 0.003374233128834356 0.054385964912280704
0 0.4334355828220859 0.606140350877193 0.005521472392638037 0.0824561403508772
0 0.4105828220858896 0.44035087719298244 0.004601226993865031 0.07368421052631578
0 0.4745398773006135 0.6508771929824562 0.004294478527607362 0.07719298245614035
0 0.5915644171779141 0.5885964912280702 0.005214723926380368 0.07894736842105263
0 0.5171779141104295 0.36140350877192984 0.0036809815950920245 0.05964912280701754
0 0.5067484662576687 0.27631578947368424 0.003067484662576687 0.043859649122807015
0 0.4059815950920245 0.4780701754385965 0.003987730061349694 0.07894736842105263
0 0.7036809815950921 0.35789473684210527 0.0036809815950920245 0.056140350877192984
0 0.5719325153374233 0.5736842105263158 0.005828220858895706 0.09473684210526316
0 0.47914110429447854 0.6929824561403509 0.006134969325153374 0.0912280701754386
0 0.5604294478527607 0.35526315789473684 0.0036809815950920245 0.05789473684210526
0 0.5200920245398774 0.23157894736842105 0.003987730061349694 0.03859649122807018
0 0.22254601226993864 0.7728070175438596 0.006441717791411043 0.09298245614035087
0 0.472239263803681 0.5640350877192982 0.005214723926380368 0.07192982456140351
0 0.3880368098159509 0.3824561403508772 0.0036809815950920245 0.056140350877192984
0 0.4263803680981595 0.4587719298245614 0.004294478527607362 0.06491228070175438
0 0.36671779141104294 0.2824561403508772 0.003374233128834356 0.0456140350877193
0 0.2940184049079755 0.5482456140350878 0.004601226993865031 0.06842105263157895