0 0.36625766871165644 0.3157894736842105 0.00245398773006135 0.056140350877192984
0 0.6220858895705521 0.46842105263157896 0.004294478527607362 0.06666666666666667
0 0.5406441717791411 0.3263157894736842 0.003374233128834356 0.04912280701754386
0 0.528680981595092 0.2614035087719298 0.0027607361963190185 0.0456140350877193
0 0.645398773006135 0.16228070175438597 0.003067484662576687 0.03684210526315789
0 0.5806748466257668 0.20087719298245615 0.00245398773006135 0.03333333333333333
0 0.6269938650306749 0.27982456140350875 0.003067484662576687 0.04736842105263158
0 0.7223926380368099 0.37543859649122807 0.0036809815950920245 0.05964912280701754
0 0.6746932515337424 0.3236842105263158 0.003374233128834356 0.054385964912280704
0 0.6713190184049079 0.22982456140350876 0.003374233128834356 0.0456140350877193
0 0.6317484662576687 0.17894736842105263 0.0027607361963190185 0.03859649122807018
0 0.6506134969325154 0.23157894736842105 0.0036809815950920245 0.05263157894736842
0 0.7708588957055215 0.3263157894736842 0.0036809815950920245 0.05964912280701754
0 0.7154907975460123 0.30701754385964913 0.005214723926380368 0.05964912280701754
0 0.7320552147239264 0.3649122807017544 0.003987730061349694 0.05263157894736842
0 0.6756134969325154 0.2307017543859649 0.003374233128834356 0.054385964912280704
0 0.6593558282208589 0.1763157894736842 0.0027607361963190185 0.04035087719298246
0 0.6989263803680982 0.4087719298245614 0.003987730061349694 0.05964912280701754
0 0.7004601226993865 0.30701754385964913 0.003374233128834356 0.04912280701754386
0 0.6141104294478528 0.21578947368421053 0.003067484662576687 0.0456140350877193
0 0.6607361963190184 0.2596491228070175 0.0036809815950920245 0.0456140350877193
0 0.6421779141104295 0.18157894736842106 0.003987730061349694 0.04736842105263158
0 0.5461656441717792 0.3254385964912281 0.003374233128834356 0.05789473684210526