0 0.275 0.34035087719298246 0.003987730061349694 0.056140350877192984
0 0.45015337423312884 0.49736842105263157 0.003987730061349694 0.06842105263157895
0 0.4610429447852761 0.3798245614035088 0.0036809815950920245 0.06140350877192982
0 0.46748466257668714 0.27631578947368424 0.003067484662576687 0.05087719298245614
0 0.4723926380368098 0.20350877192982456 0.00245398773006135 0.042105263157894736
0 0.49355828220858894 0.3298245614035088 0.003067484662576687 0.056140350877192984
0 0.5205521472392638 0.24473684210526317 0.003067484662576687 0.043859649122807015
0 0.47484662576687114 0.4570175438596491 0.004294478527607362 0.06842105263157895
0 0.5487730061349694 0.3868421052631579 0.0036809815950920245 0.06140350877192982
0 0.5334355828220859 0.3 0.00245398773006135 0.04912280701754386
0 0.5197852760736197 0.20087719298245615 0.0027607361963190185 0.043859649122807015
0 0.49263803680981594 0.393859649122807 0.0036809815950920245 0.06140350877192982
0 0.721319018404908 0.3201754385964912 0.003374233128834356 0.054385964912280704
0 0.6326687116564417 0.4087719298245614 0.003987730061349694 0.06315789473684211
0 0.5346625766871166 0.7149122807017544 0.006134969325153374 0.09298245614035087
0 0.6039877300613496 0.27280701754385966 0.003067484662576687 0.05087719298245614
0 0.5337423312883436 0.1631578947368421 0.00245398773006135 0.03508771929824561
0 0.4377300613496933 0.6114035087719298 0.005521472392638037 0.0824561403508772
0 0.5464723926380368 0.33596491228070174 0.0027607361963190185 0.06140350877192982
0 0.523159509202454 0.22280701754385965 0.003374233128834356 0.042105263157894736
0 0.48680981595092027 0.26666666666666666 0.003067484662576687 0.04912280701754386
0 0.46411042944785275 0.17017543859649123 0.0036809815950920245 0.04912280701754386
0 0.45 0.43157894736842106 0.004294478527607362 0.07719298245614035