0 0.2476993865030675 0.3473684210526316 0.003987730061349694 0.06315789473684211
0 0.37147239263803683 0.6043859649122807 0.005521472392638037 0.0824561403508772
0 0.38328220858895706 0.47543859649122805 0.004601226993865031 0.07017543859649122
0 0.40705521472392636 0.3254385964912281 0.0036809815950920245 0.054385964912280704
0 0.40782208588957053 0.24210526315789474 0.0027607361963190185 0.042105263157894736
0 0.4279141104294479 0.4394736842105263 0.004294478527607362 0.06140350877192982
0 0.45659509202453985 0.3131578947368421 0.003374233128834356 0.054385964912280704
0 0.48466257668711654 0.6201754385964913 0.005521472392638037 0.07894736842105263
0 0.555521472392638 0.43333333333333335 0.004294478527607362 0.06666666666666667
0 0.5105828220858896 0.41842105263157897 0.003987730061349694 0.06491228070175438
0 0.46180981595092024 0.2394736842105263 0.0027607361963190185 0.04035087719298246
0 0.4466257668711656 0.45526315789473687 0.004294478527607362 0.07192982456140351
0 0.7116564417177914 0.33771929824561403 0.003067484662576687 0.05087719298245614
0 0.5814417177914111 0.4885964912280702 0.004601226993865031 0.07192982456140351
0 0.5130368098159509 0.6491228070175439 0.005828220858895706 0.08771929824561403
0 0.5625766871165644 0.2982456140350877 0.003067484662576687 0.05263157894736842
0 0.526840490797546 0.23684210526315788 0.0027607361963190185 0.0456140350877193
0 0.35690184049079754 0.6631578947368421 0.005828220858895706 0.08771929824561403
0 0.4657975460122699 0.4087719298245614 0.003987730061349694 0.06315789473684211
0 0.46411042944785275 0.306140350877193 0.003067484662576687 0.043859649122807015
0 0.5421779141104295 0.40614035087719297 0.004601226993865031 0.07192982456140351
0 0.4303680981595092 0.1763157894736842 0.0036809815950920245 0.043859649122807015
0 0.3745398773006135 0.5561403508771929 0.0049079754601227 0.07719298245614035