0 0.2570552147239264 0.3394736842105263 0.003067484662576687 0.054385964912280704
0 0.40659509202453986 0.512280701754386 0.004601226993865031 0.07017543859649122
0 0.42914110429447855 0.3701754385964912 0.0036809815950920245 0.05964912280701754
0 0.427760736196319 0.29473684210526313 0.003374233128834356 0.05964912280701754
0 0.44631901840490795 0.19210526315789472 0.00245398773006135 0.02982456140350877
0 0.4854294478527607 0.4114035087719298 0.003987730061349694 0.05087719298245614
0 0.4808282208588957 0.26666666666666666 0.0027607361963190185 0.03859649122807018
0 0.48987730061349694 0.49912280701754386 0.004294478527607362 0.07192982456140351
0 0.5122699386503068 0.356140350877193 0.0036809815950920245 0.05263157894736842
0 0.530521472392638 0.2596491228070175 0.0027607361963190185 0.04912280701754386
0 0.4843558282208589 0.21929824561403508 0.00245398773006135 0.03859649122807018
0 0.4733128834355828 0.43333333333333335 0.0036809815950920245 0.06666666666666667
0 0.7004601226993865 0.3219298245614035 0.003374233128834356 0.05087719298245614
0 0.5952453987730061 0.4166666666666667 0.003987730061349694 0.06491228070175438
0 0.5383435582822086 0.7315789473684211 0.006134969325153374 0.09473684210526316
0 0.572239263803681 0.2543859649122807 0.0027607361963190185 0.04912280701754386
0 0.5134969325153375 0.1692982456140351 0.00245398773006135 0.03333333333333333
0 0.3987730061349693 0.624561403508772 0.005521472392638037 0.08421052631578947
0 0.49938650306748467 0.42894736842105263 0.0036809815950920245 0.06491228070175438
0 0.49892638036809817 0.2482456140350877 0.0027607361963190185 0.04736842105263158
0 0.49923312883435583 0.31666666666666665 0.003374233128834356 0.054385964912280704
0 0.451840490797546 0.1763157894736842 0.0036809815950920245 0.043859649122807015
0 0.4306748466257669 0.3 0.003067484662576687 0.04912280701754386