0 0.24662576687116564 0.38421052631578945 0.003067484662576687 0.04912280701754386
0 0.3871165644171779 0.5605263157894737 0.0049079754601227 0.04736842105263158
0 0.3834355828220859 0.6929824561403509 0.006134969325153374 0.0912280701754386
0 0.3969325153374233 0.443859649122807 0.004294478527607362 0.06666666666666667
0 0.42438650306748466 0.31666666666666665 0.003374233128834356 0.054385964912280704
0 0.48588957055214727 0.6210526315789474 0.005521472392638037 0.07017543859649122
0 0.4438650306748466 0.5473684210526316 0.0049079754601227 0.06315789473684211
0 0.4584355828220859 0.7342105263157894 0.006441717791411043 0.08596491228070176
0 0.6708588957055215 0.6166666666666667 0.005521472392638037 0.07894736842105263
0 0.5565950920245398 0.4236842105263158 0.003987730061349694 0.06140350877192982
0 0.5154907975460122 0.26052631578947366 0.0027607361963190185 0.04035087719298246
0 0.4662576687116564 0.4614035087719298 0.004294478527607362 0.06666666666666667
0 0.7263803680981595 0.36140350877192984 0.0036809815950920245 0.05964912280701754
0 0.6473926380368098 0.5464912280701755 0.003987730061349694 0.07543859649122807
0 0.39033742331288346 0.6570175438596492 0.006441717791411043 0.08947368421052632
0 0.6200920245398773 0.32456140350877194 0.003374233128834356 0.05263157894736842
0 0.5542944785276074 0.22456140350877193 0.00245398773006135 0.03508771929824561
0 0.4354294478527607 0.5412280701754386 0.004601226993865031 0.07543859649122807
0 0.5604294478527607 0.5587719298245614 0.0049079754601227 0.06140350877192982
0 0.4601226993865031 0.356140350877193 0.0036809815950920245 0.056140350877192984
0 0.5380368098159509 0.4675438596491228 0.004294478527607362 0.06842105263157895
0 0.4513803680981595 0.2149122807017544 0.0027607361963190185 0.04736842105263158
0 0.47116564417177914 0.743859649122807 0.006134969325153374 0.08771929824561403