0 0.29432515337423315 0.32280701754385965 0.003374233128834356 0.07368421052631578
0 0.49355828220858894 0.6578947368421053 0.005521472392638037 0.08771929824561403
0 0.44493865030674845 0.4219298245614035 0.003987730061349694 0.06491228070175438
0 0.4687116564417178 0.21929824561403508 0.00245398773006135 0.0456140350877193
0 0.5217791411042945 0.1675438596491228 0.0036809815950920245 0.04035087719298246
0 0.49923312883435583 0.25 0.0027607361963190185 0.04736842105263158
0 0.5207055214723927 0.42719298245614035 0.003987730061349694 0.06491228070175438
0 0.6352760736196319 0.5403508771929825 0.0049079754601227 0.07017543859649122
0 0.6107361963190184 0.37894736842105264 0.0036809815950920245 0.056140350877192984
0 0.5940184049079754 0.3043859649122807 0.003374233128834356 0.06140350877192982
0 0.5484662576687117 0.2833333333333333 0.003067484662576687 0.043859649122807015
0 0.5388036809815951 0.25701754385964914 0.003374233128834356 0.05087719298245614
0 0.7443251533742331 0.3236842105263158 0.003374233128834356 0.054385964912280704
0 0.6383435582822086 0.37543859649122807 0.0036809815950920245 0.05964912280701754
0 0.6377300613496932 0.4675438596491228 0.0049079754601227 0.07192982456140351
0 0.6251533742331289 0.29210526315789476 0.0036809815950920245 0.054385964912280704
0 0.5650306748466257 0.19649122807017544 0.00245398773006135 0.042105263157894736
0 0.5677914110429448 0.5394736842105263 0.0049079754601227 0.07543859649122807
0 0.5837423312883435 0.3649122807017544 0.0036809815950920245 0.05964912280701754
0 0.5398773006134969 0.29035087719298247 0.003067484662576687 0.05087719298245614
0 0.5881901840490797 0.27017543859649124 0.003987730061349694 0.056140350877192984
0 0.5219325153374234 0.22456140350877193 0.004601226993865031 0.056140350877192984
0 0.49079754601226994 0.4114035087719298 0.004294478527607362 0.06842105263157895