0 0.249079754601227 0.3482456140350877 0.004294478527607362 0.06140350877192982
0 0.37668711656441717 0.6228070175438597 0.005521472392638037 0.08421052631578947
0 0.3857361963190184 0.4956140350877193 0.004601226993865031 0.07192982456140351
0 0.4093558282208589 0.33771929824561403 0.003987730061349694 0.05789473684210526
0 0.4130368098159509 0.2535087719298246 0.0027607361963190185 0.04736842105263158
0 0.4322085889570552 0.4587719298245614 0.004294478527607362 0.06842105263157895
0 0.4562883435582822 0.3263157894736842 0.003374233128834356 0.04912280701754386
0 0.48849693251533743 0.6236842105263158 0.005214723926380368 0.07894736842105263
0 0.55920245398773 0.44035087719298244 0.004294478527607362 0.06666666666666667
0 0.5151840490797546 0.42543859649122806 0.003987730061349694 0.06491228070175438
0 0.4700920245398773 0.23596491228070177 0.0027607361963190185 0.03684210526315789
0 0.449079754601227 0.46578947368421053 0.004294478527607362 0.07192982456140351
0 0.713036809815951 0.3394736842105263 0.0027607361963190185 0.04736842105263158
0 0.5866564417177914 0.5043859649122807 0.004601226993865031 0.07192982456140351
0 0.521319018404908 0.6605263157894737 0.005828220858895706 0.08596491228070176
0 0.56579754601227 0.30526315789473685 0.003374233128834356 0.05263157894736842
0 0.530521472392638 0.24385964912280703 0.0027607361963190185 0.0456140350877193
0 0.3598159509202454 0.6947368421052632 0.006134969325153374 0.0912280701754386
0 0.4737730061349693 0.41842105263157897 0.003987730061349694 0.05789473684210526
0 0.46549079754601225 0.31491228070175437 0.003374233128834356 0.054385964912280704
0 0.5470858895705522 0.41578947368421054 0.004601226993865031 0.07017543859649122
0 0.4378834355828221 0.1763157894736842 0.003374233128834356 0.043859649122807015
0 0.37699386503067484 0.5684210526315789 0.005521472392638037 0.08421052631578947