0 0.2843558282208589 0.36403508771929827 0.0036809815950920245 0.05087719298245614
0 0.4803680981595092 0.6236842105263158 0.005521472392638037 0.0824561403508772
0 0.4673312883435583 0.4359649122807018 0.003374233128834356 0.07192982456140351
0 0.48328220858895704 0.34035087719298246 0.003374233128834356 0.056140350877192984
0 0.49401840490797544 0.22982456140350876 0.0027607361963190185 0.042105263157894736
0 0.5611963190184049 0.4421052631578947 0.003987730061349694 0.05964912280701754
0 0.5340490797546013 0.32280701754385965 0.003067484662576687 0.04912280701754386
0 0.6127300613496932 0.5719298245614035 0.005214723926380368 0.05263157894736842
0 0.6556748466257669 0.4298245614035088 0.003987730061349694 0.05263157894736842
0 0.6469325153374234 0.31666666666666665 0.003067484662576687 0.054385964912280704
0 0.573159509202454 0.23421052631578948 0.0027607361963190185 0.043859649122807015
0 0.5354294478527607 0.4280701754385965 0.003374233128834356 0.056140350877192984
0 0.7567484662576687 0.36666666666666664 0.0036809815950920245 0.05263157894736842
0 0.754601226993865 0.5403508771929825 0.0049079754601227 0.07017543859649122
0 0.6771472392638037 0.7570175438596491 0.006441717791411043 0.09649122807017543
0 0.675920245398773 0.2412280701754386 0.0027607361963190185 0.04736842105263158
0 0.563957055214724 0.1780701754385965 0.0027607361963190185 0.043859649122807015
0 0.48113496932515337 0.7026315789473684 0.006441717791411043 0.09649122807017543
0 0.6049079754601226 0.47017543859649125 0.004294478527607362 0.07017543859649122
0 0.5056748466257669 0.33771929824561403 0.003374233128834356 0.054385964912280704
0 0.6210122699386503 0.3368421052631579 0.003374233128834356 0.056140350877192984
0 0.495398773006135 0.17982456140350878 0.003067484662576687 0.043859649122807015
0 0.4710122699386503 0.4236842105263158 0.003987730061349694 0.06140350877192982