0 0.22131901840490797 0.3912280701754386 0.003374233128834356 0.06315789473684211
0 0.25736196319018406 0.7719298245614035 0.006748466257668712 0.09824561403508772
0 0.24631901840490797 0.618421052631579 0.005521472392638037 0.0824561403508772
0 0.3398773006134969 0.46228070175438596 0.004294478527607362 0.06842105263157895
0 0.36625766871165644 0.3587719298245614 0.0036809815950920245 0.05789473684210526
0 0.3044478527607362 0.6464912280701754 0.005828220858895706 0.08596491228070176
0 0.3763803680981595 0.5517543859649123 0.0049079754601227 0.07543859649122807
0 0.40061349693251536 0.6807017543859649 0.006134969325153374 0.09473684210526316
0 0.4553680981595092 0.7175438596491228 0.005828220858895706 0.08771929824561403
0 0.475 0.42894736842105263 0.003987730061349694 0.06491228070175438
0 0.49662576687116566 0.34649122807017546 0.0036809815950920245 0.05789473684210526
0 0.4311349693251534 0.4824561403508772 0.005214723926380368 0.08070175438596491
0 0.7052147239263804 0.37719298245614036 0.0036809815950920245 0.056140350877192984
0 0.5084355828220859 0.6543859649122807 0.005828220858895706 0.08771929824561403
0 0.45337423312883435 0.7017543859649122 0.006134969325153374 0.0912280701754386
0 0.5256134969325154 0.4842105263157895 0.004601226993865031 0.07017543859649122
0 0.5039877300613497 0.3447368421052632 0.003067484662576687 0.054385964912280704
0 0.3895705521472393 0.7157894736842105 0.006134969325153374 0.0912280701754386
0 0.32039877300613495 0.6482456140350877 0.005214723926380368 0.09298245614035087
0 0.36012269938650304 0.4824561403508772 0.004294478527607362 0.06666666666666667
0 0.4032208588957055 0.5666666666666667 0.005214723926380368 0.07368421052631578
0 0.38144171779141106 0.3798245614035088 0.003374233128834356 0.06140350877192982
0 0.2647239263803681 0.6166666666666667 0.005521472392638037 0.07894736842105263