0 0.2446319018404908 0.36578947368421055 0.003374233128834356 0.06140350877192982
0 0.35276073619631904 0.6324561403508772 0.005521472392638037 0.0824561403508772
0 0.39923312883435585 0.5140350877192983 0.003987730061349694 0.07368421052631578
0 0.39355828220858896 0.44035087719298244 0.004294478527607362 0.05263157894736842
0 0.4098159509202454 0.3087719298245614 0.003067484662576687 0.03508771929824561
0 0.43236196319018405 0.4105263157894737 0.003987730061349694 0.04912280701754386
0 0.43374233128834355 0.5850877192982457 0.0049079754601227 0.07543859649122807
0 0.4148773006134969 0.6719298245614035 0.005828220858895706 0.08421052631578947
0 0.5242331288343558 0.5491228070175439 0.0049079754601227 0.07719298245614035
0 0.5021472392638037 0.3868421052631579 0.0036809815950920245 0.06140350877192982
0 0.4437116564417178 0.24736842105263157 0.0027607361963190185 0.03859649122807018
0 0.41088957055214725 0.49912280701754386 0.003987730061349694 0.07192982456140351
0 0.7072085889570552 0.34385964912280703 0.003374233128834356 0.05263157894736842
0 0.5751533742331288 0.6157894736842106 0.005521472392638037 0.08421052631578947
0 0.3843558282208589 0.7780701754385965 0.006748466257668712 0.09649122807017543
0 0.5690184049079755 0.34649122807017546 0.0036809815950920245 0.05789473684210526
0 0.5047546012269939 0.23596491228070177 0.0027607361963190185 0.043859649122807015
0 0.3960122699386503 0.718421052631579 0.006134969325153374 0.0824561403508772
0 0.4615030674846626 0.5771929824561404 0.005214723926380368 0.07368421052631578
0 0.40690184049079753 0.5570175438596491 0.004601226993865031 0.06842105263157895
0 0.4789877300613497 0.41403508771929826 0.003987730061349694 0.06315789473684211
0 0.4256134969325153 0.2578947368421053 0.0027607361963190185 0.04912280701754386
0 0.3693251533742331 0.525438596491228 0.0049079754601227 0.08596491228070176