0 0.27392638036809813 0.3912280701754386 0.005521472392638037 0.06315789473684211
0 0.6131901840490798 0.7070175438596491 0.006134969325153374 0.08771929824561403
0 0.47822085889570554 0.5736842105263158 0.0049079754601227 0.06666666666666667
0 0.49233128834355827 0.3736842105263158 0.0036809815950920245 0.05964912280701754
0 0.5107361963190185 0.22543859649122808 0.00245398773006135 0.043859649122807015
0 0.5618098159509203 0.5692982456140351 0.003987730061349694 0.07894736842105263
0 0.5700920245398773 0.4131578947368421 0.003987730061349694 0.06140350877192982
0 0.7280674846625766 0.5701754385964912 0.005214723926380368 0.07719298245614035
0 0.7849693251533743 0.7824561403508772 0.006748466257668712 0.09473684210526316
0 0.6193251533742331 0.3868421052631579 0.0036809815950920245 0.06140350877192982
0 0.6156441717791411 0.2719298245614035 0.003067484662576687 0.0456140350877193
0 0.600920245398773 0.37719298245614036 0.0036809815950920245 0.056140350877192984
0 0.7748466257668711 0.3719298245614035 0.0036809815950920245 0.05964912280701754
0 0.7774539877300614 0.5745614035087719 0.005214723926380368 0.07894736842105263
0 0.8162576687116564 0.8105263157894737 0.006134969325153374 0.08070175438596491
0 0.7108895705521472 0.4192982456140351 0.003987730061349694 0.05964912280701754
0 0.649079754601227 0.2929824561403509 0.003067484662576687 0.05263157894736842
0 0.6237730061349693 0.7315789473684211 0.006441717791411043 0.09473684210526316
0 0.6808282208588957 0.6 0.005214723926380368 0.08070175438596491
0 0.5621165644171779 0.5307017543859649 0.005214723926380368 0.07192982456140351
0 0.6570552147239264 0.46228070175438596 0.004294478527607362 0.06842105263157895
0 0.5773006134969325 0.26666666666666666 0.003067484662576687 0.042105263157894736
0 0.5038343558282209 0.5877192982456141 0.005214723926380368 0.08070175438596491