0 0.3056748466257669 0.3078947368421053 0.0027607361963190185 0.05087719298245614
0 0.5349693251533743 0.6263157894736842 0.005521472392638037 0.08421052631578947
0 0.4826687116564417 0.39824561403508774 0.003987730061349694 0.06315789473684211
0 0.4869631901840491 0.23157894736842105 0.0027607361963190185 0.0456140350877193
0 0.563036809815951 0.16666666666666666 0.003374233128834356 0.042105263157894736
0 0.5174846625766871 0.21929824561403508 0.00245398773006135 0.0456140350877193
0 0.5216257668711657 0.31842105263157894 0.003374233128834356 0.05087719298245614
0 0.6616564417177914 0.4842105263157895 0.004294478527607362 0.07017543859649122
0 0.6274539877300613 0.26052631578947366 0.003374233128834356 0.05087719298245614
0 0.6058282208588958 0.29473684210526313 0.0036809815950920245 0.04912280701754386
0 0.5409509202453988 0.21403508771929824 0.0027607361963190185 0.0456140350877193
0 0.5624233128834356 0.2394736842105263 0.003374233128834356 0.05087719298245614
0 0.7449386503067484 0.31842105263157894 0.003374233128834356 0.054385964912280704
0 0.6430981595092025 0.3447368421052632 0.003374233128834356 0.05789473684210526
0 0.6631901840490797 0.437719298245614 0.0049079754601227 0.07543859649122807
0 0.6328220858895706 0.26666666666666666 0.0036809815950920245 0.05964912280701754
0 0.5860429447852761 0.19035087719298247 0.003374233128834356 0.043859649122807015
0 0.6038343558282209 0.493859649122807 0.004601226993865031 0.07192982456140351
0 0.6013803680981595 0.33157894736842103 0.003374233128834356 0.056140350877192984
0 0.561042944785276 0.27456140350877195 0.003067484662576687 0.05087719298245614
0 0.5884969325153374 0.2578947368421053 0.003987730061349694 0.056140350877192984
0 0.5523006134969325 0.20701754385964913 0.003987730061349694 0.042105263157894736
0 0.5193251533742331 0.36666666666666664 0.0036809815950920245 0.056140350877192984