0 0.3107361963190184 0.3394736842105263 0.0036809815950920245 0.054385964912280704
0 0.7306748466257669 0.6271929824561403 0.005521472392638037 0.05789473684210526
0 0.47837423312883437 0.4201754385964912 0.003987730061349694 0.06491228070175438
0 0.48757668711656443 0.25 0.0027607361963190185 0.04736842105263158
0 0.5381901840490797 0.1850877192982456 0.0027607361963190185 0.04035087719298246
0 0.5173312883435582 0.40350877192982454 0.003987730061349694 0.06315789473684211
0 0.5848159509202454 0.26228070175438595 0.0027607361963190185 0.02982456140350877
0 0.564877300613497 0.5096491228070176 0.004601226993865031 0.06491228070175438
0 0.6607361963190184 0.3526315789473684 0.0036809815950920245 0.0456140350877193
0 0.5516871165644172 0.36666666666666664 0.003374233128834356 0.05263157894736842
0 0.6168711656441718 0.21052631578947367 0.00245398773006135 0.028070175438596492
0 0.5569018404907975 0.2754385964912281 0.004601226993865031 0.04912280701754386
0 0.7760736196319018 0.35175438596491226 0.0036809815950920245 0.04736842105263158
0 0.6780674846625767 0.4087719298245614 0.003987730061349694 0.05964912280701754
0 0.5998466257668712 0.4850877192982456 0.004601226993865031 0.06140350877192982
0 0.6503067484662577 0.3219298245614035 0.006134969325153374 0.07192982456140351
0 0.6226993865030674 0.2517543859649123 0.0036809815950920245 0.03333333333333333
0 0.6904907975460123 0.5421052631578948 0.0049079754601227 0.0456140350877193
0 0.5552147239263804 0.3929824561403509 0.0036809815950920245 0.056140350877192984
0 0.5687116564417178 0.28771929824561404 0.003067484662576687 0.042105263157894736
0 0.6093558282208589 0.3333333333333333 0.003374233128834356 0.05263157894736842
0 0.55920245398773 0.18947368421052632 0.003067484662576687 0.03859649122807018
0 0.5023006134969326 0.3131578947368421 0.003374233128834356 0.054385964912280704