0 0.32131901840490795 0.3280701754385965 0.003374233128834356 0.056140350877192984
0 0.6911042944785276 0.6289473684210526 0.006134969325153374 0.0824561403508772
0 0.4855828220858896 0.3684210526315789 0.0036809815950920245 0.05964912280701754
0 0.4829754601226994 0.29385964912280704 0.0027607361963190185 0.043859649122807015
0 0.5423312883435583 0.18947368421052632 0.00245398773006135 0.042105263157894736
0 0.5595092024539877 0.35350877192982455 0.0036809815950920245 0.05789473684210526
0 0.5952453987730061 0.26228070175438595 0.0027607361963190185 0.043859649122807015
0 0.5053680981595092 0.4780701754385965 0.004601226993865031 0.06842105263157895
0 0.6739263803680982 0.37105263157894736 0.004294478527607362 0.06140350877192982
0 0.6763803680981595 0.35175438596491226 0.0036809815950920245 0.06140350877192982
0 0.6504601226993865 0.24210526315789474 0.0027607361963190185 0.0456140350877193
0 0.6072085889570552 0.4087719298245614 0.003987730061349694 0.06666666666666667
0 0.7187116564417177 0.30350877192982456 0.0036809815950920245 0.0456140350877193
0 0.719478527607362 0.4052631578947368 0.003987730061349694 0.06315789473684211
0 0.6769938650306748 0.5675438596491228 0.0049079754601227 0.05087719298245614
0 0.6791411042944785 0.2631578947368421 0.003067484662576687 0.0456140350877193
0 0.6857361963190184 0.2807017543859649 0.004601226993865031 0.05263157894736842
0 0.6826687116564417 0.6385964912280702 0.005214723926380368 0.08070175438596491
0 0.6315950920245399 0.3780701754385965 0.0036809815950920245 0.06140350877192982
0 0.5773006134969325 0.2964912280701754 0.003067484662576687 0.0456140350877193
0 0.6042944785276073 0.24561403508771928 0.0036809815950920245 0.04912280701754386
0 0.5677914110429448 0.16140350877192983 0.003067484662576687 0.042105263157894736
0 0.47684049079754603 0.31842105263157894 0.0027607361963190185 0.054385964912280704