0 0.2647239263803681 0.3017543859649123 0.004294478527607362 0.06666666666666667
0 0.4634969325153374 0.6385964912280702 0.005521472392638037 0.07368421052631578
0 0.4050613496932515 0.3956140350877193 0.003987730061349694 0.05087719298245614
0 0.4087423312883436 0.22280701754385965 0.0027607361963190185 0.0456140350877193
0 0.45383435582822085 0.1824561403508772 0.002147239263803681 0.028070175438596492
0 0.4602760736196319 0.3140350877192982 0.003374233128834356 0.056140350877192984
0 0.4771472392638037 0.24561403508771928 0.0027607361963190185 0.042105263157894736
0 0.592638036809816 0.46578947368421053 0.004294478527607362 0.06842105263157895
0 0.5719325153374233 0.3078947368421053 0.003987730061349694 0.054385964912280704
0 0.5604294478527607 0.27807017543859647 0.003067484662576687 0.05087719298245614
0 0.48911042944785277 0.16052631578947368 0.0027607361963190185 0.04035087719298246
0 0.5325153374233129 0.2482456140350877 0.0036809815950920245 0.04736842105263158
0 0.7329754601226994 0.3219298245614035 0.003374233128834356 0.054385964912280704
0 0.5930981595092024 0.3236842105263158 0.003374233128834356 0.054385964912280704
0 0.6139570552147239 0.42894736842105263 0.003987730061349694 0.06140350877192982
0 0.5855828220858895 0.26842105263157895 0.003067484662576687 0.04912280701754386
0 0.5705521472392638 0.2149122807017544 0.00245398773006135 0.043859649122807015
0 0.5352760736196319 0.4535087719298246 0.004294478527607362 0.06842105263157895
0 0.5535276073619632 0.30526315789473685 0.003374233128834356 0.05263157894736842
0 0.49401840490797544 0.2596491228070175 0.0027607361963190185 0.04912280701754386
0 0.536042944785276 0.24298245614035088 0.0027607361963190185 0.04736842105263158
0 0.4911042944785276 0.1736842105263158 0.0036809815950920245 0.042105263157894736
0 0.45613496932515335 0.3 0.003067484662576687 0.05263157894736842