0 0.34156441717791414 0.3368421052631579 0.003374233128834356 0.056140350877192984
0 0.8361963190184049 0.7035087719298245 0.008588957055214725 0.10877192982456141
0 0.49846625766871167 0.3868421052631579 0.0036809815950920245 0.06140350877192982
0 0.4888036809815951 0.3043859649122807 0.0027607361963190185 0.04736842105263158
0 0.5653374233128834 0.2026315789473684 0.004294478527607362 0.054385964912280704
0 0.5631901840490797 0.3482456140350877 0.0036809815950920245 0.05789473684210526
0 0.6282208588957056 0.2736842105263158 0.003067484662576687 0.042105263157894736
0 0.5717791411042945 0.48596491228070177 0.004294478527607362 0.06666666666666667
0 0.7414110429447853 0.39824561403508774 0.0049079754601227 0.06315789473684211
0 0.7361963190184049 0.3719298245614035 0.004294478527607362 0.056140350877192984
0 0.6803680981595092 0.2675438596491228 0.003067484662576687 0.04736842105263158
0 0.648159509202454 0.3684210526315789 0.0036809815950920245 0.06315789473684211
0 0.7087423312883435 0.27456140350877195 0.004601226993865031 0.054385964912280704
0 0.7273006134969325 0.37105263157894736 0.005521472392638037 0.06842105263157895
0 0.7058282208588957 0.5412280701754386 0.0049079754601227 0.07192982456140351
0 0.6923312883435583 0.25701754385964914 0.003067484662576687 0.05087719298245614
0 0.7184049079754601 0.2982456140350877 0.004294478527607362 0.05964912280701754
0 0.7975460122699386 0.6394736842105263 0.005521472392638037 0.07543859649122807
0 0.6760736196319018 0.37105263157894736 0.0036809815950920245 0.05789473684210526
0 0.6038343558282209 0.3131578947368421 0.003374233128834356 0.054385964912280704
0 0.6443251533742331 0.25263157894736843 0.003374233128834356 0.04912280701754386
0 0.5934049079754601 0.16140350877192983 0.0027607361963190185 0.042105263157894736
0 0.48803680981595093 0.3368421052631579 0.0036809815950920245 0.05263157894736842