0 0.3619631901840491 0.31491228070175437 0.00245398773006135 0.054385964912280704
0 0.6223926380368098 0.4763157894736842 0.004294478527607362 0.06842105263157895
0 0.5401840490797546 0.3333333333333333 0.0036809815950920245 0.056140350877192984
0 0.5283742331288344 0.24912280701754386 0.002147239263803681 0.014035087719298246
0 0.6319018404907976 0.16403508771929826 0.003067484662576687 0.03684210526315789
0 0.5684049079754602 0.2026315789473684 0.00245398773006135 0.043859649122807015
0 0.6173312883435583 0.2578947368421053 0.0027607361963190185 0.03859649122807018
0 0.7156441717791411 0.387719298245614 0.0036809815950920245 0.05964912280701754
0 0.675 0.33157894736842103 0.003374233128834356 0.056140350877192984
0 0.6621165644171779 0.2307017543859649 0.0027607361963190185 0.04035087719298246
0 0.61579754601227 0.18333333333333332 0.003374233128834356 0.04035087719298246
0 0.6411042944785276 0.23596491228070177 0.0036809815950920245 0.04736842105263158
0 0.7659509202453988 0.3236842105263158 0.004294478527607362 0.06491228070175438
0 0.7039877300613497 0.306140350877193 0.0049079754601227 0.054385964912280704
0 0.7216257668711656 0.37280701754385964 0.003987730061349694 0.054385964912280704
0 0.6641104294478528 0.22982456140350876 0.003067484662576687 0.0456140350877193
0 0.6486196319018405 0.18070175438596492 0.003374233128834356 0.03859649122807018
0 0.6903374233128834 0.41403508771929826 0.003987730061349694 0.056140350877192984
0 0.6849693251533743 0.3078947368421053 0.004294478527607362 0.04736842105263158
0 0.6013803680981595 0.21403508771929824 0.003374233128834356 0.05263157894736842
0 0.6449386503067485 0.2578947368421053 0.003987730061349694 0.05263157894736842
0 0.6248466257668711 0.18157894736842106 0.003067484662576687 0.03684210526315789
0 0.5434049079754601 0.31666666666666665 0.003374233128834356 0.05789473684210526