0 0.25736196319018406 0.37894736842105264 0.003067484662576687 0.05263157894736842
0 0.43098159509202455 0.5614035087719298 0.0049079754601227 0.056140350877192984
0 0.4302147239263804 0.6868421052631579 0.005828220858895706 0.054385964912280704
0 0.426840490797546 0.41578947368421054 0.003987730061349694 0.06315789473684211
0 0.4512269938650307 0.2885964912280702 0.003067484662576687 0.05087719298245614
0 0.5503067484662577 0.6236842105263158 0.005521472392638037 0.0824561403508772
0 0.49141104294478527 0.45964912280701753 0.004294478527607362 0.04912280701754386
0 0.5211656441717791 0.7157894736842105 0.006134969325153374 0.08421052631578947
0 0.6984662576687116 0.6096491228070176 0.005521472392638037 0.0824561403508772
0 0.5835889570552147 0.4236842105263158 0.003987730061349694 0.06140350877192982
0 0.5467791411042945 0.26666666666666666 0.0027607361963190185 0.03508771929824561
0 0.506441717791411 0.4473684210526316 0.0036809815950920245 0.056140350877192984
0 0.7404907975460123 0.36140350877192984 0.0036809815950920245 0.056140350877192984
0 0.693558282208589 0.5666666666666667 0.004294478527607362 0.07719298245614035
0 0.4943251533742331 0.6964912280701754 0.005828220858895706 0.08421052631578947
0 0.6421779141104295 0.30964912280701756 0.003374233128834356 0.054385964912280704
0 0.5714723926380368 0.21403508771929824 0.00245398773006135 0.042105263157894736
0 0.4475460122699387 0.5210526315789473 0.0049079754601227 0.06315789473684211
0 0.6130368098159509 0.5719298245614035 0.005214723926380368 0.056140350877192984
0 0.4794478527607362 0.362280701754386 0.0036809815950920245 0.04736842105263158
0 0.5693251533742332 0.4587719298245614 0.004294478527607362 0.06140350877192982
0 0.47254601226993864 0.20877192982456141 0.0027607361963190185 0.042105263157894736
0 0.4799079754601227 0.7657894736842106 0.005828220858895706 0.07894736842105263