0 0.24233128834355827 0.37456140350877193 0.0036809815950920245 0.054385964912280704
0 0.3044478527607362 0.6947368421052632 0.004601226993865031 0.07719298245614035
0 0.37193251533742333 0.5166666666666667 0.004601226993865031 0.05087719298245614
0 0.40644171779141103 0.39035087719298245 0.0036809815950920245 0.05087719298245614
0 0.4423312883435583 0.2912280701754386 0.003067484662576687 0.04912280701754386
0 0.525 0.5578947368421052 0.005214723926380368 0.07719298245614035
0 0.45858895705521474 0.41228070175438597 0.00245398773006135 0.05263157894736842
0 0.49371165644171777 0.6447368421052632 0.003987730061349694 0.08947368421052632
0 0.6299079754601227 0.5578947368421052 0.004601226993865031 0.07719298245614035
0 0.5472392638036809 0.34649122807017546 0.0036809815950920245 0.05789473684210526
0 0.5361963190184049 0.27017543859649124 0.003067484662576687 0.0456140350877193
0 0.45153374233128835 0.47543859649122805 0.0036809815950920245 0.07368421052631578
0 0.7328220858895705 0.3587719298245614 0.0036809815950920245 0.05789473684210526
0 0.648159509202454 0.6026315789473684 0.005521472392638037 0.07543859649122807
0 0.550920245398773 0.7 0.006134969325153374 0.07017543859649122
0 0.5984662576687116 0.3 0.003067484662576687 0.0456140350877193
0 0.5202453987730061 0.19210526315789472 0.00245398773006135 0.03684210526315789
0 0.2950920245398773 0.7149122807017544 0.005521472392638037 0.08947368421052632
0 0.5544478527607362 0.49736842105263157 0.004601226993865031 0.07192982456140351
0 0.46763803680981597 0.3219298245614035 0.003374233128834356 0.03684210526315789
0 0.4633435582822086 0.43157894736842106 0.003987730061349694 0.05263157894736842
0 0.44217791411042945 0.20877192982456141 0.003374233128834356 0.042105263157894736
0 0.39478527607361963 0.5035087719298246 0.0049079754601227 0.07017543859649122