0 0.2892638036809816 0.3385964912280702 0.003067484662576687 0.07017543859649122
0 0.46702453987730064 0.6815789473684211 0.005214723926380368 0.08947368421052632
0 0.4246932515337423 0.4368421052631579 0.003987730061349694 0.06666666666666667
0 0.4575153374233129 0.23684210526315788 0.0027607361963190185 0.0456140350877193
0 0.5246932515337424 0.17456140350877192 0.003374233128834356 0.03684210526315789
0 0.4736196319018405 0.2894736842105263 0.003067484662576687 0.031578947368421054
0 0.5079754601226993 0.45789473684210524 0.004294478527607362 0.06666666666666667
0 0.6078220858895705 0.5219298245614035 0.004601226993865031 0.06842105263157895
0 0.6016871165644172 0.42894736842105263 0.003987730061349694 0.06491228070175438
0 0.5796012269938651 0.3201754385964912 0.003374233128834356 0.05789473684210526
0 0.5119631901840491 0.3456140350877193 0.004294478527607362 0.05964912280701754
0 0.5361963190184049 0.27807017543859647 0.003067484662576687 0.05087719298245614
0 0.7323619631901841 0.3350877192982456 0.003374233128834356 0.056140350877192984
0 0.6237730061349693 0.4105263157894737 0.003987730061349694 0.06315789473684211
0 0.6193251533742331 0.48947368421052634 0.0049079754601227 0.07368421052631578
0 0.6059815950920245 0.3280701754385965 0.003374233128834356 0.056140350877192984
0 0.5753067484662576 0.23508771929824562 0.0027607361963190185 0.0456140350877193
0 0.5492331288343558 0.5728070175438597 0.005214723926380368 0.07894736842105263
0 0.569478527607362 0.4070175438596491 0.003987730061349694 0.06315789473684211
0 0.507361963190184 0.3254385964912281 0.0036809815950920245 0.05789473684210526
0 0.5825153374233129 0.31491228070175437 0.004294478527607362 0.05789473684210526
0 0.49217791411042944 0.27631578947368424 0.003987730061349694 0.05789473684210526
0 0.48328220858895704 0.443859649122807 0.003987730061349694 0.06666666666666667