0 0.2558282208588957 0.36403508771929827 0.0036809815950920245 0.04736842105263158
0 0.44171779141104295 0.7008771929824561 0.006134969325153374 0.07894736842105263
0 0.4302147239263804 0.4780701754385965 0.003987730061349694 0.07192982456140351
0 0.44401840490797545 0.3429824561403509 0.003374233128834356 0.05087719298245614
0 0.4633435582822086 0.2482456140350877 0.0027607361963190185 0.04736842105263158
0 0.48619631901840493 0.45789473684210524 0.004294478527607362 0.04912280701754386
0 0.49079754601226994 0.3385964912280702 0.003067484662576687 0.04912280701754386
0 0.5435582822085889 0.7175438596491228 0.006134969325153374 0.08070175438596491
0 0.5960122699386503 0.4780701754385965 0.004294478527607362 0.06140350877192982
0 0.5400306748466258 0.34210526315789475 0.003374233128834356 0.056140350877192984
0 0.5161042944785276 0.23859649122807017 0.0027607361963190185 0.03508771929824561
0 0.47822085889570554 0.4614035087719298 0.0036809815950920245 0.06666666666666667
0 0.7374233128834355 0.3605263157894737 0.0036809815950920245 0.05789473684210526
0 0.6464723926380368 0.4807017543859649 0.004601226993865031 0.07017543859649122
0 0.5765337423312883 0.7456140350877193 0.006441717791411043 0.08421052631578947
0 0.6039877300613496 0.2868421052631579 0.003067484662576687 0.05087719298245614
0 0.5095092024539877 0.1675438596491228 0.003067484662576687 0.043859649122807015
0 0.4446319018404908 0.7552631578947369 0.006441717791411043 0.09649122807017543
0 0.5414110429447853 0.4192982456140351 0.003067484662576687 0.04912280701754386
0 0.48588957055214727 0.27807017543859647 0.003067484662576687 0.04035087719298246
0 0.46932515337423314 0.35175438596491226 0.0036809815950920245 0.05789473684210526
0 0.4615030674846626 0.19035087719298247 0.0027607361963190185 0.03684210526315789
0 0.43420245398773005 0.44035087719298244 0.004601226993865031 0.06315789473684211