0 0.22653374233128834 0.3298245614035088 0.003374233128834356 0.056140350877192984
0 0.26671779141104296 0.43333333333333335 0.003987730061349694 0.05964912280701754
0 0.2719325153374233 0.3684210526315789 0.0027607361963190185 0.05263157894736842
0 0.27929447852760736 0.29035087719298247 0.003374233128834356 0.05789473684210526
0 0.3076687116564417 0.21052631578947367 0.003067484662576687 0.0456140350877193
0 0.325 0.34649122807017546 0.003374233128834356 0.054385964912280704
0 0.325 0.2894736842105263 0.003987730061349694 0.042105263157894736
0 0.3773006134969325 0.519298245614035 0.0049079754601227 0.06315789473684211
0 0.5108895705521472 0.4087719298245614 0.003987730061349694 0.06315789473684211
0 0.4289877300613497 0.3385964912280702 0.003374233128834356 0.056140350877192984
0 0.3266871165644172 0.21403508771929824 0.00245398773006135 0.03508771929824561
0 0.3579754601226994 0.38421052631578945 0.004294478527607362 0.07368421052631578
0 0.686963190184049 0.31842105263157894 0.0027607361963190185 0.05087719298245614
0 0.5200920245398774 0.39649122807017545 0.003987730061349694 0.06315789473684211
0 0.4331288343558282 0.5342105263157895 0.0049079754601227 0.07543859649122807
0 0.5128834355828221 0.27631578947368424 0.003067484662576687 0.05087719298245614
0 0.45766871165644174 0.2043859649122807 0.00245398773006135 0.02982456140350877
0 0.27515337423312886 0.4263157894736842 0.0049079754601227 0.07368421052631578
0 0.37576687116564417 0.32894736842105265 0.0036809815950920245 0.05789473684210526
0 0.3188650306748466 0.3087719298245614 0.004601226993865031 0.05263157894736842
0 0.4404907975460123 0.27807017543859647 0.003067484662576687 0.03684210526315789
0 0.31104294478527605 0.19649122807017544 0.0036809815950920245 0.042105263157894736
0 0.2634969325153374 0.4 0.004294478527607362 0.06315789473684211