0 0.25076687116564417 0.3824561403508772 0.005828220858895706 0.06315789473684211
0 0.5062883435582822 0.7298245614035088 0.006441717791411043 0.0912280701754386
0 0.40736196319018403 0.5447368421052632 0.0049079754601227 0.07543859649122807
0 0.4507668711656442 0.3201754385964912 0.003374233128834356 0.054385964912280704
0 0.48987730061349694 0.2043859649122807 0.00245398773006135 0.043859649122807015
0 0.4883435582822086 0.5421052631578948 0.003067484662576687 0.05964912280701754
0 0.5151840490797546 0.34210526315789475 0.003374233128834356 0.0456140350877193
0 0.6288343558282209 0.5596491228070175 0.0049079754601227 0.05964912280701754
0 0.6503067484662577 0.7201754385964912 0.006134969325153374 0.09298245614035087
0 0.591717791411043 0.36666666666666664 0.0036809815950920245 0.05964912280701754
0 0.5746932515337423 0.22982456140350876 0.003987730061349694 0.042105263157894736
0 0.5458588957055215 0.35350877192982455 0.003374233128834356 0.054385964912280704
0 0.7457055214723927 0.3570175438596491 0.0036809815950920245 0.05789473684210526
0 0.6667177914110429 0.5710526315789474 0.005214723926380368 0.07192982456140351
0 0.6306748466257669 0.6982456140350877 0.007361963190184049 0.08070175438596491
0 0.6384969325153375 0.4105263157894737 0.003987730061349694 0.06315789473684211
0 0.6030674846625766 0.2833333333333333 0.003067484662576687 0.05087719298245614
0 0.5320552147239264 0.7385964912280701 0.006441717791411043 0.08771929824561403
0 0.5742331288343558 0.5842105263157895 0.0049079754601227 0.07719298245614035
0 0.4934049079754601 0.5219298245614035 0.004601226993865031 0.06491228070175438
0 0.5687116564417178 0.4368421052631579 0.004294478527607362 0.05964912280701754
0 0.5437116564417178 0.26403508771929823 0.003374233128834356 0.043859649122807015
0 0.45904907975460124 0.5657894736842105 0.005214723926380368 0.07894736842105263