0 0.23358895705521474 0.4 0.003374233128834356 0.06666666666666667
0 0.2598159509202454 0.6131578947368421 0.005521472392638037 0.06491228070175438
0 0.2762269938650307 0.512280701754386 0.005828220858895706 0.05964912280701754
0 0.347239263803681 0.26666666666666666 0.003067484662576687 0.04912280701754386
0 0.4386503067484663 0.20350877192982456 0.00245398773006135 0.042105263157894736
0 0.3934049079754601 0.3447368421052632 0.003374233128834356 0.054385964912280704
0 0.4437116564417178 0.5017543859649123 0.004601226993865031 0.06666666666666667
0 0.5472392638036809 0.5736842105263158 0.0049079754601227 0.07719298245614035
0 0.5176380368098159 0.4087719298245614 0.003987730061349694 0.06315789473684211
0 0.5049079754601227 0.35 0.0036809815950920245 0.05789473684210526
0 0.5007668711656442 0.22456140350877193 0.0027607361963190185 0.042105263157894736
0 0.48803680981595093 0.2894736842105263 0.0036809815950920245 0.05964912280701754
0 0.7141104294478527 0.34649122807017546 0.0036809815950920245 0.05789473684210526
0 0.5684049079754602 0.443859649122807 0.004294478527607362 0.06666666666666667
0 0.5579754601226994 0.5728070175438597 0.0049079754601227 0.07894736842105263
0 0.5407975460122699 0.3570175438596491 0.0036809815950920245 0.05789473684210526
0 0.5297546012269939 0.27280701754385966 0.003067484662576687 0.05087719298245614
0 0.40736196319018403 0.6114035087719298 0.005521472392638037 0.0824561403508772
0 0.5049079754601227 0.46578947368421053 0.004294478527607362 0.06842105263157895
0 0.4138036809815951 0.4763157894736842 0.004294478527607362 0.06842105263157895
0 0.47730061349693254 0.34649122807017546 0.0036809815950920245 0.05789473684210526
0 0.39754601226993863 0.2631578947368421 0.003067484662576687 0.05263157894736842
0 0.27883435582822086 0.5236842105263158 0.004294478527607362 0.07543859649122807