0 0.2748466257668712 0.33771929824561403 0.004294478527607362 0.05789473684210526
0 0.4751533742331288 0.4570175438596491 0.004294478527607362 0.05789473684210526
0 0.4766871165644172 0.36666666666666664 0.0036809815950920245 0.05964912280701754
0 0.4843558282208589 0.3 0.003067484662576687 0.05263157894736842
0 0.49263803680981594 0.21403508771929824 0.003067484662576687 0.04912280701754386
0 0.5237730061349694 0.37105263157894736 0.003374233128834356 0.05789473684210526
0 0.5177914110429448 0.27631578947368424 0.003067484662576687 0.043859649122807015
0 0.5386503067484663 0.5157894736842106 0.0049079754601227 0.07017543859649122
0 0.658282208588957 0.34649122807017546 0.003067484662576687 0.05087719298245614
0 0.5980061349693252 0.2596491228070175 0.0027607361963190185 0.042105263157894736
0 0.5444785276073619 0.21052631578947367 0.00245398773006135 0.042105263157894736
0 0.5039877300613497 0.4070175438596491 0.0036809815950920245 0.06666666666666667
0 0.7118098159509203 0.3157894736842105 0.003374233128834356 0.042105263157894736
0 0.6550613496932516 0.4017543859649123 0.004601226993865031 0.07017543859649122
0 0.5883435582822086 0.7114035087719298 0.006134969325153374 0.09298245614035087
0 0.6188650306748467 0.22456140350877193 0.0027607361963190185 0.0456140350877193
0 0.5233128834355828 0.16578947368421051 0.003067484662576687 0.03333333333333333
0 0.4625766871165644 0.5333333333333333 0.0049079754601227 0.07017543859649122
0 0.5257668711656441 0.4394736842105263 0.004294478527607362 0.05789473684210526
0 0.5012269938650307 0.26666666666666666 0.003067484662576687 0.04912280701754386
0 0.5233128834355828 0.3254385964912281 0.0036809815950920245 0.054385964912280704
0 0.4848159509202454 0.19210526315789472 0.003374233128834356 0.04736842105263158
0 0.4719325153374233 0.3236842105263158 0.003374233128834356 0.05789473684210526