0 0.23680981595092024 0.3736842105263158 0.00245398773006135 0.056140350877192984
0 0.32607361963190185 0.5447368421052632 0.0049079754601227 0.06140350877192982
0 0.3656441717791411 0.46842105263157896 0.004294478527607362 0.05263157894736842
0 0.2958588957055215 0.4956140350877193 0.004601226993865031 0.054385964912280704
0 0.35736196319018404 0.3254385964912281 0.0049079754601227 0.05789473684210526
0 0.4378834355828221 0.4017543859649123 0.003987730061349694 0.06315789473684211
0 0.4180981595092024 0.5640350877192982 0.0036809815950920245 0.06140350877192982
0 0.4719325153374233 0.5921052631578947 0.004601226993865031 0.07543859649122807
0 0.46671779141104297 0.5114035087719299 0.004601226993865031 0.07192982456140351
0 0.5202453987730061 0.3701754385964912 0.0036809815950920245 0.05964912280701754
0 0.43941717791411045 0.23684210526315788 0.0027607361963190185 0.0456140350877193
0 0.40782208588957053 0.5184210526315789 0.004601226993865031 0.08947368421052632
0 0.7122699386503067 0.35350877192982455 0.0036809815950920245 0.05789473684210526
0 0.5257668711656441 0.519298245614035 0.0049079754601227 0.07368421052631578
0 0.4326687116564417 0.6552631578947369 0.004601226993865031 0.0824561403508772
0 0.5746932515337423 0.34210526315789475 0.003374233128834356 0.056140350877192984
0 0.47914110429447854 0.19210526315789472 0.00245398773006135 0.03684210526315789
0 0.3593558282208589 0.6035087719298246 0.005214723926380368 0.056140350877192984
0 0.470398773006135 0.6105263157894737 0.005214723926380368 0.06666666666666667
0 0.40199386503067486 0.4921052631578947 0.004601226993865031 0.06491228070175438
0 0.46671779141104297 0.42543859649122806 0.003987730061349694 0.04736842105263158
0 0.38880368098159507 0.2789473684210526 0.003374233128834356 0.05263157894736842
0 0.29616564417177915 0.5570175438596491 0.005214723926380368 0.07543859649122807