0 0.2427914110429448 0.3798245614035088 0.003374233128834356 0.07192982456140351
0 0.3151840490797546 0.7315789473684211 0.006441717791411043 0.09473684210526316
0 0.3207055214723926 0.5956140350877193 0.004601226993865031 0.07192982456140351
0 0.3763803680981595 0.46578947368421053 0.004294478527607362 0.06842105263157895
0 0.4 0.3684210526315789 0.0036809815950920245 0.05964912280701754
0 0.371319018404908 0.6192982456140351 0.005214723926380368 0.09473684210526316
0 0.422239263803681 0.5649122807017544 0.005214723926380368 0.06315789473684211
0 0.39616564417177913 0.7035087719298245 0.004601226993865031 0.07719298245614035
0 0.43144171779141105 0.7464912280701754 0.005214723926380368 0.08596491228070176
0 0.4834355828220859 0.44035087719298244 0.004294478527607362 0.06666666666666667
0 0.49846625766871167 0.3570175438596491 0.003067484662576687 0.05789473684210526
0 0.4470858895705521 0.4614035087719298 0.003987730061349694 0.06666666666666667
0 0.7079754601226994 0.3815789473684211 0.0036809815950920245 0.06140350877192982
0 0.5427914110429448 0.6543859649122807 0.005828220858895706 0.08771929824561403
0 0.4460122699386503 0.7228070175438597 0.006134969325153374 0.08771929824561403
0 0.5444785276073619 0.4675438596491228 0.004294478527607362 0.06842105263157895
0 0.5208588957055215 0.3631578947368421 0.003067484662576687 0.05263157894736842
0 0.4101226993865031 0.7219298245614035 0.006134969325153374 0.09298245614035087
0 0.40061349693251536 0.6342105263157894 0.0049079754601227 0.08947368421052632
0 0.3993865030674847 0.47368421052631576 0.004294478527607362 0.06315789473684211
0 0.45950920245398774 0.6114035087719298 0.005521472392638037 0.0824561403508772
0 0.42760736196319016 0.38333333333333336 0.0036809815950920245 0.06140350877192982
0 0.3191717791411043 0.6035087719298246 0.005214723926380368 0.07368421052631578