0 0.28865030674846626 0.3631578947368421 0.004294478527607362 0.07017543859649122
0 0.47438650306748464 0.506140350877193 0.004601226993865031 0.06491228070175438
0 0.47914110429447854 0.43333333333333335 0.004294478527607362 0.05964912280701754
0 0.5151840490797546 0.3973684210526316 0.003987730061349694 0.06491228070175438
0 0.46978527607361964 0.35175438596491226 0.003987730061349694 0.054385964912280704
0 0.589877300613497 0.4605263157894737 0.004294478527607362 0.06842105263157895
0 0.5430981595092025 0.4105263157894737 0.003987730061349694 0.0456140350877193
0 0.6742331288343558 0.6078947368421053 0.005521472392638037 0.07543859649122807
0 0.6961656441717792 0.5657894736842105 0.005214723926380368 0.07894736842105263
0 0.6875766871165644 0.42894736842105263 0.003987730061349694 0.06491228070175438
0 0.5938650306748466 0.28421052631578947 0.003067484662576687 0.04912280701754386
0 0.5427914110429448 0.3385964912280702 0.003374233128834356 0.06315789473684211
0 0.7533742331288343 0.35526315789473684 0.0036809815950920245 0.05789473684210526
0 0.6719325153374233 0.4824561403508772 0.004601226993865031 0.07017543859649122
0 0.6547546012269939 0.5947368421052631 0.005214723926380368 0.07368421052631578
0 0.6326687116564417 0.28421052631578947 0.003374233128834356 0.05263157894736842
0 0.5650306748466257 0.21228070175438596 0.0036809815950920245 0.0456140350877193
0 0.4710122699386503 0.5 0.004601226993865031 0.07017543859649122
0 0.5806748466257668 0.43859649122807015 0.0036809815950920245 0.06666666666666667
0 0.5496932515337424 0.4473684210526316 0.004294478527607362 0.06315789473684211
0 0.6084355828220859 0.39035087719298245 0.003374233128834356 0.06842105263157895
0 0.475920245398773 0.3526315789473684 0.003987730061349694 0.05964912280701754
0 0.5253067484662577 0.4 0.004601226993865031 0.05964912280701754