0 0.2817484662576687 0.3508771929824561 0.003374233128834356 0.06666666666666667
0 0.4699386503067485 0.5447368421052632 0.0049079754601227 0.06842105263157895
0 0.47975460122699387 0.4149122807017544 0.0036809815950920245 0.06140350877192982
0 0.4892638036809816 0.3333333333333333 0.003067484662576687 0.056140350877192984
0 0.49033742331288344 0.23596491228070177 0.0027607361963190185 0.04736842105263158
0 0.6562883435582823 0.3956140350877193 0.003987730061349694 0.06491228070175438
0 0.5464723926380368 0.3456140350877193 0.003374233128834356 0.05263157894736842
0 0.5783742331288344 0.5596491228070175 0.005214723926380368 0.07368421052631578
0 0.679601226993865 0.4921052631578947 0.004601226993865031 0.07192982456140351
0 0.6211656441717791 0.2850877192982456 0.003067484662576687 0.05087719298245614
0 0.5529141104294478 0.24473684210526317 0.0027607361963190185 0.043859649122807015
0 0.5242331288343558 0.42894736842105263 0.0036809815950920245 0.07543859649122807
0 0.7533742331288343 0.35175438596491226 0.0036809815950920245 0.05789473684210526
0 0.7165644171779141 0.5342105263157895 0.0049079754601227 0.07543859649122807
0 0.5918711656441717 0.75 0.006441717791411043 0.09649122807017543
0 0.6352760736196319 0.20964912280701756 0.00245398773006135 0.043859649122807015
0 0.535122699386503 0.1736842105263158 0.0027607361963190185 0.031578947368421054
0 0.4644171779141104 0.7035087719298245 0.006134969325153374 0.0912280701754386
0 0.6383435582822086 0.46578947368421053 0.004294478527607362 0.06140350877192982
0 0.5346625766871166 0.3 0.003067484662576687 0.05263157894736842
0 0.6684049079754601 0.3815789473684211 0.0036809815950920245 0.06140350877192982
0 0.49785276073619633 0.20526315789473684 0.003067484662576687 0.042105263157894736
0 0.4776073619631902 0.3815789473684211 0.004294478527607362 0.06140350877192982