0 0.2634969325153374 0.3473684210526316 0.003067484662576687 0.06666666666666667
0 0.3700920245398773 0.6526315789473685 0.005828220858895706 0.07017543859649122
0 0.3619631901840491 0.4675438596491228 0.004294478527607362 0.06842105263157895
0 0.39585889570552146 0.24298245614035088 0.0027607361963190185 0.04736842105263158
0 0.5038343558282209 0.17105263157894737 0.004601226993865031 0.04736842105263158
0 0.419478527607362 0.3131578947368421 0.003374233128834356 0.054385964912280704
0 0.4493865030674847 0.45614035087719296 0.004294478527607362 0.06315789473684211
0 0.5892638036809816 0.5745614035087719 0.0049079754601227 0.07894736842105263
0 0.5493865030674847 0.3701754385964912 0.0036809815950920245 0.05964912280701754
0 0.5352760736196319 0.3105263157894737 0.003067484662576687 0.0456140350877193
0 0.46365030674846625 0.2850877192982456 0.003987730061349694 0.05087719298245614
0 0.5164110429447852 0.2649122807017544 0.003987730061349694 0.06315789473684211
0 0.7090490797546012 0.3298245614035088 0.003374233128834356 0.056140350877192984
0 0.5837423312883435 0.3850877192982456 0.0036809815950920245 0.06140350877192982
0 0.5932515337423313 0.5166666666666667 0.0049079754601227 0.07192982456140351
0 0.563036809815951 0.31842105263157894 0.003374233128834356 0.054385964912280704
0 0.5452453987730062 0.23596491228070177 0.0027607361963190185 0.04736842105263158
0 0.4838957055214724 0.5578947368421052 0.005214723926380368 0.07719298245614035
0 0.5265337423312884 0.4087719298245614 0.003987730061349694 0.06315789473684211
0 0.46226993865030674 0.35350877192982455 0.0036809815950920245 0.054385964912280704
0 0.5111963190184049 0.29912280701754385 0.003987730061349694 0.04035087719298246
0 0.4696319018404908 0.2543859649122807 0.0036809815950920245 0.05263157894736842
0 0.4076687116564417 0.47719298245614034 0.0049079754601227 0.07368421052631578