0 0.2967791411042945 0.3473684210526316 0.003374233128834356 0.0456140350877193
0 0.4822085889570552 0.5403508771929825 0.0049079754601227 0.056140350877192984
0 0.48773006134969327 0.37894736842105264 0.003067484662576687 0.05263157894736842
0 0.4883435582822086 0.2982456140350877 0.004294478527607362 0.05263157894736842
0 0.49693251533742333 0.22280701754385965 0.00245398773006135 0.0456140350877193
0 0.6196319018404908 0.3570175438596491 0.0036809815950920245 0.05789473684210526
0 0.5469325153374233 0.2824561403508772 0.003067484662576687 0.03508771929824561
0 0.6119631901840491 0.5289473684210526 0.0049079754601227 0.06140350877192982
0 0.7113496932515337 0.47543859649122805 0.004294478527607362 0.0456140350877193
0 0.6828220858895706 0.27017543859649124 0.003067484662576687 0.04912280701754386
0 0.5679447852760736 0.22280701754385965 0.0027607361963190185 0.0456140350877193
0 0.5533742331288344 0.3701754385964912 0.0036809815950920245 0.05964912280701754
0 0.7538343558282209 0.3298245614035088 0.003374233128834356 0.05263157894736842
0 0.7726993865030675 0.5324561403508772 0.0049079754601227 0.07543859649122807
0 0.6863496932515337 0.75 0.006441717791411043 0.09649122807017543
0 0.6547546012269939 0.17456140350877192 0.0027607361963190185 0.03684210526315789
0 0.5406441717791411 0.1649122807017544 0.0027607361963190185 0.042105263157894736
0 0.4834355828220859 0.6008771929824561 0.005521472392638037 0.0824561403508772
0 0.6088957055214724 0.37543859649122807 0.0036809815950920245 0.04912280701754386
0 0.5136503067484662 0.3412280701754386 0.003374233128834356 0.054385964912280704
0 0.6226993865030674 0.27456140350877195 0.003067484662576687 0.05087719298245614
0 0.5104294478527608 0.20877192982456141 0.0036809815950920245 0.0456140350877193
0 0.4825153374233129 0.3298245614035088 0.004294478527607362 0.05263157894736842