0 0.3383435582822086 0.2824561403508772 0.0036809815950920245 0.05964912280701754
0 0.49555214723926383 0.41578947368421054 0.003987730061349694 0.03859649122807018
0 0.4562883435582822 0.2236842105263158 0.0027607361963190185 0.043859649122807015
0 0.4785276073619632 0.1956140350877193 0.0036809815950920245 0.04736842105263158
0 0.5622699386503067 0.17017543859649123 0.003067484662576687 0.04912280701754386
0 0.5789877300613497 0.22982456140350876 0.0027607361963190185 0.0456140350877193
0 0.5309815950920246 0.20701754385964913 0.00245398773006135 0.042105263157894736
0 0.6056748466257669 0.4 0.003987730061349694 0.06315789473684211
0 0.600920245398773 0.2631578947368421 0.003067484662576687 0.06315789473684211
0 0.5447852760736196 0.2710526315789474 0.003067484662576687 0.05087719298245614
0 0.555521472392638 0.1824561403508772 0.00245398773006135 0.0456140350877193
0 0.5504601226993865 0.24298245614035088 0.003374233128834356 0.054385964912280704
0 0.719478527607362 0.30526315789473685 0.003374233128834356 0.05263157894736842
0 0.6363496932515338 0.2754385964912281 0.003987730061349694 0.04912280701754386
0 0.6273006134969326 0.3649122807017544 0.0036809815950920245 0.05964912280701754
0 0.6121165644171779 0.23157894736842105 0.003987730061349694 0.04912280701754386
0 0.6078220858895705 0.21140350877192982 0.003374233128834356 0.04736842105263158
0 0.5504601226993865 0.4070175438596491 0.003987730061349694 0.06315789473684211
0 0.5677914110429448 0.27807017543859647 0.003067484662576687 0.05087719298245614
0 0.533282208588957 0.2535087719298246 0.0027607361963190185 0.04736842105263158
0 0.5596625766871166 0.21140350877192982 0.0027607361963190185 0.043859649122807015
0 0.5010736196319019 0.1631578947368421 0.003374233128834356 0.042105263157894736
0 0.4829754601226994 0.21666666666666667 0.0027607361963190185 0.04736842105263158