0 0.27254601226993863 0.3684210526315789 0.003987730061349694 0.06315789473684211
0 0.455521472392638 0.5298245614035088 0.0049079754601227 0.05964912280701754
0 0.4607361963190184 0.47543859649122805 0.004294478527607362 0.06315789473684211
0 0.474079754601227 0.39035087719298245 0.004601226993865031 0.06842105263157895
0 0.4682515337423313 0.4201754385964912 0.003374233128834356 0.043859649122807015
0 0.5325153374233129 0.4517543859649123 0.0049079754601227 0.06842105263157895
0 0.49033742331288344 0.525438596491228 0.005214723926380368 0.06491228070175438
0 0.6234662576687117 0.5701754385964912 0.005214723926380368 0.07368421052631578
0 0.6644171779141105 0.55 0.0049079754601227 0.07543859649122807
0 0.6446319018404908 0.4166666666666667 0.003987730061349694 0.06491228070175438
0 0.5779141104294478 0.29473684210526313 0.003067484662576687 0.05263157894736842
0 0.5199386503067485 0.3543859649122807 0.003067484662576687 0.056140350877192984
0 0.746319018404908 0.35175438596491226 0.0036809815950920245 0.05789473684210526
0 0.629601226993865 0.47192982456140353 0.004601226993865031 0.07017543859649122
0 0.5515337423312884 0.6219298245614036 0.005521472392638037 0.06842105263157895
0 0.6113496932515338 0.31140350877192985 0.003067484662576687 0.05087719298245614
0 0.5404907975460123 0.22280701754385965 0.003067484662576687 0.0456140350877193
0 0.4503067484662577 0.5850877192982457 0.005521472392638037 0.0824561403508772
0 0.5368098159509203 0.4149122807017544 0.004294478527607362 0.06842105263157895
0 0.4958588957055215 0.5271929824561403 0.004601226993865031 0.04736842105263158
0 0.5628834355828221 0.3631578947368421 0.0036809815950920245 0.056140350877192984
0 0.4539877300613497 0.45614035087719296 0.0049079754601227 0.05263157894736842
0 0.5026073619631902 0.3894736842105263 0.003987730061349694 0.06315789473684211