0 0.249079754601227 0.356140350877193 0.00245398773006135 0.05964912280701754
0 0.39171779141104296 0.5824561403508772 0.004294478527607362 0.07017543859649122
0 0.4096625766871166 0.46228070175438596 0.004601226993865031 0.06842105263157895
0 0.4041411042944785 0.4166666666666667 0.003987730061349694 0.06491228070175438
0 0.41932515337423315 0.3157894736842105 0.003067484662576687 0.05964912280701754
0 0.47162576687116564 0.39210526315789473 0.003987730061349694 0.06140350877192982
0 0.45337423312883435 0.5096491228070176 0.00245398773006135 0.05789473684210526
0 0.4401840490797546 0.6131578947368421 0.004294478527607362 0.0824561403508772
0 0.5317484662576687 0.5087719298245614 0.004601226993865031 0.07368421052631578
0 0.520398773006135 0.3956140350877193 0.003987730061349694 0.06140350877192982
0 0.4521472392638037 0.27456140350877195 0.003067484662576687 0.05087719298245614
0 0.4274539877300613 0.47982456140350876 0.003987730061349694 0.06842105263157895
0 0.7055214723926381 0.35526315789473684 0.0036809815950920245 0.05789473684210526
0 0.5532208588957055 0.5561403508771929 0.004601226993865031 0.07017543859649122
0 0.44171779141104295 0.7026315789473684 0.006134969325153374 0.08947368421052632
0 0.5828220858895705 0.2964912280701754 0.003067484662576687 0.05263157894736842
0 0.474079754601227 0.19473684210526315 0.0027607361963190185 0.04912280701754386
0 0.37254601226993866 0.7464912280701754 0.006441717791411043 0.09649122807017543
0 0.4803680981595092 0.5236842105263158 0.0036809815950920245 0.07543859649122807
0 0.44739263803680984 0.49473684210526314 0.003987730061349694 0.07017543859649122
0 0.497239263803681 0.3780701754385965 0.0036809815950920245 0.06140350877192982
0 0.4269938650306748 0.3017543859649123 0.003067484662576687 0.05263157894736842
0 0.4151840490797546 0.4359649122807018 0.003987730061349694 0.06842105263157895