0 0.24631901840490797 0.36666666666666664 0.00245398773006135 0.04912280701754386
0 0.35552147239263804 0.6456140350877193 0.005521472392638037 0.06315789473684211
0 0.40429447852760736 0.5245614035087719 0.0049079754601227 0.06315789473684211
0 0.35736196319018404 0.4517543859649123 0.004294478527607362 0.06491228070175438
0 0.38788343558282207 0.3307017543859649 0.003374233128834356 0.043859649122807015
0 0.4404907975460123 0.44035087719298244 0.004294478527607362 0.06666666666666667
0 0.44631901840490795 0.6552631578947369 0.0049079754601227 0.09298245614035087
0 0.46794478527607364 0.6649122807017543 0.005828220858895706 0.07719298245614035
0 0.502760736196319 0.5263157894736842 0.0049079754601227 0.07017543859649122
0 0.5226993865030675 0.37105263157894736 0.0036809815950920245 0.05789473684210526
0 0.44831288343558284 0.24210526315789474 0.0027607361963190185 0.042105263157894736
0 0.4226993865030675 0.4763157894736842 0.004294478527607362 0.07543859649122807
0 0.7226993865030675 0.35526315789473684 0.0036809815950920245 0.05789473684210526
0 0.5584355828220859 0.5789473684210527 0.005214723926380368 0.08070175438596491
0 0.4432515337423313 0.6824561403508772 0.006748466257668712 0.08070175438596491
0 0.5628834355828221 0.36666666666666664 0.0036809815950920245 0.05964912280701754
0 0.5038343558282209 0.22280701754385965 0.0027607361963190185 0.0456140350877193
0 0.3656441717791411 0.6982456140350877 0.006134969325153374 0.0912280701754386
0 0.46748466257668714 0.6289473684210526 0.005521472392638037 0.08596491228070176
0 0.42024539877300615 0.5473684210526316 0.0049079754601227 0.06315789473684211
0 0.4638036809815951 0.47017543859649125 0.004294478527607362 0.07017543859649122
0 0.4013803680981595 0.2894736842105263 0.0027607361963190185 0.05263157894736842
0 0.3337423312883436 0.5956140350877193 0.004294478527607362 0.07543859649122807