0 0.1950920245398773 0.3973684210526316 0.003067484662576687 0.054385964912280704
0 0.16211656441717792 0.5561403508771929 0.005214723926380368 0.07719298245614035
0 0.3170245398773006 0.5026315789473684 0.004601226993865031 0.07192982456140351
0 0.27300613496932513 0.3719298245614035 0.0036809815950920245 0.056140350877192984
0 0.3512269938650307 0.2807017543859649 0.0036809815950920245 0.056140350877192984
0 0.38680981595092023 0.3701754385964912 0.0036809815950920245 0.05964912280701754
0 0.42024539877300615 0.5561403508771929 0.0049079754601227 0.07368421052631578
0 0.4656441717791411 0.6114035087719298 0.005521472392638037 0.0824561403508772
0 0.5065950920245399 0.4868421052631579 0.004601226993865031 0.07192982456140351
0 0.4934049079754601 0.38859649122807016 0.003987730061349694 0.06140350877192982
0 0.472239263803681 0.24298245614035088 0.0027607361963190185 0.04035087719298246
0 0.41411042944785276 0.42105263157894735 0.0049079754601227 0.07719298245614035
0 0.6829754601226994 0.3385964912280702 0.003374233128834356 0.056140350877192984
0 0.5532208588957055 0.512280701754386 0.004601226993865031 0.07368421052631578
0 0.48757668711656443 0.6684210526315789 0.005828220858895706 0.08771929824561403
0 0.5444785276073619 0.3649122807017544 0.0036809815950920245 0.05964912280701754
0 0.5010736196319019 0.25877192982456143 0.0027607361963190185 0.04736842105263158
0 0.3289877300613497 0.6710526315789473 0.005828220858895706 0.08947368421052632
0 0.4941717791411043 0.5307017543859649 0.0049079754601227 0.07543859649122807
0 0.3558282208588957 0.5236842105263158 0.0049079754601227 0.06842105263157895
0 0.43895705521472395 0.37719298245614036 0.0036809815950920245 0.05964912280701754
0 0.3492331288343558 0.29210526315789476 0.003374233128834356 0.054385964912280704
0 0.16411042944785276 0.5456140350877193 0.006748466257668712 0.07368421052631578