0 0.2611963190184049 0.33596491228070174 0.003987730061349694 0.05789473684210526
0 0.48021472392638037 0.7578947368421053 0.006441717791411043 0.09473684210526316
0 0.41411042944785276 0.4105263157894737 0.0036809815950920245 0.06315789473684211
0 0.4236196319018405 0.29473684210526313 0.003067484662576687 0.05263157894736842
0 0.4484662576687117 0.20350877192982456 0.0036809815950920245 0.04912280701754386
0 0.4460122699386503 0.35526315789473684 0.0036809815950920245 0.05789473684210526
0 0.4516871165644172 0.3219298245614035 0.003374233128834356 0.054385964912280704
0 0.5007668711656442 0.5087719298245614 0.004601226993865031 0.07368421052631578
0 0.5007668711656442 0.3385964912280702 0.003374233128834356 0.056140350877192984
0 0.4976993865030675 0.26842105263157895 0.0027607361963190185 0.03859649122807018
0 0.5006134969325153 0.19649122807017544 0.00245398773006135 0.042105263157894736
0 0.47346625766871164 0.25263157894736843 0.0027607361963190185 0.03508771929824561
0 0.7473926380368098 0.3368421052631579 0.003374233128834356 0.056140350877192984
0 0.6319018404907976 0.3719298245614035 0.0036809815950920245 0.05964912280701754
0 0.6151840490797545 0.493859649122807 0.004601226993865031 0.07192982456140351
0 0.6049079754601226 0.2912280701754386 0.003067484662576687 0.05263157894736842
0 0.5920245398773006 0.2649122807017544 0.003067484662576687 0.04912280701754386
0 0.5584355828220859 0.5342105263157895 0.004601226993865031 0.07543859649122807
0 0.5680981595092025 0.37543859649122807 0.0036809815950920245 0.05964912280701754
0 0.5398773006134969 0.38070175438596493 0.0036809815950920245 0.056140350877192984
0 0.5401840490797546 0.2982456140350877 0.003067484662576687 0.05263157894736842
0 0.5412576687116565 0.22982456140350876 0.0027607361963190185 0.0456140350877193
0 0.49647239263803683 0.4245614035087719 0.003987730061349694 0.06315789473684211