0 0.24401840490797547 0.38596491228070173 0.003374233128834356 0.07368421052631578
0 0.28773006134969326 0.643859649122807 0.005521472392638037 0.07368421052631578
0 0.2978527607361963 0.48157894736842105 0.004294478527607362 0.07543859649122807
0 0.36180981595092027 0.2543859649122807 0.0027607361963190185 0.04912280701754386
0 0.4503067484662577 0.18596491228070175 0.00245398773006135 0.028070175438596492
0 0.37852760736196317 0.3605263157894737 0.0036809815950920245 0.05789473684210526
0 0.44677914110429445 0.48947368421052634 0.004601226993865031 0.06666666666666667
0 0.5611963190184049 0.5578947368421052 0.005214723926380368 0.07368421052631578
0 0.5276073619631901 0.3973684210526316 0.0036809815950920245 0.06140350877192982
0 0.5136503067484662 0.3385964912280702 0.003374233128834356 0.056140350877192984
0 0.495398773006135 0.22807017543859648 0.00245398773006135 0.03859649122807018
0 0.49739263803680983 0.27982456140350875 0.003987730061349694 0.06140350877192982
0 0.71579754601227 0.35175438596491226 0.003374233128834356 0.05789473684210526
0 0.5714723926380368 0.43508771929824563 0.004294478527607362 0.06666666666666667
0 0.5728527607361963 0.5640350877192982 0.005214723926380368 0.07894736842105263
0 0.5449386503067485 0.3447368421052632 0.003374233128834356 0.05789473684210526
0 0.5358895705521473 0.26842105263157895 0.003067484662576687 0.04912280701754386
0 0.4236196319018405 0.6175438596491228 0.005521472392638037 0.08421052631578947
0 0.5171779141104295 0.4605263157894737 0.004294478527607362 0.06842105263157895
0 0.42868098159509205 0.45263157894736844 0.003987730061349694 0.06666666666666667
0 0.48726993865030677 0.3429824561403509 0.003374233128834356 0.05789473684210526
0 0.40828220858895703 0.25701754385964914 0.003067484662576687 0.04736842105263158
0 0.3104294478527607 0.5043859649122807 0.0049079754601227 0.07543859649122807