0 0.2743865030674847 0.3473684210526316 0.003987730061349694 0.06666666666666667
0 0.4326687116564417 0.6728070175438596 0.005828220858895706 0.08596491228070176
0 0.40521472392638036 0.45614035087719296 0.004294478527607362 0.06666666666666667
0 0.4299079754601227 0.2394736842105263 0.0027607361963190185 0.04736842105263158
0 0.5211656441717791 0.16578947368421051 0.00245398773006135 0.03684210526315789
0 0.4598159509202454 0.2885964912280702 0.003067484662576687 0.05087719298245614
0 0.4690184049079755 0.46403508771929824 0.004294478527607362 0.06842105263157895
0 0.588957055214724 0.5429824561403509 0.005521472392638037 0.08947368421052632
0 0.5860429447852761 0.4280701754385965 0.003987730061349694 0.06315789473684211
0 0.5604294478527607 0.3482456140350877 0.003067484662576687 0.054385964912280704
0 0.4690184049079755 0.3850877192982456 0.0036809815950920245 0.06140350877192982
0 0.5282208588957055 0.28157894736842104 0.0036809815950920245 0.05789473684210526
0 0.7285276073619632 0.33421052631578946 0.0018404907975460123 0.012280701754385965
0 0.6127300613496932 0.41842105263157897 0.003987730061349694 0.054385964912280704
0 0.6039877300613496 0.5464912280701755 0.004294478527607362 0.06842105263157895
0 0.5976993865030675 0.3368421052631579 0.003374233128834356 0.056140350877192984
0 0.5716257668711656 0.24035087719298245 0.0027607361963190185 0.0456140350877193
0 0.532361963190184 0.5745614035087719 0.005214723926380368 0.07894736842105263
0 0.5458588957055215 0.41403508771929826 0.003987730061349694 0.06315789473684211
0 0.49325153374233127 0.3824561403508772 0.0036809815950920245 0.05263157894736842
0 0.5549079754601227 0.34385964912280703 0.005521472392638037 0.05964912280701754
0 0.506441717791411 0.2929824561403509 0.003067484662576687 0.05263157894736842
0 0.4638036809815951 0.45526315789473687 0.0036809815950920245 0.05789473684210526