0 0.2473926380368098 0.3824561403508772 0.003374233128834356 0.05263157894736842
0 0.39079754601226996 0.5631578947368421 0.003067484662576687 0.05263157894736842
0 0.37806748466257667 0.6780701754385965 0.005828220858895706 0.08947368421052632
0 0.39662576687116563 0.437719298245614 0.004294478527607362 0.06491228070175438
0 0.422239263803681 0.31140350877192985 0.003374233128834356 0.043859649122807015
0 0.47822085889570554 0.6271929824561403 0.005521472392638037 0.0824561403508772
0 0.44171779141104295 0.5456140350877193 0.0049079754601227 0.06666666666666667
0 0.4638036809815951 0.7219298245614035 0.006134969325153374 0.07894736842105263
0 0.661963190184049 0.6078947368421053 0.005521472392638037 0.06842105263157895
0 0.5513803680981595 0.4307017543859649 0.003987730061349694 0.04736842105263158
0 0.5093558282208589 0.2596491228070175 0.0027607361963190185 0.042105263157894736
0 0.4596625766871166 0.4675438596491228 0.003987730061349694 0.06140350877192982
0 0.7245398773006135 0.3649122807017544 0.0036809815950920245 0.05964912280701754
0 0.6401840490797546 0.543859649122807 0.004294478527607362 0.07719298245614035
0 0.372239263803681 0.65 0.004601226993865031 0.0824561403508772
0 0.6161042944785277 0.3298245614035088 0.003374233128834356 0.056140350877192984
0 0.5498466257668712 0.22631578947368422 0.0027607361963190185 0.0456140350877193
0 0.4349693251533742 0.5394736842105263 0.0049079754601227 0.07543859649122807
0 0.5544478527607362 0.5675438596491228 0.005214723926380368 0.06140350877192982
0 0.4601226993865031 0.35526315789473684 0.0036809815950920245 0.05789473684210526
0 0.5349693251533743 0.47017543859649125 0.004294478527607362 0.07017543859649122
0 0.4489263803680982 0.21578947368421053 0.0027607361963190185 0.0456140350877193
0 0.4803680981595092 0.7359649122807017 0.0049079754601227 0.08596491228070176