0 0.22760736196319017 0.39210526315789473 0.004294478527607362 0.06842105263157895
0 0.2808282208588957 0.7570175438596491 0.006441717791411043 0.09298245614035087
0 0.2843558282208589 0.6157894736842106 0.005521472392638037 0.08421052631578947
0 0.35613496932515337 0.46403508771929824 0.004294478527607362 0.06842105263157895
0 0.3815950920245399 0.3675438596491228 0.0036809815950920245 0.05087719298245614
0 0.3397239263803681 0.625438596491228 0.004601226993865031 0.0824561403508772
0 0.3897239263803681 0.5701754385964912 0.005214723926380368 0.07368421052631578
0 0.35521472392638037 0.7087719298245614 0.0049079754601227 0.08771929824561403
0 0.42116564417177915 0.7271929824561404 0.004294478527607362 0.08596491228070176
0 0.47438650306748464 0.42894736842105263 0.003987730061349694 0.06491228070175438
0 0.49325153374233127 0.3570175438596491 0.0036809815950920245 0.05789473684210526
0 0.4371165644171779 0.4605263157894737 0.004294478527607362 0.06842105263157895
0 0.7016871165644172 0.38859649122807016 0.003987730061349694 0.06140350877192982
0 0.5297546012269939 0.6263157894736842 0.005521472392638037 0.08421052631578947
0 0.4242331288343558 0.7149122807017544 0.006134969325153374 0.10350877192982456
0 0.5234662576687117 0.493859649122807 0.004601226993865031 0.07192982456140351
0 0.505521472392638 0.3587719298245614 0.0036809815950920245 0.05789473684210526
0 0.36901840490797544 0.7201754385964912 0.006134969325153374 0.0824561403508772
0 0.35414110429447854 0.637719298245614 0.005214723926380368 0.08947368421052632
0 0.3782208588957055 0.48596491228070177 0.004294478527607362 0.06666666666666667
0 0.420398773006135 0.6096491228070176 0.005214723926380368 0.0824561403508772
0 0.4050613496932515 0.39824561403508774 0.003987730061349694 0.06315789473684211
0 0.2892638036809816 0.6192982456140351 0.0049079754601227 0.07368421052631578