0 0.26042944785276073 0.3631578947368421 0.004294478527607362 0.06666666666666667
0 0.401840490797546 0.5903508771929824 0.004294478527607362 0.07543859649122807
0 0.4115030674846626 0.4868421052631579 0.003987730061349694 0.06491228070175438
0 0.4167177914110429 0.4114035087719298 0.003987730061349694 0.06491228070175438
0 0.4349693251533742 0.33596491228070174 0.003067484662576687 0.05789473684210526
0 0.49279141104294477 0.4149122807017544 0.003987730061349694 0.06491228070175438
0 0.47730061349693254 0.5350877192982456 0.0049079754601227 0.07368421052631578
0 0.4766871165644172 0.6342105263157894 0.0049079754601227 0.08596491228070176
0 0.5785276073619632 0.5289473684210526 0.0036809815950920245 0.07192982456140351
0 0.5529141104294478 0.4 0.003987730061349694 0.06315789473684211
0 0.48941717791411044 0.2736842105263158 0.003374233128834356 0.05263157894736842
0 0.4429447852760736 0.42105263157894735 0.00245398773006135 0.06666666666666667
0 0.7150306748466257 0.36140350877192984 0.0036809815950920245 0.05964912280701754
0 0.5785276073619632 0.5166666666666667 0.004294478527607362 0.07192982456140351
0 0.48067484662576687 0.6912280701754386 0.006134969325153374 0.0912280701754386
0 0.5789877300613497 0.3078947368421053 0.003374233128834356 0.054385964912280704
0 0.4976993865030675 0.2219298245614035 0.0027607361963190185 0.043859649122807015
0 0.38144171779141106 0.7298245614035088 0.006441717791411043 0.09473684210526316
0 0.537883435582822 0.5070175438596491 0.004601226993865031 0.07368421052631578
0 0.503680981595092 0.5307017543859649 0.0049079754601227 0.06491228070175438
0 0.5285276073619631 0.37719298245614036 0.0036809815950920245 0.05964912280701754
0 0.45429447852760735 0.38070175438596493 0.0049079754601227 0.06666666666666667
0 0.42576687116564416 0.45263157894736844 0.0036809815950920245 0.06315789473684211