0 0.2593558282208589 0.33596491228070174 0.003374233128834356 0.05789473684210526
0 0.4059815950920245 0.4982456140350877 0.004601226993865031 0.056140350877192984
0 0.43006134969325155 0.3570175438596491 0.0036809815950920245 0.05789473684210526
0 0.425920245398773 0.2824561403508772 0.003374233128834356 0.056140350877192984
0 0.44831288343558284 0.17894736842105263 0.002147239263803681 0.028070175438596492
0 0.4751533742331288 0.38859649122807016 0.0036809815950920245 0.06140350877192982
0 0.48021472392638037 0.25 0.0027607361963190185 0.03684210526315789
0 0.48849693251533743 0.4763157894736842 0.004601226993865031 0.06491228070175438
0 0.5108895705521472 0.3263157894736842 0.003374233128834356 0.0456140350877193
0 0.5292944785276074 0.2482456140350877 0.0027607361963190185 0.04736842105263158
0 0.48680981595092027 0.20789473684210527 0.00245398773006135 0.03684210526315789
0 0.47162576687116564 0.4052631578947368 0.003374233128834356 0.06666666666666667
0 0.6970858895705522 0.3131578947368421 0.003374233128834356 0.054385964912280704
0 0.6032208588957055 0.4149122807017544 0.003987730061349694 0.06491228070175438
0 0.5148773006134969 0.7166666666666667 0.005828220858895706 0.09298245614035087
0 0.5636503067484663 0.2412280701754386 0.0027607361963190185 0.04736842105263158
0 0.5111963190184049 0.16052631578947368 0.002147239263803681 0.04035087719298246
0 0.3923312883435583 0.637719298245614 0.005521472392638037 0.08596491228070176
0 0.4943251533742331 0.41228070175438597 0.003987730061349694 0.06315789473684211
0 0.5016871165644172 0.23684210526315788 0.0027607361963190185 0.0456140350877193
0 0.5128834355828221 0.2982456140350877 0.003067484662576687 0.05263157894736842
0 0.4619631901840491 0.16578947368421051 0.003067484662576687 0.03684210526315789
0 0.43282208588957055 0.2929824561403509 0.003067484662576687 0.05263157894736842