0 0.2650306748466258 0.3017543859649123 0.004294478527607362 0.06666666666666667
0 0.4634969325153374 0.6385964912280702 0.005521472392638037 0.08070175438596491
0 0.40475460122699386 0.3956140350877193 0.003987730061349694 0.05087719298245614
0 0.40751533742331286 0.22280701754385965 0.0027607361963190185 0.0456140350877193
0 0.45245398773006135 0.18596491228070175 0.00245398773006135 0.03508771929824561
0 0.4602760736196319 0.3131578947368421 0.003374233128834356 0.05789473684210526
0 0.47684049079754603 0.24561403508771928 0.0027607361963190185 0.042105263157894736
0 0.5938650306748466 0.46578947368421053 0.004294478527607362 0.06491228070175438
0 0.5726993865030675 0.3087719298245614 0.003067484662576687 0.04912280701754386
0 0.5616564417177914 0.27631578947368424 0.003067484662576687 0.05087719298245614
0 0.49033742331288344 0.16052631578947368 0.0027607361963190185 0.03333333333333333
0 0.5322085889570553 0.24736842105263157 0.0036809815950920245 0.0456140350877193
0 0.7332822085889571 0.3236842105263158 0.003374233128834356 0.054385964912280704
0 0.5927914110429447 0.3201754385964912 0.003374233128834356 0.054385964912280704
0 0.6151840490797545 0.43157894736842106 0.003987730061349694 0.05964912280701754
0 0.5855828220858895 0.26666666666666666 0.003067484662576687 0.04912280701754386
0 0.5702453987730062 0.21052631578947367 0.00245398773006135 0.042105263157894736
0 0.5343558282208589 0.4517543859649123 0.004294478527607362 0.06842105263157895
0 0.5538343558282208 0.30526315789473685 0.003374233128834356 0.05263157894736842
0 0.49309815950920244 0.25526315789473686 0.0027607361963190185 0.04736842105263158
0 0.53420245398773 0.24473684210526317 0.0027607361963190185 0.04736842105263158
0 0.48865030674846627 0.17456140350877192 0.0036809815950920245 0.043859649122807015
0 0.4549079754601227 0.3 0.003067484662576687 0.05263157894736842