0 0.24754601226993864 0.3631578947368421 0.0036809815950920245 0.05263157894736842
0 0.41687116564417176 0.7035087719298245 0.006134969325153374 0.08070175438596491
0 0.39969325153374236 0.5543859649122806 0.0049079754601227 0.07719298245614035
0 0.4161042944785276 0.3798245614035088 0.003374233128834356 0.054385964912280704
0 0.4242331288343558 0.2885964912280702 0.003067484662576687 0.043859649122807015
0 0.44969325153374234 0.6096491228070176 0.005521472392638037 0.0824561403508772
0 0.4682515337423313 0.41403508771929826 0.003987730061349694 0.056140350877192984
0 0.49846625766871167 0.6052631578947368 0.005521472392638037 0.07368421052631578
0 0.5832822085889571 0.36403508771929827 0.0027607361963190185 0.043859649122807015
0 0.5049079754601227 0.4052631578947368 0.004294478527607362 0.06315789473684211
0 0.5532208588957055 0.2324561403508772 0.0027607361963190185 0.04035087719298246
0 0.48328220858895704 0.4605263157894737 0.005214723926380368 0.06842105263157895
0 0.724079754601227 0.3412280701754386 0.003374233128834356 0.05789473684210526
0 0.6001533742331289 0.5140350877192983 0.004601226993865031 0.07368421052631578
0 0.5042944785276073 0.7201754385964912 0.006134969325153374 0.08947368421052632
0 0.5812883435582822 0.3280701754385965 0.0049079754601227 0.05964912280701754
0 0.5642638036809816 0.25526315789473686 0.0027607361963190185 0.04736842105263158
0 0.419478527607362 0.7166666666666667 0.006441717791411043 0.09298245614035087
0 0.48895705521472393 0.6114035087719298 0.0049079754601227 0.06491228070175438
0 0.4521472392638037 0.3798245614035088 0.003067484662576687 0.043859649122807015
0 0.5273006134969325 0.4 0.004294478527607362 0.05263157894736842
0 0.4418711656441718 0.20614035087719298 0.003987730061349694 0.05087719298245614
0 0.4081288343558282 0.5473684210526316 0.004601226993865031 0.06666666666666667