0 0.26579754601226996 0.36666666666666664 0.004601226993865031 0.07017543859649122
0 0.41180981595092025 0.5894736842105263 0.003374233128834356 0.07368421052631578
0 0.4138036809815951 0.48947368421052634 0.0049079754601227 0.06666666666666667
0 0.4236196319018405 0.4087719298245614 0.004294478527607362 0.05263157894736842
0 0.4263803680981595 0.36929824561403507 0.0036809815950920245 0.07894736842105263
0 0.49616564417177916 0.42719298245614035 0.003987730061349694 0.06491228070175438
0 0.47638036809815953 0.55 0.0049079754601227 0.07543859649122807
0 0.5041411042944786 0.618421052631579 0.006441717791411043 0.09298245614035087
0 0.5978527607361963 0.531578947368421 0.0049079754601227 0.07368421052631578
0 0.5737730061349693 0.4 0.003987730061349694 0.056140350877192984
0 0.5134969325153375 0.2789473684210526 0.003067484662576687 0.03859649122807018
0 0.4493865030674847 0.41403508771929826 0.00245398773006135 0.06315789473684211
0 0.7220858895705522 0.3631578947368421 0.0036809815950920245 0.05964912280701754
0 0.5858895705521472 0.5140350877192983 0.0049079754601227 0.07368421052631578
0 0.495398773006135 0.6982456140350877 0.006134969325153374 0.0912280701754386
0 0.5808282208588957 0.31491228070175437 0.003374233128834356 0.054385964912280704
0 0.5145705521472392 0.22719298245614036 0.0027607361963190185 0.043859649122807015
0 0.3960122699386503 0.7219298245614035 0.006134969325153374 0.09298245614035087
0 0.5358895705521473 0.49736842105263157 0.004294478527607362 0.07192982456140351
0 0.5119631901840491 0.5298245614035088 0.0049079754601227 0.07368421052631578
0 0.5358895705521473 0.3850877192982456 0.0036809815950920245 0.06140350877192982
0 0.4558282208588957 0.41403508771929826 0.0036809815950920245 0.06666666666666667
0 0.4196319018404908 0.45614035087719296 0.004294478527607362 0.05263157894736842