0 0.24785276073619633 0.3631578947368421 0.0036809815950920245 0.05263157894736842
0 0.4165644171779141 0.6964912280701754 0.006134969325153374 0.06666666666666667
0 0.39969325153374236 0.5526315789473685 0.0049079754601227 0.07719298245614035
0 0.41641104294478526 0.3780701754385965 0.003374233128834356 0.054385964912280704
0 0.4242331288343558 0.2964912280701754 0.003067484662576687 0.05263157894736842
0 0.44969325153374234 0.6078947368421053 0.005521472392638037 0.0824561403508772
0 0.4691717791411043 0.41228070175438597 0.003987730061349694 0.05263157894736842
0 0.49892638036809817 0.5912280701754385 0.005214723926380368 0.08070175438596491
0 0.5834355828220859 0.362280701754386 0.003067484662576687 0.043859649122807015
0 0.5049079754601227 0.4052631578947368 0.004294478527607362 0.06315789473684211
0 0.553680981595092 0.2324561403508772 0.003067484662576687 0.04035087719298246
0 0.48420245398773004 0.4587719298245614 0.005214723926380368 0.06842105263157895
0 0.7243865030674846 0.3412280701754386 0.003374233128834356 0.05789473684210526
0 0.6001533742331289 0.512280701754386 0.004601226993865031 0.07368421052631578
0 0.5039877300613497 0.7219298245614035 0.006134969325153374 0.08947368421052632
0 0.5814417177914111 0.32719298245614037 0.004601226993865031 0.05789473684210526
0 0.5642638036809816 0.25526315789473686 0.0027607361963190185 0.04736842105263158
0 0.41932515337423315 0.7192982456140351 0.006134969325153374 0.0912280701754386
0 0.48911042944785277 0.6078947368421053 0.005214723926380368 0.06491228070175438
0 0.4526073619631902 0.3798245614035088 0.003374233128834356 0.043859649122807015
0 0.5274539877300614 0.39824561403508774 0.003987730061349694 0.05263157894736842
0 0.4418711656441718 0.20614035087719298 0.003987730061349694 0.05087719298245614
0 0.4087423312883436 0.543859649122807 0.004601226993865031 0.06666666666666667