0 0.25812883435582823 0.3631578947368421 0.004601226993865031 0.07017543859649122
0 0.40107361963190186 0.5921052631578947 0.004601226993865031 0.07543859649122807
0 0.4156441717791411 0.47368421052631576 0.004294478527607362 0.06315789473684211
0 0.4157975460122699 0.4114035087719298 0.003987730061349694 0.06491228070175438
0 0.43558282208588955 0.3280701754385965 0.003067484662576687 0.05964912280701754
0 0.4906441717791411 0.4087719298245614 0.003987730061349694 0.06315789473684211
0 0.4766871165644172 0.5307017543859649 0.0036809815950920245 0.07543859649122807
0 0.46595092024539875 0.6219298245614036 0.005521472392638037 0.0824561403508772
0 0.5691717791411043 0.525438596491228 0.003987730061349694 0.08596491228070176
0 0.5446319018404908 0.393859649122807 0.003987730061349694 0.054385964912280704
0 0.4766871165644172 0.2710526315789474 0.003067484662576687 0.054385964912280704
0 0.4400306748466258 0.4263157894736842 0.0027607361963190185 0.06666666666666667
0 0.7113496932515337 0.3719298245614035 0.0036809815950920245 0.05964912280701754
0 0.5733128834355828 0.5184210526315789 0.0049079754601227 0.07543859649122807
0 0.4736196319018405 0.6868421052631579 0.006134969325153374 0.08947368421052632
0 0.5789877300613497 0.3078947368421053 0.003374233128834356 0.054385964912280704
0 0.4897239263803681 0.21929824561403508 0.0027607361963190185 0.0456140350877193
0 0.37622699386503067 0.7280701754385965 0.006441717791411043 0.09473684210526316
0 0.5334355828220859 0.5175438596491229 0.0049079754601227 0.07368421052631578
0 0.495398773006135 0.5298245614035088 0.0049079754601227 0.07017543859649122
0 0.5245398773006135 0.3798245614035088 0.0036809815950920245 0.06140350877192982
0 0.4507668711656442 0.3631578947368421 0.004601226993865031 0.06666666666666667
0 0.42868098159509205 0.45087719298245615 0.003987730061349694 0.06315789473684211