0 0.2897239263803681 0.36666666666666664 0.003987730061349694 0.06666666666666667
0 0.48619631901840493 0.5307017543859649 0.0049079754601227 0.07543859649122807
0 0.4834355828220859 0.4456140350877193 0.004294478527607362 0.06666666666666667
0 0.5128834355828221 0.40964912280701754 0.004294478527607362 0.06491228070175438
0 0.47730061349693254 0.3333333333333333 0.0036809815950920245 0.04912280701754386
0 0.604601226993865 0.4649122807017544 0.004294478527607362 0.07368421052631578
0 0.5464723926380368 0.4087719298245614 0.003987730061349694 0.06315789473684211
0 0.6831288343558283 0.6298245614035087 0.005521472392638037 0.08070175438596491
0 0.7075153374233129 0.5631578947368421 0.005214723926380368 0.07368421052631578
0 0.6998466257668712 0.4368421052631579 0.003374233128834356 0.0456140350877193
0 0.5957055214723926 0.2789473684210526 0.003067484662576687 0.0456140350877193
0 0.5457055214723926 0.3447368421052632 0.003067484662576687 0.05789473684210526
0 0.757361963190184 0.362280701754386 0.0036809815950920245 0.05789473684210526
0 0.6820552147239264 0.49122807017543857 0.005828220858895706 0.07719298245614035
0 0.6708588957055215 0.6105263157894737 0.0049079754601227 0.09473684210526316
0 0.6381901840490798 0.2771929824561403 0.003374233128834356 0.04912280701754386
0 0.5707055214723926 0.21228070175438596 0.003374233128834356 0.0456140350877193
0 0.4892638036809816 0.5149122807017544 0.0049079754601227 0.06842105263157895
0 0.5949386503067484 0.45526315789473687 0.003987730061349694 0.06842105263157895
0 0.549079754601227 0.443859649122807 0.004294478527607362 0.06666666666666667
0 0.6228527607361963 0.3973684210526316 0.003374233128834356 0.06491228070175438
0 0.4829754601226994 0.3394736842105263 0.003987730061349694 0.05789473684210526
0 0.5179447852760736 0.4070175438596491 0.004601226993865031 0.06315789473684211