0 0.30168711656441716 0.306140350877193 0.0027607361963190185 0.054385964912280704
0 0.5208588957055215 0.6219298245614036 0.005521472392638037 0.0824561403508772
0 0.4708588957055215 0.39035087719298245 0.0036809815950920245 0.054385964912280704
0 0.4820552147239264 0.22280701754385965 0.0027607361963190185 0.0456140350877193
0 0.5429447852760736 0.1692982456140351 0.004294478527607362 0.04035087719298246
0 0.5085889570552147 0.2149122807017544 0.00245398773006135 0.043859649122807015
0 0.5245398773006135 0.3587719298245614 0.0036809815950920245 0.05789473684210526
0 0.6647239263803681 0.4964912280701754 0.0049079754601227 0.07017543859649122
0 0.6365030674846626 0.3017543859649123 0.003067484662576687 0.04912280701754386
0 0.5996932515337423 0.29210526315789476 0.0049079754601227 0.054385964912280704
0 0.5493865030674847 0.21140350877192982 0.00245398773006135 0.043859649122807015
0 0.5572085889570552 0.24473684210526317 0.003374233128834356 0.054385964912280704
0 0.7526073619631902 0.32456140350877194 0.003374233128834356 0.04912280701754386
0 0.6473926380368098 0.3385964912280702 0.003374233128834356 0.05263157894736842
0 0.6607361963190184 0.44473684210526315 0.0049079754601227 0.07543859649122807
0 0.6430981595092025 0.2771929824561403 0.003374233128834356 0.04912280701754386
0 0.5631901840490797 0.18157894736842106 0.003067484662576687 0.04035087719298246
0 0.5915644171779141 0.49912280701754386 0.004601226993865031 0.07192982456140351
0 0.5992331288343559 0.3280701754385965 0.003374233128834356 0.056140350877192984
0 0.5661042944785276 0.2719298245614035 0.0027607361963190185 0.0456140350877193
0 0.5831288343558282 0.23771929824561402 0.0036809815950920245 0.054385964912280704
0 0.5654907975460123 0.19473684210526315 0.003374233128834356 0.042105263157894736
0 0.5108895705521472 0.38333333333333336 0.003987730061349694 0.07192982456140351