0 0.25337423312883434 0.3868421052631579 0.005521472392638037 0.06140350877192982
0 0.5374233128834356 0.6947368421052632 0.006134969325153374 0.08070175438596491
0 0.4205521472392638 0.5526315789473685 0.0049079754601227 0.07719298245614035
0 0.4621165644171779 0.3333333333333333 0.003374233128834356 0.056140350877192984
0 0.4947852760736196 0.20614035087719298 0.00245398773006135 0.043859649122807015
0 0.5118098159509202 0.5578947368421052 0.005214723926380368 0.08421052631578947
0 0.5288343558282208 0.3675438596491228 0.0036809815950920245 0.05789473684210526
0 0.6668711656441718 0.5561403508771929 0.0049079754601227 0.07017543859649122
0 0.6865030674846626 0.7649122807017544 0.006134969325153374 0.08771929824561403
0 0.599079754601227 0.3719298245614035 0.0036809815950920245 0.05964912280701754
0 0.5895705521472393 0.2412280701754386 0.0049079754601227 0.054385964912280704
0 0.5593558282208589 0.3675438596491228 0.003374233128834356 0.05087719298245614
0 0.753680981595092 0.356140350877193 0.0036809815950920245 0.056140350877192984
0 0.6952453987730062 0.5578947368421052 0.005214723926380368 0.07719298245614035
0 0.6797546012269938 0.7324561403508771 0.007361963190184049 0.10701754385964912
0 0.6664110429447853 0.42543859649122806 0.003987730061349694 0.06491228070175438
0 0.6184049079754601 0.29210526315789476 0.003067484662576687 0.04736842105263158
0 0.5674846625766872 0.7175438596491228 0.006134969325153374 0.06666666666666667
0 0.6073619631901841 0.5991228070175438 0.005521472392638037 0.0824561403508772
0 0.5144171779141105 0.5403508771929825 0.005521472392638037 0.07719298245614035
0 0.595398773006135 0.443859649122807 0.004294478527607362 0.06666666666666667
0 0.5541411042944785 0.2692982456140351 0.003374233128834356 0.043859649122807015
0 0.47530674846625764 0.5728070175438597 0.005214723926380368 0.07894736842105263