0 0.26886503067484663 0.34035087719298246 0.004601226993865031 0.07368421052631578
0 0.4414110429447853 0.48947368421052634 0.004294478527607362 0.07368421052631578
0 0.4521472392638037 0.3763157894736842 0.0036809815950920245 0.054385964912280704
0 0.4625766871165644 0.27456140350877195 0.003067484662576687 0.05087719298245614
0 0.45521472392638035 0.20087719298245615 0.00245398773006135 0.043859649122807015
0 0.49033742331288344 0.3307017543859649 0.003374233128834356 0.054385964912280704
0 0.527760736196319 0.24473684210526317 0.003374233128834356 0.04035087719298246
0 0.4733128834355828 0.4587719298245614 0.004294478527607362 0.06491228070175438
0 0.5495398773006135 0.4105263157894737 0.003987730061349694 0.06315789473684211
0 0.5280674846625767 0.31666666666666665 0.003374233128834356 0.054385964912280704
0 0.5122699386503068 0.19912280701754387 0.00245398773006135 0.04035087719298246
0 0.4820552147239264 0.39824561403508774 0.003987730061349694 0.06315789473684211
0 0.713957055214724 0.30964912280701756 0.003374233128834356 0.054385964912280704
0 0.620398773006135 0.39824561403508774 0.003987730061349694 0.06315789473684211
0 0.5038343558282209 0.6850877192982456 0.005828220858895706 0.08947368421052632
0 0.6016871165644172 0.26403508771929823 0.0027607361963190185 0.043859649122807015
0 0.5340490797546013 0.1631578947368421 0.00245398773006135 0.03508771929824561
0 0.41641104294478526 0.5745614035087719 0.005214723926380368 0.07894736842105263
0 0.5174846625766871 0.3298245614035088 0.004294478527607362 0.056140350877192984
0 0.5288343558282208 0.22807017543859648 0.003067484662576687 0.03859649122807018
0 0.49447852760736194 0.2649122807017544 0.003067484662576687 0.04912280701754386
0 0.4559815950920245 0.16842105263157894 0.0027607361963190185 0.042105263157894736
0 0.4315950920245399 0.45964912280701753 0.0049079754601227 0.07719298245614035