0 0.2504601226993865 0.362280701754386 0.0027607361963190185 0.06140350877192982
0 0.35920245398773004 0.5570175438596491 0.0049079754601227 0.06842105263157895
0 0.3911042944785276 0.47017543859649125 0.004294478527607362 0.056140350877192984
0 0.3567484662576687 0.4421052631578947 0.004294478527607362 0.06666666666666667
0 0.39677914110429446 0.2956140350877193 0.004601226993865031 0.05789473684210526
0 0.4602760736196319 0.4017543859649123 0.003987730061349694 0.05964912280701754
0 0.4343558282208589 0.5078947368421053 0.0036809815950920245 0.06842105263157895
0 0.448159509202454 0.618421052631579 0.005521472392638037 0.0824561403508772
0 0.4657975460122699 0.5087719298245614 0.004601226993865031 0.07017543859649122
0 0.5239263803680981 0.3684210526315789 0.0036809815950920245 0.05964912280701754
0 0.44401840490797545 0.22807017543859648 0.0027607361963190185 0.042105263157894736
0 0.40950920245398775 0.5491228070175439 0.0049079754601227 0.09473684210526316
0 0.7180981595092024 0.35 0.0036809815950920245 0.05789473684210526
0 0.5088957055214723 0.5096491228070176 0.0049079754601227 0.07894736842105263
0 0.4200920245398773 0.7596491228070176 0.006441717791411043 0.09824561403508772
0 0.6065950920245399 0.3157894736842105 0.003374233128834356 0.05263157894736842
0 0.475920245398773 0.17894736842105263 0.002147239263803681 0.031578947368421054
0 0.3450920245398773 0.6956140350877194 0.006134969325153374 0.0824561403508772
0 0.48374233128834354 0.6508771929824562 0.005521472392638037 0.08771929824561403
0 0.42116564417177915 0.4368421052631579 0.004294478527607362 0.056140350877192984
0 0.5053680981595092 0.4280701754385965 0.003987730061349694 0.056140350877192984
0 0.41687116564417176 0.2657894736842105 0.003067484662576687 0.054385964912280704
0 0.371319018404908 0.46228070175438596 0.003987730061349694 0.05789473684210526