0 0.26947852760736196 0.33771929824561403 0.003374233128834356 0.06140350877192982
0 0.4601226993865031 0.4517543859649123 0.004294478527607362 0.06140350877192982
0 0.4691717791411043 0.36140350877192984 0.003374233128834356 0.056140350877192984
0 0.4766871165644172 0.3017543859649123 0.003067484662576687 0.05263157894736842
0 0.47975460122699387 0.21666666666666667 0.0036809815950920245 0.05087719298245614
0 0.5056748466257669 0.38596491228070173 0.004601226993865031 0.07017543859649122
0 0.5095092024539877 0.2771929824561403 0.003067484662576687 0.04912280701754386
0 0.522239263803681 0.5131578947368421 0.004601226993865031 0.06842105263157895
0 0.6303680981595092 0.33245614035087717 0.003067484662576687 0.04035087719298246
0 0.5894171779141104 0.2657894736842105 0.003374233128834356 0.05087719298245614
0 0.5340490797546013 0.20789473684210527 0.00245398773006135 0.04035087719298246
0 0.49493865030674844 0.41754385964912283 0.003374233128834356 0.07719298245614035
0 0.7122699386503067 0.31491228070175437 0.003067484662576687 0.054385964912280704
0 0.6317484662576687 0.3675438596491228 0.003987730061349694 0.05789473684210526
0 0.5705521472392638 0.7070175438596491 0.006134969325153374 0.08771929824561403
0 0.6111963190184049 0.2394736842105263 0.0027607361963190185 0.043859649122807015
0 0.521319018404908 0.1631578947368421 0.0027607361963190185 0.03859649122807018
0 0.4432515337423313 0.5342105263157895 0.0049079754601227 0.07543859649122807
0 0.5101226993865031 0.45087719298245615 0.004294478527607362 0.06666666666666667
0 0.497239263803681 0.2710526315789474 0.003067484662576687 0.05087719298245614
0 0.5001533742331289 0.3280701754385965 0.003374233128834356 0.056140350877192984
0 0.47300613496932514 0.18947368421052632 0.003067484662576687 0.0456140350877193
0 0.45659509202453985 0.32456140350877194 0.003987730061349694 0.05964912280701754