0 0.26993865030674846 0.34210526315789475 0.004294478527607362 0.07017543859649122
0 0.425 0.5596491228070175 0.005214723926380368 0.07719298245614035
0 0.4334355828220859 0.443859649122807 0.004294478527607362 0.06666666666666667
0 0.4541411042944785 0.3131578947368421 0.003374233128834356 0.054385964912280704
0 0.4418711656441718 0.2394736842105263 0.0027607361963190185 0.04736842105263158
0 0.48634969325153377 0.4166666666666667 0.003987730061349694 0.06491228070175438
0 0.49923312883435583 0.3280701754385965 0.003374233128834356 0.056140350877192984
0 0.506441717791411 0.5245614035087719 0.0049079754601227 0.07368421052631578
0 0.5753067484662576 0.4824561403508772 0.004601226993865031 0.07017543859649122
0 0.5437116564417178 0.38859649122807016 0.003987730061349694 0.06140350877192982
0 0.503680981595092 0.23157894736842105 0.003067484662576687 0.0456140350877193
0 0.47300613496932514 0.4421052631578947 0.004294478527607362 0.06666666666666667
0 0.713036809815951 0.33157894736842103 0.003374233128834356 0.056140350877192984
0 0.6285276073619632 0.4421052631578947 0.004294478527607362 0.06666666666666667
0 0.4167177914110429 0.6859649122807018 0.005828220858895706 0.08771929824561403
0 0.6001533742331289 0.3157894736842105 0.003374233128834356 0.0456140350877193
0 0.5343558282208589 0.1850877192982456 0.00245398773006135 0.04035087719298246
0 0.41503067484662576 0.5394736842105263 0.0049079754601227 0.07543859649122807
0 0.5319018404907976 0.38596491228070173 0.004294478527607362 0.06315789473684211
0 0.5024539877300613 0.27631578947368424 0.003067484662576687 0.03684210526315789
0 0.5230061349693251 0.33157894736842103 0.0036809815950920245 0.05964912280701754
0 0.4579754601226994 0.17017543859649123 0.003067484662576687 0.0456140350877193
0 0.4345092024539877 0.5982456140350877 0.00705521472392638 0.0912280701754386