0 0.26380368098159507 0.3017543859649123 0.004294478527607362 0.06315789473684211
0 0.4664110429447853 0.6947368421052632 0.005828220858895706 0.0912280701754386
0 0.37101226993865033 0.42894736842105263 0.003987730061349694 0.06491228070175438
0 0.39800613496932513 0.2307017543859649 0.0027607361963190185 0.043859649122807015
0 0.44923312883435584 0.1824561403508772 0.002147239263803681 0.028070175438596492
0 0.4587423312883436 0.3201754385964912 0.003374233128834356 0.054385964912280704
0 0.4789877300613497 0.23421052631578948 0.0027607361963190185 0.03684210526315789
0 0.5877300613496933 0.45526315789473687 0.004294478527607362 0.06491228070175438
0 0.5691717791411043 0.35789473684210527 0.003374233128834356 0.04912280701754386
0 0.5659509202453987 0.2833333333333333 0.003067484662576687 0.05087719298245614
0 0.5134969325153375 0.17017543859649123 0.00245398773006135 0.031578947368421054
0 0.5182515337423312 0.2482456140350877 0.0027607361963190185 0.05087719298245614
0 0.729601226993865 0.3254385964912281 0.003374233128834356 0.05087719298245614
0 0.5796012269938651 0.34035087719298246 0.003374233128834356 0.056140350877192984
0 0.5938650306748466 0.4307017543859649 0.004294478527607362 0.06491228070175438
0 0.5773006134969325 0.27631578947368424 0.003067484662576687 0.05087719298245614
0 0.5579754601226994 0.21052631578947367 0.00245398773006135 0.042105263157894736
0 0.5125766871165645 0.4456140350877193 0.004294478527607362 0.06315789473684211
0 0.5375766871165644 0.31666666666666665 0.003374233128834356 0.054385964912280704
0 0.4803680981595092 0.24912280701754386 0.003067484662576687 0.03859649122807018
0 0.5184049079754601 0.24298245614035088 0.003067484662576687 0.05087719298245614
0 0.47576687116564415 0.1912280701754386 0.0036809815950920245 0.04912280701754386
0 0.44171779141104295 0.3043859649122807 0.0036809815950920245 0.054385964912280704