0 0.25828220858895706 0.3219298245614035 0.004294478527607362 0.06491228070175438
0 0.46794478527607364 0.7078947368421052 0.005828220858895706 0.08947368421052632
0 0.3995398773006135 0.4236842105263158 0.003987730061349694 0.06491228070175438
0 0.419478527607362 0.24298245614035088 0.0027607361963190185 0.04736842105263158
0 0.45858895705521474 0.19824561403508772 0.00245398773006135 0.031578947368421054
0 0.4544478527607362 0.3307017543859649 0.0027607361963190185 0.05087719298245614
0 0.4714723926380368 0.2789473684210526 0.003067484662576687 0.0456140350877193
0 0.5599693251533743 0.493859649122807 0.004601226993865031 0.06842105263157895
0 0.5427914110429448 0.3263157894736842 0.003374233128834356 0.04912280701754386
0 0.5334355828220859 0.27982456140350875 0.003067484662576687 0.054385964912280704
0 0.49309815950920244 0.17280701754385966 0.0027607361963190185 0.043859649122807015
0 0.519478527607362 0.25087719298245614 0.0027607361963190185 0.03508771929824561
0 0.7308282208588958 0.3263157894736842 0.003374233128834356 0.056140350877192984
0 0.6033742331288343 0.35526315789473684 0.0036809815950920245 0.05789473684210526
0 0.6124233128834355 0.47543859649122805 0.004601226993865031 0.07017543859649122
0 0.5904907975460123 0.2868421052631579 0.003067484662576687 0.04736842105263158
0 0.573159509202454 0.23771929824561402 0.0027607361963190185 0.04736842105263158
0 0.5366564417177914 0.49912280701754386 0.004601226993865031 0.07192982456140351
0 0.5515337423312884 0.34649122807017546 0.0036809815950920245 0.05789473684210526
0 0.49647239263803683 0.3131578947368421 0.003374233128834356 0.054385964912280704
0 0.5302147239263804 0.27631578947368424 0.003374233128834356 0.054385964912280704
0 0.5226993865030675 0.1956140350877193 0.0036809815950920245 0.043859649122807015
0 0.4476993865030675 0.3280701754385965 0.003374233128834356 0.05263157894736842