0 0.24877300613496933 0.3570175438596491 0.00245398773006135 0.06491228070175438
0 0.379601226993865 0.5491228070175439 0.003987730061349694 0.07017543859649122
0 0.39079754601226996 0.4631578947368421 0.004294478527607362 0.07368421052631578
0 0.39125766871165646 0.37543859649122807 0.0027607361963190185 0.0456140350877193
0 0.4081288343558282 0.29035087719298247 0.003987730061349694 0.054385964912280704
0 0.45674846625766874 0.3736842105263158 0.0036809815950920245 0.05964912280701754
0 0.4288343558282209 0.49473684210526314 0.0036809815950920245 0.07017543859649122
0 0.42438650306748466 0.606140350877193 0.004601226993865031 0.07894736842105263
0 0.48849693251533743 0.49473684210526314 0.004601226993865031 0.07017543859649122
0 0.5236196319018405 0.3719298245614035 0.0036809815950920245 0.05964912280701754
0 0.44739263803680984 0.23859649122807017 0.0027607361963190185 0.0456140350877193
0 0.4088957055214724 0.5675438596491228 0.004294478527607362 0.08947368421052632
0 0.7180981595092024 0.34649122807017546 0.0036809815950920245 0.05789473684210526
0 0.5260736196319018 0.5368421052631579 0.0049079754601227 0.08070175438596491
0 0.4208588957055215 0.7649122807017544 0.006134969325153374 0.09824561403508772
0 0.6059815950920245 0.30964912280701756 0.003374233128834356 0.054385964912280704
0 0.471319018404908 0.18070175438596492 0.002147239263803681 0.031578947368421054
0 0.3579754601226994 0.7263157894736842 0.006134969325153374 0.09473684210526316
0 0.43757668711656444 0.5421052631578948 0.003987730061349694 0.06666666666666667
0 0.4050613496932515 0.47368421052631576 0.004601226993865031 0.07017543859649122
0 0.47883435582822087 0.38421052631578945 0.0036809815950920245 0.05263157894736842
0 0.42392638036809815 0.2675438596491228 0.003067484662576687 0.05087719298245614
0 0.3915644171779141 0.4105263157894737 0.003987730061349694 0.05964912280701754