0 0.29325153374233126 0.32894736842105265 0.0036809815950920245 0.06491228070175438
0 0.48573619631901843 0.4605263157894737 0.003987730061349694 0.06842105263157895
0 0.4865030674846626 0.3298245614035088 0.0036809815950920245 0.05964912280701754
0 0.4855828220858896 0.25526315789473686 0.003067484662576687 0.04736842105263158
0 0.48957055214723927 0.19298245614035087 0.0036809815950920245 0.0456140350877193
0 0.605521472392638 0.27456140350877195 0.003067484662576687 0.05087719298245614
0 0.5366564417177914 0.22543859649122808 0.0027607361963190185 0.04035087719298246
0 0.5593558282208589 0.41842105263157897 0.003987730061349694 0.06140350877192982
0 0.6423312883435582 0.3570175438596491 0.0036809815950920245 0.05789473684210526
0 0.6242331288343558 0.1868421052631579 0.00245398773006135 0.04035087719298246
0 0.5595092024539877 0.19298245614035087 0.00245398773006135 0.042105263157894736
0 0.5585889570552147 0.3017543859649123 0.003067484662576687 0.05263157894736842
0 0.7170245398773006 0.25087719298245614 0.0027607361963190185 0.0456140350877193
0 0.7208588957055214 0.43508771929824563 0.004294478527607362 0.06666666666666667
0 0.6223926380368098 0.624561403508772 0.005521472392638037 0.08421052631578947
0 0.626840490797546 0.1692982456140351 0.003374233128834356 0.04035087719298246
0 0.5317484662576687 0.15789473684210525 0.003374233128834356 0.042105263157894736
0 0.4947852760736196 0.5342105263157895 0.0049079754601227 0.07543859649122807
0 0.61579754601227 0.31666666666666665 0.003374233128834356 0.054385964912280704
0 0.5010736196319019 0.23333333333333334 0.0027607361963190185 0.0456140350877193
0 0.5927914110429447 0.22894736842105262 0.003374233128834356 0.05087719298245614
0 0.5262269938650307 0.193859649122807 0.003987730061349694 0.04736842105263158
0 0.48282208588957054 0.28771929824561404 0.0036809815950920245 0.056140350877192984