0 0.25690184049079756 0.3447368421052632 0.003374233128834356 0.05789473684210526
0 0.40950920245398775 0.4675438596491228 0.004294478527607362 0.05789473684210526
0 0.4226993865030675 0.39035087719298245 0.003067484662576687 0.05789473684210526
0 0.42622699386503066 0.32105263157894737 0.003987730061349694 0.056140350877192984
0 0.43420245398773005 0.23421052631578948 0.0027607361963190185 0.043859649122807015
0 0.4719325153374233 0.42719298245614035 0.003987730061349694 0.06842105263157895
0 0.47975460122699387 0.3078947368421053 0.003067484662576687 0.05087719298245614
0 0.4848159509202454 0.519298245614035 0.004601226993865031 0.07017543859649122
0 0.5453987730061349 0.3815789473684211 0.0036809815950920245 0.05087719298245614
0 0.553680981595092 0.2771929824561403 0.003067484662576687 0.04912280701754386
0 0.48941717791411044 0.2394736842105263 0.0027607361963190185 0.04035087719298246
0 0.4696319018404908 0.44298245614035087 0.003067484662576687 0.07543859649122807
0 0.7096625766871165 0.3280701754385965 0.003374233128834356 0.056140350877192984
0 0.5872699386503067 0.41754385964912283 0.003987730061349694 0.06315789473684211
0 0.5638036809815951 0.7035087719298245 0.006134969325153374 0.0912280701754386
0 0.592638036809816 0.27280701754385966 0.003067484662576687 0.05087719298245614
0 0.5107361963190185 0.17105263157894737 0.00245398773006135 0.03333333333333333
0 0.40429447852760736 0.5228070175438596 0.0049079754601227 0.07368421052631578
0 0.4820552147239264 0.5017543859649123 0.003987730061349694 0.07017543859649122
0 0.49877300613496933 0.27631578947368424 0.003067484662576687 0.05087719298245614
0 0.4644171779141104 0.36666666666666664 0.0036809815950920245 0.05263157894736842
0 0.44079754601226995 0.19298245614035087 0.00245398773006135 0.03859649122807018
0 0.4208588957055215 0.3385964912280702 0.0036809815950920245 0.05263157894736842