0 0.2645705521472393 0.3043859649122807 0.003987730061349694 0.06140350877192982
0 0.4634969325153374 0.6464912280701754 0.005521472392638037 0.0824561403508772
0 0.4062883435582822 0.4017543859649123 0.003987730061349694 0.06315789473684211
0 0.4124233128834356 0.22280701754385965 0.0027607361963190185 0.0456140350877193
0 0.45613496932515335 0.18771929824561404 0.00245398773006135 0.042105263157894736
0 0.4602760736196319 0.31491228070175437 0.003374233128834356 0.054385964912280704
0 0.47684049079754603 0.24912280701754386 0.0027607361963190185 0.042105263157894736
0 0.5901840490797546 0.4710526315789474 0.004294478527607362 0.06842105263157895
0 0.5684049079754602 0.30526315789473685 0.003067484662576687 0.042105263157894736
0 0.5581288343558283 0.27631578947368424 0.0027607361963190185 0.05087719298245614
0 0.48819018404907977 0.16140350877192983 0.002147239263803681 0.03508771929824561
0 0.532361963190184 0.24912280701754386 0.003987730061349694 0.04912280701754386
0 0.7329754601226994 0.3236842105263158 0.003374233128834356 0.054385964912280704
0 0.5967791411042945 0.31842105263157894 0.003374233128834356 0.05087719298245614
0 0.6144171779141104 0.43508771929824563 0.004294478527607362 0.06666666666666667
0 0.5861963190184049 0.27017543859649124 0.003067484662576687 0.04912280701754386
0 0.5708588957055215 0.21666666666666667 0.00245398773006135 0.043859649122807015
0 0.5358895705521473 0.4587719298245614 0.004294478527607362 0.06842105263157895
0 0.5526073619631902 0.31140350877192985 0.003374233128834356 0.054385964912280704
0 0.495398773006135 0.2649122807017544 0.003067484662576687 0.04912280701754386
0 0.5381901840490797 0.2482456140350877 0.0027607361963190185 0.04736842105263158
0 0.495398773006135 0.1763157894736842 0.0036809815950920245 0.043859649122807015
0 0.45613496932515335 0.3017543859649123 0.003067484662576687 0.05263157894736842