0 0.3282208588957055 0.29473684210526313 0.003067484662576687 0.05964912280701754
0 0.49555214723926383 0.4166666666666667 0.003987730061349694 0.04035087719298246
0 0.46763803680981597 0.22982456140350876 0.0027607361963190185 0.0456140350877193
0 0.48895705521472393 0.18859649122807018 0.0018404907975460123 0.03684210526315789
0 0.5900306748466257 0.18333333333333332 0.002147239263803681 0.02982456140350877
0 0.6050613496932515 0.23421052631578948 0.0027607361963190185 0.04736842105263158
0 0.5361963190184049 0.21403508771929824 0.00245398773006135 0.042105263157894736
0 0.6099693251533742 0.39035087719298245 0.003987730061349694 0.06140350877192982
0 0.6122699386503068 0.26228070175438595 0.003067484662576687 0.06140350877192982
0 0.556441717791411 0.2710526315789474 0.003067484662576687 0.04736842105263158
0 0.560122699386503 0.19035087719298247 0.00245398773006135 0.03684210526315789
0 0.5476993865030675 0.2535087719298246 0.003374233128834356 0.05087719298245614
0 0.7354294478527608 0.31842105263157894 0.003374233128834356 0.054385964912280704
0 0.660122699386503 0.26842105263157895 0.0036809815950920245 0.0456140350877193
0 0.6315950920245399 0.38070175438596493 0.0036809815950920245 0.05964912280701754
0 0.6274539877300613 0.2394736842105263 0.003987730061349694 0.04736842105263158
0 0.6210122699386503 0.21666666666666667 0.003374233128834356 0.043859649122807015
0 0.5460122699386503 0.4368421052631579 0.004294478527607362 0.06666666666666667
0 0.5794478527607362 0.2833333333333333 0.003067484662576687 0.05087719298245614
0 0.5375766871165644 0.2649122807017544 0.0027607361963190185 0.03859649122807018
0 0.5542944785276074 0.20701754385964913 0.003067484662576687 0.04912280701754386
0 0.4901840490797546 0.16578947368421051 0.00245398773006135 0.04736842105263158
0 0.49325153374233127 0.22543859649122808 0.0036809815950920245 0.05087719298245614