0 0.3449386503067485 0.27982456140350875 0.003374233128834356 0.054385964912280704
0 0.49555214723926383 0.4131578947368421 0.003987730061349694 0.03333333333333333
0 0.4526073619631902 0.2394736842105263 0.0027607361963190185 0.04736842105263158
0 0.4751533742331288 0.20789473684210527 0.00245398773006135 0.043859649122807015
0 0.5429447852760736 0.15526315789473685 0.00245398773006135 0.04736842105263158
0 0.5664110429447853 0.23421052631578948 0.0027607361963190185 0.043859649122807015
0 0.5251533742331288 0.20350877192982456 0.00245398773006135 0.042105263157894736
0 0.6154907975460123 0.3929824561403509 0.003987730061349694 0.05964912280701754
0 0.5903374233128834 0.2578947368421053 0.0027607361963190185 0.04912280701754386
0 0.5346625766871166 0.27280701754385966 0.003067484662576687 0.05087719298245614
0 0.5541411042944785 0.17105263157894737 0.002147239263803681 0.03684210526315789
0 0.5513803680981595 0.23596491228070177 0.003374233128834356 0.054385964912280704
0 0.7107361963190184 0.306140350877193 0.003067484662576687 0.04736842105263158
0 0.618558282208589 0.27280701754385966 0.003987730061349694 0.05789473684210526
0 0.6253067484662577 0.3447368421052632 0.003374233128834356 0.05789473684210526
0 0.6001533742331289 0.22543859649122808 0.003987730061349694 0.054385964912280704
0 0.5955521472392638 0.20175438596491227 0.003374233128834356 0.05263157894736842
0 0.5516871165644172 0.38859649122807016 0.003987730061349694 0.06140350877192982
0 0.5641104294478527 0.27280701754385966 0.003067484662576687 0.05087719298245614
0 0.5280674846625767 0.2394736842105263 0.0027607361963190185 0.04736842105263158
0 0.5565950920245398 0.20877192982456141 0.0027607361963190185 0.0456140350877193
0 0.5156441717791411 0.16666666666666666 0.003067484662576687 0.042105263157894736
0 0.48190184049079754 0.21578947368421053 0.003067484662576687 0.04912280701754386