0 0.24141104294478527 0.3894736842105263 0.0036809815950920245 0.07719298245614035
0 0.2800613496932515 0.6421052631578947 0.005521472392638037 0.07368421052631578
0 0.2929447852760736 0.49122807017543857 0.0049079754601227 0.08421052631578947
0 0.3581288343558282 0.2578947368421053 0.0027607361963190185 0.04912280701754386
0 0.447239263803681 0.19035087719298247 0.00245398773006135 0.02982456140350877
0 0.3803680981595092 0.35175438596491226 0.0036809815950920245 0.04736842105263158
0 0.4464723926380368 0.49122807017543857 0.004601226993865031 0.06315789473684211
0 0.5578220858895706 0.5631578947368421 0.005214723926380368 0.07368421052631578
0 0.5253067484662577 0.40087719298245617 0.003987730061349694 0.06140350877192982
0 0.5118098159509202 0.34210526315789475 0.003374233128834356 0.056140350877192984
0 0.49892638036809817 0.22456140350877193 0.0027607361963190185 0.0456140350877193
0 0.4947852760736196 0.28157894736842104 0.004294478527607362 0.06491228070175438
0 0.7161042944785276 0.34912280701754383 0.003374233128834356 0.05263157894736842
0 0.5720858895705522 0.4421052631578947 0.004294478527607362 0.06666666666666667
0 0.5679447852760736 0.5649122807017544 0.005214723926380368 0.07719298245614035
0 0.5438650306748466 0.34649122807017546 0.0036809815950920245 0.05789473684210526
0 0.5346625766871166 0.27017543859649124 0.003067484662576687 0.04912280701754386
0 0.419478527607362 0.6131578947368421 0.005214723926380368 0.0824561403508772
0 0.5131901840490798 0.46403508771929824 0.004294478527607362 0.06842105263157895
0 0.4245398773006135 0.46578947368421053 0.004294478527607362 0.06842105263157895
0 0.4848159509202454 0.3447368421052632 0.003374233128834356 0.05789473684210526
0 0.4050613496932515 0.2596491228070175 0.003374233128834356 0.05263157894736842
0 0.3023006134969325 0.506140350877193 0.005214723926380368 0.07543859649122807