0 0.26533742331288346 0.3412280701754386 0.003067484662576687 0.05789473684210526
0 0.3950920245398773 0.5543859649122806 0.0049079754601227 0.06666666666666667
0 0.4121165644171779 0.41403508771929826 0.003987730061349694 0.05263157894736842
0 0.4455521472392638 0.3131578947368421 0.003374233128834356 0.05789473684210526
0 0.43757668711656444 0.23859649122807017 0.0027607361963190185 0.0456140350877193
0 0.4503067484662577 0.4307017543859649 0.004294478527607362 0.06491228070175438
0 0.4820552147239264 0.3140350877192982 0.003374233128834356 0.0456140350877193
0 0.4570552147239264 0.6017543859649123 0.0049079754601227 0.07368421052631578
0 0.47208588957055214 0.5359649122807018 0.0049079754601227 0.07192982456140351
0 0.5188650306748466 0.3350877192982456 0.003374233128834356 0.05263157894736842
0 0.5124233128834356 0.2578947368421053 0.0027607361963190185 0.04912280701754386
0 0.4834355828220859 0.43508771929824563 0.0036809815950920245 0.06315789473684211
0 0.7134969325153374 0.35175438596491226 0.0036809815950920245 0.05789473684210526
0 0.6111963190184049 0.5105263157894737 0.004601226993865031 0.07368421052631578
0 0.5090490797546012 0.6833333333333333 0.005828220858895706 0.08947368421052632
0 0.5952453987730061 0.34035087719298246 0.003374233128834356 0.05263157894736842
0 0.5435582822085889 0.21929824561403508 0.00245398773006135 0.0456140350877193
0 0.3918711656441718 0.6578947368421053 0.005828220858895706 0.08771929824561403
0 0.4639570552147239 0.4421052631578947 0.003374233128834356 0.06666666666666667
0 0.48098159509202454 0.2736842105263158 0.003067484662576687 0.0456140350877193
0 0.5411042944785276 0.43333333333333335 0.004294478527607362 0.06666666666666667
0 0.45429447852760735 0.21140350877192982 0.00245398773006135 0.043859649122807015
0 0.40245398773006136 0.437719298245614 0.004294478527607362 0.06491228070175438