0 0.36641104294478527 0.3157894736842105 0.002147239263803681 0.056140350877192984
0 0.6220858895705521 0.4666666666666667 0.004294478527607362 0.06666666666666667
0 0.5409509202453988 0.3263157894736842 0.003374233128834356 0.04912280701754386
0 0.528680981595092 0.2614035087719298 0.0027607361963190185 0.0456140350877193
0 0.646319018404908 0.16052631578947368 0.003067484662576687 0.04035087719298246
0 0.5812883435582822 0.20789473684210527 0.00245398773006135 0.043859649122807015
0 0.6269938650306749 0.27982456140350875 0.003067484662576687 0.043859649122807015
0 0.7226993865030675 0.3736842105263158 0.0036809815950920245 0.05964912280701754
0 0.6746932515337424 0.32105263157894737 0.003374233128834356 0.05263157894736842
0 0.6719325153374233 0.22894736842105262 0.003374233128834356 0.04736842105263158
0 0.6322085889570552 0.17894736842105263 0.003067484662576687 0.03859649122807018
0 0.6510736196319018 0.23157894736842105 0.003987730061349694 0.05263157894736842
0 0.7711656441717791 0.3263157894736842 0.0036809815950920245 0.05964912280701754
0 0.7159509202453987 0.306140350877193 0.005521472392638037 0.06140350877192982
0 0.7322085889570552 0.36666666666666664 0.0036809815950920245 0.05263157894736842
0 0.6762269938650307 0.22982456140350876 0.003374233128834356 0.05263157894736842
0 0.6598159509202454 0.1763157894736842 0.003067484662576687 0.04035087719298246
0 0.6995398773006135 0.4087719298245614 0.003987730061349694 0.05964912280701754
0 0.700920245398773 0.30701754385964913 0.003067484662576687 0.0456140350877193
0 0.6145705521472392 0.2149122807017544 0.0027607361963190185 0.04736842105263158
0 0.6613496932515337 0.25877192982456143 0.0036809815950920245 0.04736842105263158
0 0.6427914110429448 0.18070175438596492 0.003987730061349694 0.0456140350877193
0 0.5461656441717792 0.3254385964912281 0.003374233128834356 0.05789473684210526