0 0.30598159509202455 0.3026315789473684 0.0027607361963190185 0.04736842105263158
0 0.5463190184049079 0.5552631578947368 0.0049079754601227 0.06842105263157895
0 0.4578220858895706 0.34035087719298246 0.003374233128834356 0.056140350877192984
0 0.4610429447852761 0.2 0.00245398773006135 0.042105263157894736
0 0.5156441717791411 0.17017543859649123 0.00245398773006135 0.042105263157894736
0 0.5245398773006135 0.3201754385964912 0.003067484662576687 0.043859649122807015
0 0.5398773006134969 0.2149122807017544 0.003067484662576687 0.043859649122807015
0 0.5820552147239264 0.4280701754385965 0.003987730061349694 0.06315789473684211
0 0.5868098159509203 0.2956140350877193 0.003067484662576687 0.04736842105263158
0 0.5006134969325153 0.2850877192982456 0.003067484662576687 0.05087719298245614
0 0.5691717791411043 0.18421052631578946 0.002147239263803681 0.031578947368421054
0 0.5340490797546013 0.23508771929824562 0.003067484662576687 0.05263157894736842
0 0.7487730061349693 0.3350877192982456 0.0036809815950920245 0.04912280701754386
0 0.6145705521472392 0.31140350877192985 0.003374233128834356 0.054385964912280704
0 0.6013803680981595 0.40350877192982454 0.003987730061349694 0.06315789473684211
0 0.599079754601227 0.26842105263157895 0.003067484662576687 0.04912280701754386
0 0.5820552147239264 0.19912280701754387 0.004601226993865031 0.04035087719298246
0 0.5690184049079755 0.4456140350877193 0.004294478527607362 0.06315789473684211
0 0.5164110429447852 0.31140350877192985 0.003374233128834356 0.054385964912280704
0 0.5131901840490798 0.22456140350877193 0.0036809815950920245 0.04912280701754386
0 0.5636503067484663 0.25877192982456143 0.0027607361963190185 0.04035087719298246
0 0.5303680981595092 0.1736842105263158 0.003067484662576687 0.042105263157894736
0 0.4854294478527607 0.24035087719298245 0.003374233128834356 0.0456140350877193