0 0.3177914110429448 0.2982456140350877 0.004294478527607362 0.05263157894736842
0 0.49524539877300616 0.41228070175438597 0.003374233128834356 0.042105263157894736
0 0.4642638036809816 0.27017543859649124 0.0027607361963190185 0.04912280701754386
0 0.4630368098159509 0.1649122807017544 0.0027607361963190185 0.03508771929824561
0 0.5302147239263804 0.15350877192982457 0.002147239263803681 0.03684210526315789
0 0.5533742331288344 0.27017543859649124 0.003067484662576687 0.04912280701754386
0 0.5115030674846626 0.1824561403508772 0.002147239263803681 0.028070175438596492
0 0.6052147239263803 0.37105263157894736 0.0036809815950920245 0.05789473684210526
0 0.5829754601226994 0.25263157894736843 0.0027607361963190185 0.04912280701754386
0 0.5288343558282208 0.2710526315789474 0.003067484662576687 0.05087719298245614
0 0.5595092024539877 0.16140350877192983 0.003067484662576687 0.03508771929824561
0 0.5391104294478528 0.23684210526315788 0.003374233128834356 0.05263157894736842
0 0.723159509202454 0.30526315789473685 0.003374233128834356 0.05263157894736842
0 0.602760736196319 0.26666666666666666 0.003067484662576687 0.04912280701754386
0 0.623159509202454 0.3350877192982456 0.003374233128834356 0.056140350877192984
0 0.6024539877300613 0.22280701754385965 0.003067484662576687 0.0456140350877193
0 0.5799079754601227 0.17719298245614035 0.0027607361963190185 0.03859649122807018
0 0.5450920245398773 0.3798245614035088 0.0036809815950920245 0.06140350877192982
0 0.5653374233128834 0.27017543859649124 0.003067484662576687 0.04912280701754386
0 0.5226993865030675 0.2043859649122807 0.00245398773006135 0.043859649122807015
0 0.5733128834355828 0.21228070175438596 0.003067484662576687 0.0456140350877193
0 0.5423312883435583 0.16842105263157894 0.00245398773006135 0.042105263157894736
0 0.48098159509202454 0.21228070175438596 0.003067484662576687 0.05263157894736842