0 0.1901840490797546 0.42105263157894735 0.0036809815950920245 0.05263157894736842
0 0.20950920245398774 0.7868421052631579 0.006748466257668712 0.1
0 0.15674846625766872 0.6403508771929824 0.005521472392638037 0.07368421052631578
0 0.3182515337423313 0.4087719298245614 0.003374233128834356 0.06666666666666667
0 0.3590490797546012 0.31842105263157894 0.003374233128834356 0.05087719298245614
0 0.38404907975460123 0.6447368421052632 0.006134969325153374 0.09298245614035087
0 0.3900306748466258 0.4903508771929825 0.004601226993865031 0.06491228070175438
0 0.49693251533742333 0.6666666666666666 0.0049079754601227 0.08070175438596491
0 0.5653374233128834 0.6464912280701754 0.005521472392638037 0.08596491228070176
0 0.499079754601227 0.38421052631578945 0.0036809815950920245 0.05964912280701754
0 0.49785276073619633 0.3 0.003067484662576687 0.05263157894736842
0 0.42300613496932515 0.4692982456140351 0.004294478527607362 0.07543859649122807
0 0.6957055214723926 0.3736842105263158 0.0036809815950920245 0.05964912280701754
0 0.5443251533742332 0.5771929824561404 0.005214723926380368 0.08070175438596491
0 0.5030674846625767 0.6859649122807018 0.0049079754601227 0.09473684210526316
0 0.5455521472392638 0.4070175438596491 0.003987730061349694 0.06315789473684211
0 0.5087423312883436 0.2929824561403509 0.003374233128834356 0.04912280701754386
0 0.3079754601226994 0.7166666666666667 0.006134969325153374 0.09298245614035087
0 0.38834355828220857 0.6394736842105263 0.005521472392638037 0.0824561403508772
0 0.35153374233128837 0.44298245614035087 0.004294478527607362 0.06140350877192982
0 0.4115030674846626 0.49736842105263157 0.004601226993865031 0.07192982456140351
0 0.36533742331288344 0.31666666666666665 0.003067484662576687 0.05087719298245614
0 0.24662576687116564 0.5868421052631579 0.005521472392638037 0.07192982456140351