0 0.329601226993865 0.2885964912280702 0.003374233128834356 0.054385964912280704
0 0.49524539877300616 0.4114035087719298 0.003374233128834356 0.04035087719298246
0 0.4602760736196319 0.2614035087719298 0.0027607361963190185 0.04912280701754386
0 0.4633435582822086 0.1692982456140351 0.0027607361963190185 0.04035087719298246
0 0.5294478527607362 0.15175438596491228 0.00245398773006135 0.04035087719298246
0 0.5562883435582822 0.2578947368421053 0.0027607361963190185 0.04912280701754386
0 0.5144171779141105 0.18421052631578946 0.00245398773006135 0.031578947368421054
0 0.6088957055214724 0.3736842105263158 0.0036809815950920245 0.05964912280701754
0 0.5869631901840491 0.24912280701754386 0.0027607361963190185 0.042105263157894736
0 0.5300613496932516 0.2710526315789474 0.003067484662576687 0.05087719298245614
0 0.557361963190184 0.16140350877192983 0.00245398773006135 0.031578947368421054
0 0.5397239263803681 0.2307017543859649 0.003374233128834356 0.054385964912280704
0 0.7144171779141104 0.3017543859649123 0.003067484662576687 0.05263157894736842
0 0.602760736196319 0.2692982456140351 0.003067484662576687 0.043859649122807015
0 0.628680981595092 0.3368421052631579 0.003374233128834356 0.056140350877192984
0 0.5995398773006135 0.22280701754385965 0.003987730061349694 0.056140350877192984
0 0.5809815950920245 0.1780701754385965 0.003067484662576687 0.03684210526315789
0 0.5484662576687117 0.37719298245614036 0.0036809815950920245 0.05964912280701754
0 0.5644171779141104 0.2710526315789474 0.003067484662576687 0.05087719298245614
0 0.5230061349693251 0.2149122807017544 0.00245398773006135 0.043859649122807015
0 0.5673312883435583 0.20877192982456141 0.003374233128834356 0.0456140350877193
0 0.5361963190184049 0.16666666666666666 0.0036809815950920245 0.0456140350877193
0 0.4820552147239264 0.21754385964912282 0.0027607361963190185 0.04912280701754386