0 0.3079754601226994 0.32894736842105265 0.003067484662576687 0.05087719298245614
0 0.6653374233128835 0.6394736842105263 0.005521472392638037 0.06491228070175438
0 0.4710122699386503 0.40350877192982454 0.003987730061349694 0.06315789473684211
0 0.47868098159509204 0.23771929824561402 0.0027607361963190185 0.04736842105263158
0 0.531441717791411 0.18421052631578946 0.002147239263803681 0.042105263157894736
0 0.5098159509202455 0.39210526315789473 0.003067484662576687 0.05087719298245614
0 0.570398773006135 0.25 0.0027607361963190185 0.04736842105263158
0 0.553680981595092 0.4692982456140351 0.004294478527607362 0.05789473684210526
0 0.6329754601226993 0.34649122807017546 0.003987730061349694 0.054385964912280704
0 0.5263803680981595 0.3587719298245614 0.0036809815950920245 0.05789473684210526
0 0.6006134969325153 0.19824561403508772 0.00245398773006135 0.03859649122807018
0 0.5440184049079755 0.2596491228070175 0.0027607361963190185 0.0456140350877193
0 0.7684049079754601 0.3482456140350877 0.0036809815950920245 0.05789473684210526
0 0.6496932515337424 0.3868421052631579 0.0036809815950920245 0.06140350877192982
0 0.5788343558282208 0.4587719298245614 0.004294478527607362 0.06491228070175438
0 0.625920245398773 0.3078947368421053 0.004601226993865031 0.05789473684210526
0 0.6107361963190184 0.23859649122807017 0.0036809815950920245 0.03508771929824561
0 0.6377300613496932 0.5526315789473685 0.0049079754601227 0.07368421052631578
0 0.5349693251533743 0.38070175438596493 0.0036809815950920245 0.05964912280701754
0 0.5501533742331288 0.27631578947368424 0.003374233128834356 0.05087719298245614
0 0.587116564417178 0.3219298245614035 0.003067484662576687 0.04736842105263158
0 0.5512269938650307 0.18596491228070175 0.003067484662576687 0.03859649122807018
0 0.4958588957055215 0.3 0.003374233128834356 0.0456140350877193