0 0.2570552147239264 0.3447368421052632 0.003067484662576687 0.05789473684210526
0 0.40950920245398775 0.4649122807017544 0.004294478527607362 0.056140350877192984
0 0.4226993865030675 0.39035087719298245 0.003067484662576687 0.05789473684210526
0 0.42668711656441716 0.32105263157894737 0.0036809815950920245 0.056140350877192984
0 0.43420245398773005 0.23421052631578948 0.0027607361963190185 0.043859649122807015
0 0.4719325153374233 0.42719298245614035 0.003987730061349694 0.06842105263157895
0 0.48006134969325154 0.3078947368421053 0.003067484662576687 0.05087719298245614
0 0.4849693251533742 0.519298245614035 0.0049079754601227 0.07017543859649122
0 0.5463190184049079 0.38070175438596493 0.0036809815950920245 0.05263157894736842
0 0.553680981595092 0.2771929824561403 0.003067484662576687 0.04912280701754386
0 0.49003067484662577 0.23859649122807017 0.0027607361963190185 0.042105263157894736
0 0.4696319018404908 0.4421052631578947 0.003067484662576687 0.07368421052631578
0 0.7096625766871165 0.3263157894736842 0.003374233128834356 0.056140350877192984
0 0.5872699386503067 0.41403508771929826 0.003987730061349694 0.06315789473684211
0 0.5638036809815951 0.706140350877193 0.006134969325153374 0.09298245614035087
0 0.5932515337423313 0.27017543859649124 0.003067484662576687 0.04912280701754386
0 0.5107361963190185 0.17105263157894737 0.00245398773006135 0.03333333333333333
0 0.404601226993865 0.5236842105263158 0.0049079754601227 0.07543859649122807
0 0.4820552147239264 0.5026315789473684 0.003987730061349694 0.06842105263157895
0 0.499079754601227 0.2771929824561403 0.003067484662576687 0.04912280701754386
0 0.4642638036809816 0.36666666666666664 0.003987730061349694 0.05263157894736842
0 0.4409509202453988 0.19210526315789472 0.0027607361963190185 0.04035087719298246
0 0.4208588957055215 0.3385964912280702 0.0036809815950920245 0.05263157894736842