0 0.25828220858895706 0.32280701754385965 0.004294478527607362 0.06315789473684211
0 0.46932515337423314 0.718421052631579 0.006134969325153374 0.09298245614035087
0 0.39892638036809813 0.42543859649122806 0.003987730061349694 0.06491228070175438
0 0.420398773006135 0.24473684210526317 0.0027607361963190185 0.04736842105263158
0 0.45766871165644174 0.19649122807017544 0.00245398773006135 0.028070175438596492
0 0.45245398773006135 0.3333333333333333 0.00245398773006135 0.05263157894736842
0 0.46932515337423314 0.2850877192982456 0.003067484662576687 0.05087719298245614
0 0.5541411042944785 0.49473684210526314 0.004601226993865031 0.07017543859649122
0 0.5394171779141105 0.3307017543859649 0.003374233128834356 0.054385964912280704
0 0.5315950920245399 0.27982456140350875 0.003067484662576687 0.054385964912280704
0 0.49371165644171777 0.17192982456140352 0.0027607361963190185 0.042105263157894736
0 0.5164110429447852 0.2482456140350877 0.0027607361963190185 0.04736842105263158
0 0.7311349693251534 0.3263157894736842 0.003374233128834356 0.056140350877192984
0 0.605521472392638 0.3570175438596491 0.0036809815950920245 0.05789473684210526
0 0.6118098159509202 0.4824561403508772 0.004601226993865031 0.07017543859649122
0 0.5911042944785276 0.2868421052631579 0.003067484662576687 0.05087719298245614
0 0.5737730061349693 0.2412280701754386 0.0027607361963190185 0.04736842105263158
0 0.5372699386503067 0.5070175438596491 0.004601226993865031 0.07368421052631578
0 0.5506134969325154 0.35526315789473684 0.0036809815950920245 0.05789473684210526
0 0.49616564417177916 0.3219298245614035 0.003374233128834356 0.054385964912280704
0 0.528680981595092 0.2736842105263158 0.003374233128834356 0.056140350877192984
0 0.5269938650306748 0.19736842105263158 0.0036809815950920245 0.043859649122807015
0 0.4464723926380368 0.3368421052631579 0.003374233128834356 0.056140350877192984