0 0.3628834355828221 0.31666666666666665 0.00245398773006135 0.05789473684210526
0 0.6223926380368098 0.4728070175438597 0.004294478527607362 0.06842105263157895
0 0.5400306748466258 0.3350877192982456 0.003374233128834356 0.056140350877192984
0 0.5288343558282208 0.26052631578947366 0.00245398773006135 0.03684210526315789
0 0.6337423312883436 0.16052631578947368 0.003067484662576687 0.043859649122807015
0 0.5717791411042945 0.19912280701754387 0.00245398773006135 0.03684210526315789
0 0.6191717791411043 0.26228070175438595 0.0027607361963190185 0.04736842105263158
0 0.7168711656441717 0.38421052631578945 0.0036809815950920245 0.05964912280701754
0 0.675 0.3298245614035088 0.003374233128834356 0.056140350877192984
0 0.6638036809815951 0.23157894736842105 0.003067484662576687 0.03859649122807018
0 0.6190184049079754 0.18333333333333332 0.003067484662576687 0.04035087719298246
0 0.6432515337423312 0.2324561403508772 0.0036809815950920245 0.05087719298245614
0 0.7665644171779141 0.3236842105263158 0.004294478527607362 0.06491228070175438
0 0.7058282208588957 0.30526315789473685 0.0049079754601227 0.056140350877192984
0 0.7239263803680982 0.3701754385964912 0.0036809815950920245 0.05263157894736842
0 0.6659509202453988 0.2307017543859649 0.003067484662576687 0.04736842105263158
0 0.6515337423312884 0.1780701754385965 0.003067484662576687 0.043859649122807015
0 0.6927914110429448 0.41403508771929826 0.003987730061349694 0.056140350877192984
0 0.6878834355828221 0.30350877192982456 0.004601226993865031 0.05263157894736842
0 0.6044478527607362 0.2149122807017544 0.0027607361963190185 0.04736842105263158
0 0.6483128834355828 0.2614035087719298 0.003987730061349694 0.04912280701754386
0 0.6292944785276073 0.18596491228070175 0.003374233128834356 0.04912280701754386
0 0.5441717791411043 0.3192982456140351 0.003067484662576687 0.05964912280701754