0 0.28404907975460125 0.32280701754385965 0.0049079754601227 0.056140350877192984
0 0.46595092024539875 0.45 0.004294478527607362 0.06140350877192982
0 0.4644171779141104 0.356140350877193 0.0036809815950920245 0.056140350877192984
0 0.47745398773006137 0.256140350877193 0.0027607361963190185 0.04912280701754386
0 0.47776073619631904 0.17456140350877192 0.002147239263803681 0.04035087719298246
0 0.5165644171779141 0.29473684210526313 0.003067484662576687 0.05263157894736842
0 0.5199386503067485 0.21754385964912282 0.00245398773006135 0.03508771929824561
0 0.5737730061349693 0.4263157894736842 0.003987730061349694 0.06315789473684211
0 0.5914110429447853 0.27280701754385966 0.003067484662576687 0.05087719298245614
0 0.616717791411043 0.24473684210526317 0.0027607361963190185 0.04736842105263158
0 0.5854294478527607 0.18596491228070175 0.002147239263803681 0.03508771929824561
0 0.5253067484662577 0.3350877192982456 0.003374233128834356 0.056140350877192984
0 0.7392638036809815 0.30350877192982456 0.003067484662576687 0.05263157894736842
0 0.6743865030674847 0.3973684210526316 0.004601226993865031 0.07192982456140351
0 0.6403374233128835 0.5087719298245614 0.004601226993865031 0.07368421052631578
0 0.6539877300613497 0.22105263157894736 0.00245398773006135 0.042105263157894736
0 0.598159509202454 0.18070175438596492 0.00245398773006135 0.03859649122807018
0 0.48374233128834354 0.4692982456140351 0.004294478527607362 0.06842105263157895
0 0.5716257668711656 0.3350877192982456 0.003374233128834356 0.056140350877192984
0 0.5029141104294479 0.22807017543859648 0.0027607361963190185 0.042105263157894736
0 0.604601226993865 0.26666666666666666 0.003067484662576687 0.04912280701754386
0 0.4854294478527607 0.1763157894736842 0.003374233128834356 0.04035087719298246
0 0.46411042944785275 0.3473684210526316 0.004294478527607362 0.06315789473684211