0 0.3131901840490798 0.30087719298245613 0.00245398773006135 0.054385964912280704
0 0.49601226993865033 0.41228070175438597 0.0036809815950920245 0.05964912280701754
0 0.4625766871165644 0.27982456140350875 0.003067484662576687 0.05087719298245614
0 0.4647239263803681 0.17456140350877192 0.003067484662576687 0.04736842105263158
0 0.5230061349693251 0.156140350877193 0.003067484662576687 0.03508771929824561
0 0.5432515337423313 0.27807017543859647 0.003067484662576687 0.04736842105263158
0 0.5078220858895706 0.1692982456140351 0.003374233128834356 0.04035087719298246
0 0.6042944785276073 0.3684210526315789 0.0036809815950920245 0.056140350877192984
0 0.576840490797546 0.25 0.0027607361963190185 0.04736842105263158
0 0.5176380368098159 0.2596491228070175 0.0027607361963190185 0.04912280701754386
0 0.5584355828220859 0.16140350877192983 0.0027607361963190185 0.03508771929824561
0 0.5404907975460123 0.24298245614035088 0.0036809815950920245 0.054385964912280704
0 0.7283742331288343 0.3078947368421053 0.003374233128834356 0.054385964912280704
0 0.6021472392638036 0.27017543859649124 0.003067484662576687 0.04912280701754386
0 0.6228527607361963 0.33157894736842103 0.003374233128834356 0.056140350877192984
0 0.6006134969325153 0.22456140350877193 0.003067484662576687 0.04912280701754386
0 0.5710122699386503 0.1692982456140351 0.0027607361963190185 0.04035087719298246
0 0.5365030674846626 0.3701754385964912 0.0036809815950920245 0.05964912280701754
0 0.5628834355828221 0.2649122807017544 0.003067484662576687 0.04912280701754386
0 0.5171779141104295 0.1868421052631579 0.00245398773006135 0.03684210526315789
0 0.573159509202454 0.2149122807017544 0.003987730061349694 0.04736842105263158
0 0.5349693251533743 0.16666666666666666 0.003067484662576687 0.03859649122807018
0 0.4817484662576687 0.20789473684210527 0.0027607361963190185 0.05087719298245614