0 0.27561349693251536 0.3456140350877193 0.003987730061349694 0.056140350877192984
0 0.44539877300613495 0.5157894736842106 0.004294478527607362 0.06666666666666667
0 0.4662576687116564 0.3956140350877193 0.0036809815950920245 0.06140350877192982
0 0.4677914110429448 0.2850877192982456 0.003067484662576687 0.05087719298245614
0 0.4723926380368098 0.2149122807017544 0.00245398773006135 0.043859649122807015
0 0.4947852760736196 0.35175438596491226 0.0036809815950920245 0.05789473684210526
0 0.5144171779141105 0.26052631578947366 0.0036809815950920245 0.043859649122807015
0 0.4794478527607362 0.4692982456140351 0.004294478527607362 0.06491228070175438
0 0.553680981595092 0.38070175438596493 0.0036809815950920245 0.05263157894736842
0 0.5401840490797546 0.30964912280701756 0.003067484662576687 0.05087719298245614
0 0.521319018404908 0.20701754385964913 0.003374233128834356 0.042105263157894736
0 0.49125766871165644 0.41228070175438597 0.003987730061349694 0.06315789473684211
0 0.7219325153374233 0.3263157894736842 0.003374233128834356 0.056140350877192984
0 0.6320552147239263 0.4070175438596491 0.003987730061349694 0.06315789473684211
0 0.5542944785276074 0.724561403508772 0.006134969325153374 0.09473684210526316
0 0.602760736196319 0.27456140350877195 0.003067484662576687 0.05087719298245614
0 0.5263803680981595 0.16666666666666666 0.00245398773006135 0.0456140350877193
0 0.44877300613496934 0.6298245614035087 0.005521472392638037 0.08421052631578947
0 0.5561349693251534 0.34649122807017546 0.0036809815950920245 0.05789473684210526
0 0.5127300613496932 0.22631578947368422 0.003374233128834356 0.0456140350877193
0 0.4852760736196319 0.2850877192982456 0.003067484662576687 0.05087719298245614
0 0.47162576687116564 0.17192982456140352 0.0027607361963190185 0.03859649122807018
0 0.45720858895705524 0.4087719298245614 0.003987730061349694 0.06666666666666667