0 0.2625766871165644 0.3473684210526316 0.0036809815950920245 0.07017543859649122
0 0.38726993865030673 0.5701754385964912 0.005214723926380368 0.07719298245614035
0 0.4059815950920245 0.42719298245614035 0.003987730061349694 0.06491228070175438
0 0.44785276073619634 0.3192982456140351 0.003067484662576687 0.04912280701754386
0 0.43604294478527605 0.24649122807017543 0.0027607361963190185 0.04736842105263158
0 0.4441717791411043 0.4421052631578947 0.004294478527607362 0.06666666666666667
0 0.48190184049079754 0.33245614035087717 0.0036809815950920245 0.05087719298245614
0 0.453680981595092 0.6201754385964913 0.005521472392638037 0.09649122807017543
0 0.46978527607361964 0.5587719298245614 0.005214723926380368 0.07894736842105263
0 0.5177914110429448 0.35 0.0036809815950920245 0.05789473684210526
0 0.5122699386503068 0.26403508771929823 0.003067484662576687 0.04736842105263158
0 0.4817484662576687 0.43859649122807015 0.003374233128834356 0.05964912280701754
0 0.7147239263803681 0.3482456140350877 0.0036809815950920245 0.05789473684210526
0 0.6098159509202454 0.5210526315789473 0.0049079754601227 0.07368421052631578
0 0.5069018404907976 0.6894736842105263 0.005828220858895706 0.0912280701754386
0 0.6029141104294479 0.34035087719298246 0.003374233128834356 0.04912280701754386
0 0.5441717791411043 0.22807017543859648 0.003067484662576687 0.04912280701754386
0 0.3909509202453988 0.6596491228070176 0.005828220858895706 0.08771929824561403
0 0.46226993865030674 0.45789473684210524 0.004294478527607362 0.08070175438596491
0 0.4812883435582822 0.28596491228070176 0.003067484662576687 0.03859649122807018
0 0.5343558282208589 0.4412280701754386 0.004294478527607362 0.06491228070175438
0 0.452760736196319 0.21754385964912282 0.00245398773006135 0.0456140350877193
0 0.39478527607361963 0.4517543859649123 0.0049079754601227 0.08596491228070176