0 0.3332822085889571 0.3447368421052632 0.003374233128834356 0.05789473684210526
0 0.9601226993865031 0.7473684210526316 0.0049079754601227 0.06315789473684211
0 0.5121165644171779 0.41228070175438597 0.003987730061349694 0.06315789473684211
0 0.5110429447852761 0.2850877192982456 0.003067484662576687 0.05087719298245614
0 0.5684049079754602 0.20789473684210527 0.00245398773006135 0.043859649122807015
0 0.5507668711656442 0.39035087719298245 0.003987730061349694 0.06140350877192982
0 0.6596625766871166 0.31842105263157894 0.003374233128834356 0.054385964912280704
0 0.689877300613497 0.6175438596491228 0.005521472392638037 0.08070175438596491
0 0.7585889570552147 0.3929824561403509 0.0036809815950920245 0.056140350877192984
0 0.6822085889570552 0.36578947368421055 0.004294478527607362 0.054385964912280704
0 0.7049079754601227 0.2736842105263158 0.0036809815950920245 0.0456140350877193
0 0.6389570552147239 0.2850877192982456 0.004294478527607362 0.054385964912280704
0 0.7904907975460123 0.35964912280701755 0.0049079754601227 0.05964912280701754
0 0.7682515337423312 0.3929824561403509 0.005214723926380368 0.056140350877192984
0 0.7349693251533742 0.5394736842105263 0.0049079754601227 0.06491228070175438
0 0.7440184049079754 0.34035087719298246 0.004601226993865031 0.05964912280701754
0 0.7113496932515337 0.29385964912280704 0.0036809815950920245 0.05087719298245614
0 0.8881901840490798 0.606140350877193 0.005828220858895706 0.08947368421052632
0 0.681441717791411 0.3912280701754386 0.004601226993865031 0.06666666666666667
0 0.6285276073619632 0.31491228070175437 0.0036809815950920245 0.054385964912280704
0 0.6909509202453987 0.3473684210526316 0.003374233128834356 0.05263157894736842
0 0.6016871165644172 0.19649122807017544 0.003374233128834356 0.0456140350877193
0 0.5236196319018405 0.3333333333333333 0.0036809815950920245 0.0456140350877193