0 0.30460122699386505 0.306140350877193 0.003067484662576687 0.054385964912280704
0 0.5299079754601227 0.6201754385964913 0.005214723926380368 0.07894736842105263
0 0.4789877300613497 0.3956140350877193 0.003987730061349694 0.06140350877192982
0 0.4845092024539877 0.22982456140350876 0.0027607361963190185 0.0456140350877193
0 0.5581288343558283 0.17105263157894737 0.0027607361963190185 0.04035087719298246
0 0.5150306748466258 0.21578947368421053 0.00245398773006135 0.03859649122807018
0 0.5219325153374234 0.3280701754385965 0.003374233128834356 0.05263157894736842
0 0.6622699386503067 0.48771929824561405 0.004294478527607362 0.06666666666666667
0 0.6303680981595092 0.27631578947368424 0.003067484662576687 0.04736842105263158
0 0.6038343558282209 0.29210526315789476 0.005214723926380368 0.05789473684210526
0 0.5411042944785276 0.2131578947368421 0.00245398773006135 0.04035087719298246
0 0.5616564417177914 0.2412280701754386 0.003067484662576687 0.04736842105263158
0 0.7443251533742331 0.31666666666666665 0.003374233128834356 0.054385964912280704
0 0.6421779141104295 0.3447368421052632 0.003374233128834356 0.05789473684210526
0 0.6608895705521473 0.4394736842105263 0.004601226993865031 0.07192982456140351
0 0.6349693251533742 0.27631578947368424 0.0036809815950920245 0.05789473684210526
0 0.5783742331288344 0.18771929824561404 0.003374233128834356 0.0456140350877193
0 0.5992331288343559 0.4921052631578947 0.004601226993865031 0.07192982456140351
0 0.5989263803680982 0.3385964912280702 0.003374233128834356 0.056140350877192984
0 0.5628834355828221 0.26666666666666666 0.003067484662576687 0.04912280701754386
0 0.5849693251533742 0.256140350877193 0.0036809815950920245 0.05263157894736842
0 0.5559815950920245 0.19824561403508772 0.003987730061349694 0.0456140350877193
0 0.5162576687116565 0.37280701754385964 0.004294478527607362 0.07543859649122807