0 0.251840490797546 0.387719298245614 0.005521472392638037 0.05964912280701754
0 0.5276073619631901 0.7114035087719298 0.006134969325153374 0.08947368421052632
0 0.41595092024539876 0.5543859649122806 0.0049079754601227 0.07719298245614035
0 0.4584355828220859 0.3280701754385965 0.003374233128834356 0.056140350877192984
0 0.49325153374233127 0.2 0.00245398773006135 0.03508771929824561
0 0.504601226993865 0.5596491228070175 0.0049079754601227 0.08070175438596491
0 0.5236196319018405 0.362280701754386 0.0036809815950920245 0.054385964912280704
0 0.6567484662576687 0.5570175438596491 0.0049079754601227 0.07192982456140351
0 0.6746932515337424 0.7552631578947369 0.006441717791411043 0.0824561403508772
0 0.5966257668711656 0.3719298245614035 0.0036809815950920245 0.05964912280701754
0 0.5845092024539877 0.23771929824561402 0.004601226993865031 0.054385964912280704
0 0.554601226993865 0.3649122807017544 0.0036809815950920245 0.05263157894736842
0 0.7510736196319019 0.3570175438596491 0.003374233128834356 0.05789473684210526
0 0.6863496932515337 0.5622807017543859 0.005214723926380368 0.07894736842105263
0 0.6653374233128835 0.7271929824561404 0.006134969325153374 0.08947368421052632
0 0.6569018404907976 0.42105263157894735 0.003987730061349694 0.06315789473684211
0 0.6131901840490798 0.2912280701754386 0.003067484662576687 0.0456140350877193
0 0.5590490797546013 0.7315789473684211 0.006441717791411043 0.09473684210526316
0 0.597239263803681 0.5973684210526315 0.005521472392638037 0.0824561403508772
0 0.507361963190184 0.5368421052631579 0.005521472392638037 0.08070175438596491
0 0.5858895705521472 0.44298245614035087 0.004294478527607362 0.05789473684210526
0 0.5507668711656442 0.26842105263157895 0.003374233128834356 0.042105263157894736
0 0.470398773006135 0.5745614035087719 0.005214723926380368 0.07894736842105263