0 0.30598159509202455 0.29912280701754385 0.0027607361963190185 0.05087719298245614
0 0.53420245398773 0.5385964912280702 0.004601226993865031 0.06315789473684211
0 0.4562883435582822 0.3333333333333333 0.003374233128834356 0.056140350877192984
0 0.45858895705521474 0.19298245614035087 0.00245398773006135 0.042105263157894736
0 0.5133435582822086 0.1631578947368421 0.002147239263803681 0.042105263157894736
0 0.525 0.3087719298245614 0.003374233128834356 0.04912280701754386
0 0.5348159509202454 0.20614035087719298 0.003374233128834356 0.043859649122807015
0 0.5789877300613497 0.41403508771929826 0.003987730061349694 0.06315789473684211
0 0.5840490797546012 0.2807017543859649 0.003067484662576687 0.042105263157894736
0 0.499079754601227 0.2789473684210526 0.003067484662576687 0.0456140350877193
0 0.5644171779141104 0.1763157894736842 0.003067484662576687 0.04035087719298246
0 0.533282208588957 0.23421052631578948 0.003374233128834356 0.054385964912280704
0 0.7450920245398773 0.32894736842105265 0.0036809815950920245 0.05087719298245614
0 0.6110429447852761 0.30087719298245613 0.003067484662576687 0.043859649122807015
0 0.6003067484662576 0.393859649122807 0.0036809815950920245 0.06140350877192982
0 0.5955521472392638 0.2614035087719298 0.0027607361963190185 0.04912280701754386
0 0.5776073619631902 0.193859649122807 0.004294478527607362 0.04035087719298246
0 0.563957055214724 0.4280701754385965 0.003987730061349694 0.06315789473684211
0 0.5150306748466258 0.29473684210526313 0.003067484662576687 0.042105263157894736
0 0.5101226993865031 0.21666666666666667 0.0036809815950920245 0.04736842105263158
0 0.5616564417177914 0.25 0.00245398773006135 0.04035087719298246
0 0.5280674846625767 0.17192982456140352 0.0027607361963190185 0.03859649122807018
0 0.48328220858895704 0.2324561403508772 0.0027607361963190185 0.043859649122807015