0 0.2334355828220859 0.3736842105263158 0.004294478527607362 0.05964912280701754
0 0.2665644171779141 0.712280701754386 0.006134969325153374 0.07719298245614035
0 0.34432515337423314 0.5184210526315789 0.004601226993865031 0.054385964912280704
0 0.38773006134969323 0.3850877192982456 0.003067484662576687 0.043859649122807015
0 0.42822085889570555 0.2868421052631579 0.003067484662576687 0.04035087719298246
0 0.5121165644171779 0.5649122807017544 0.005214723926380368 0.07017543859649122
0 0.4447852760736196 0.41578947368421054 0.0049079754601227 0.06315789473684211
0 0.4854294478527607 0.637719298245614 0.003987730061349694 0.09298245614035087
0 0.6262269938650307 0.5605263157894737 0.005214723926380368 0.07894736842105263
0 0.5424846625766871 0.3482456140350877 0.003374233128834356 0.05789473684210526
0 0.5294478527607362 0.27017543859649124 0.003067484662576687 0.04912280701754386
0 0.4315950920245399 0.4745614035087719 0.0036809815950920245 0.07543859649122807
0 0.7291411042944785 0.36140350877192984 0.0036809815950920245 0.05964912280701754
0 0.6288343558282209 0.5877192982456141 0.0049079754601227 0.0912280701754386
0 0.5297546012269939 0.6938596491228071 0.006134969325153374 0.07543859649122807
0 0.5906441717791411 0.30526315789473685 0.003374233128834356 0.05263157894736842
0 0.5208588957055215 0.19473684210526315 0.00245398773006135 0.03508771929824561
0 0.251840490797546 0.7228070175438597 0.006748466257668712 0.10526315789473684
0 0.5427914110429448 0.4885964912280702 0.004601226993865031 0.06491228070175438
0 0.4544478527607362 0.3298245614035088 0.003374233128834356 0.03859649122807018
0 0.45107361963190185 0.4368421052631579 0.003987730061349694 0.05263157894736842
0 0.4263803680981595 0.22105263157894736 0.003067484662576687 0.03859649122807018
0 0.37208588957055216 0.5131578947368421 0.0049079754601227 0.06842105263157895