0 0.2930981595092024 0.35350877192982455 0.003374233128834356 0.04736842105263158
0 0.47776073619631904 0.5736842105263158 0.005214723926380368 0.07017543859649122
0 0.4947852760736196 0.4017543859649123 0.004294478527607362 0.07368421052631578
0 0.48573619631901843 0.31140350877192985 0.003987730061349694 0.05087719298245614
0 0.49616564417177916 0.22631578947368422 0.0027607361963190185 0.0456140350877193
0 0.6196319018404908 0.3850877192982456 0.0036809815950920245 0.05087719298245614
0 0.5487730061349694 0.3087719298245614 0.003067484662576687 0.0456140350877193
0 0.6403374233128835 0.5807017543859649 0.005214723926380368 0.07368421052631578
0 0.7400306748466258 0.5131578947368421 0.004601226993865031 0.06842105263157895
0 0.7006134969325153 0.3 0.003067484662576687 0.05263157894736842
0 0.5682515337423313 0.22982456140350876 0.0027607361963190185 0.0456140350877193
0 0.5524539877300614 0.38859649122807016 0.0036809815950920245 0.06140350877192982
0 0.7636503067484662 0.35175438596491226 0.003374233128834356 0.054385964912280704
0 0.7791411042944786 0.5473684210526316 0.0049079754601227 0.07719298245614035
0 0.7072085889570552 0.7631578947368421 0.006441717791411043 0.0912280701754386
0 0.6547546012269939 0.17894736842105263 0.0027607361963190185 0.03859649122807018
0 0.5424846625766871 0.16842105263157894 0.0027607361963190185 0.042105263157894736
0 0.48282208588957054 0.6342105263157894 0.0049079754601227 0.08596491228070176
0 0.6010736196319019 0.4131578947368421 0.003374233128834356 0.06140350877192982
0 0.5190184049079755 0.38070175438596493 0.0036809815950920245 0.056140350877192984
0 0.6309815950920246 0.2929824561403509 0.003067484662576687 0.05263157894736842
0 0.5072085889570552 0.21052631578947367 0.003987730061349694 0.0456140350877193
0 0.48067484662576687 0.34385964912280703 0.0036809815950920245 0.05964912280701754