0 0.2486196319018405 0.35526315789473684 0.002147239263803681 0.05789473684210526
0 0.3900306748466258 0.5771929824561404 0.003987730061349694 0.06666666666666667
0 0.40751533742331286 0.45614035087719296 0.005214723926380368 0.07368421052631578
0 0.4050613496932515 0.4166666666666667 0.003987730061349694 0.06491228070175438
0 0.4174846625766871 0.3131578947368421 0.003067484662576687 0.05789473684210526
0 0.46932515337423314 0.38859649122807016 0.0036809815950920245 0.06140350877192982
0 0.450920245398773 0.512280701754386 0.0036809815950920245 0.07017543859649122
0 0.4368098159509202 0.6140350877192983 0.0049079754601227 0.08421052631578947
0 0.5265337423312884 0.5043859649122807 0.004601226993865031 0.07192982456140351
0 0.5176380368098159 0.39649122807017545 0.003987730061349694 0.06315789473684211
0 0.450920245398773 0.2710526315789474 0.003067484662576687 0.04736842105263158
0 0.42346625766871165 0.493859649122807 0.003987730061349694 0.06842105263157895
0 0.7076687116564417 0.35350877192982455 0.0036809815950920245 0.05789473684210526
0 0.5484662576687117 0.5578947368421052 0.004294478527607362 0.07017543859649122
0 0.4371165644171779 0.7078947368421052 0.005521472392638037 0.09298245614035087
0 0.5831288343558282 0.3 0.003067484662576687 0.05263157894736842
0 0.473159509202454 0.193859649122807 0.0027607361963190185 0.05087719298245614
0 0.37070552147239266 0.7447368421052631 0.006441717791411043 0.09649122807017543
0 0.47484662576687114 0.5228070175438596 0.0049079754601227 0.07368421052631578
0 0.4415644171779141 0.49736842105263157 0.004601226993865031 0.06842105263157895
0 0.4947852760736196 0.3798245614035088 0.0036809815950920245 0.06140350877192982
0 0.42576687116564416 0.2964912280701754 0.003067484662576687 0.05263157894736842
0 0.4119631901840491 0.4342105263157895 0.004294478527607362 0.07192982456140351