0 0.26978527607361963 0.34035087719298246 0.004601226993865031 0.07017543859649122
0 0.42576687116564416 0.5210526315789473 0.0049079754601227 0.07719298245614035
0 0.4400306748466258 0.4052631578947368 0.003987730061349694 0.06315789473684211
0 0.453680981595092 0.2929824561403509 0.003067484662576687 0.05263157894736842
0 0.4406441717791411 0.22280701754385965 0.0027607361963190185 0.0456140350877193
0 0.48282208588957054 0.3684210526315789 0.0036809815950920245 0.05964912280701754
0 0.5133435582822086 0.27456140350877195 0.003987730061349694 0.043859649122807015
0 0.48849693251533743 0.4903508771929825 0.004601226993865031 0.07192982456140351
0 0.55920245398773 0.4456140350877193 0.004294478527607362 0.06666666666666667
0 0.5340490797546013 0.35175438596491226 0.0036809815950920245 0.05789473684210526
0 0.5061349693251533 0.21929824561403508 0.00245398773006135 0.0456140350877193
0 0.47530674846625764 0.4166666666666667 0.003987730061349694 0.06491228070175438
0 0.7078220858895705 0.31491228070175437 0.003374233128834356 0.054385964912280704
0 0.6148773006134969 0.41403508771929826 0.003987730061349694 0.06315789473684211
0 0.45107361963190185 0.6771929824561403 0.005828220858895706 0.08771929824561403
0 0.5785276073619632 0.29210526315789476 0.003067484662576687 0.05087719298245614
0 0.5243865030674847 0.17456140350877192 0.002147239263803681 0.02631578947368421
0 0.4144171779141104 0.543859649122807 0.0049079754601227 0.07719298245614035
0 0.5095092024539877 0.3631578947368421 0.0036809815950920245 0.05964912280701754
0 0.5219325153374234 0.2596491228070175 0.0027607361963190185 0.0456140350877193
0 0.5067484662576687 0.29473684210526313 0.0036809815950920245 0.056140350877192984
0 0.4553680981595092 0.1675438596491228 0.003374233128834356 0.04736842105263158
0 0.4237730061349693 0.537719298245614 0.005214723926380368 0.0824561403508772