0 0.31993865030674845 0.34210526315789475 0.0036809815950920245 0.05263157894736842
0 0.849079754601227 0.6912280701754386 0.0049079754601227 0.07017543859649122
0 0.4967791411042945 0.4236842105263158 0.003987730061349694 0.06491228070175438
0 0.49984662576687117 0.26666666666666666 0.0027607361963190185 0.04912280701754386
0 0.5513803680981595 0.19298245614035087 0.0027607361963190185 0.03859649122807018
0 0.533282208588957 0.39473684210526316 0.003987730061349694 0.05263157894736842
0 0.6233128834355828 0.2833333333333333 0.003067484662576687 0.043859649122807015
0 0.6134969325153374 0.5640350877192982 0.0049079754601227 0.054385964912280704
0 0.7079754601226994 0.35789473684210527 0.0036809815950920245 0.05263157894736842
0 0.6069018404907975 0.362280701754386 0.003987730061349694 0.04736842105263158
0 0.6570552147239264 0.2394736842105263 0.003067484662576687 0.03684210526315789
0 0.596319018404908 0.28421052631578947 0.0049079754601227 0.05263157894736842
0 0.7838957055214724 0.35350877192982455 0.003987730061349694 0.054385964912280704
0 0.7269938650306749 0.393859649122807 0.004294478527607362 0.06842105263157895
0 0.6575153374233129 0.5026315789473684 0.004601226993865031 0.06140350877192982
0 0.701840490797546 0.3280701754385965 0.0036809815950920245 0.06315789473684211
0 0.6578220858895706 0.26666666666666666 0.004601226993865031 0.042105263157894736
0 0.787883435582822 0.5719298245614035 0.005214723926380368 0.07368421052631578
0 0.6102760736196319 0.393859649122807 0.0027607361963190185 0.06842105263157895
0 0.5989263803680982 0.2982456140350877 0.0027607361963190185 0.0456140350877193
0 0.6487730061349694 0.3412280701754386 0.003067484662576687 0.05087719298245614
0 0.5789877300613497 0.18947368421052632 0.0027607361963190185 0.042105263157894736
0 0.5122699386503068 0.32280701754385965 0.0036809815950920245 0.06315789473684211