0 0.3516871165644172 0.3131578947368421 0.002147239263803681 0.05087719298245614
0 0.621319018404908 0.4903508771929825 0.004601226993865031 0.07192982456140351
0 0.5489263803680982 0.34035087719298246 0.003374233128834356 0.056140350877192984
0 0.5210122699386504 0.25263157894736843 0.0027607361963190185 0.04912280701754386
0 0.6142638036809815 0.16052631578947368 0.0027607361963190185 0.04035087719298246
0 0.5745398773006135 0.2026315789473684 0.00245398773006135 0.02982456140350877
0 0.6001533742331289 0.23596491228070177 0.0027607361963190185 0.04035087719298246
0 0.7019938650306748 0.3894736842105263 0.003374233128834356 0.05964912280701754
0 0.6719325153374233 0.3429824561403509 0.004601226993865031 0.06491228070175438
0 0.6535276073619631 0.2482456140350877 0.003374233128834356 0.04736842105263158
0 0.5846625766871165 0.16842105263157894 0.00245398773006135 0.042105263157894736
0 0.620398773006135 0.22631578947368422 0.003374233128834356 0.0456140350877193
0 0.7611963190184049 0.34035087719298246 0.003374233128834356 0.056140350877192984
0 0.680521472392638 0.306140350877193 0.003374233128834356 0.06140350877192982
0 0.7058282208588957 0.37543859649122807 0.004294478527607362 0.056140350877192984
0 0.646319018404908 0.22982456140350876 0.003067484662576687 0.04912280701754386
0 0.6337423312883436 0.18859649122807018 0.003067484662576687 0.03684210526315789
0 0.6645705521472393 0.41403508771929826 0.003987730061349694 0.06315789473684211
0 0.6608895705521473 0.3131578947368421 0.003374233128834356 0.054385964912280704
0 0.572239263803681 0.21228070175438596 0.0027607361963190185 0.03508771929824561
0 0.6139570552147239 0.24473684210526317 0.003374233128834356 0.04736842105263158
0 0.5930981595092024 0.18421052631578946 0.003374233128834356 0.042105263157894736
0 0.5365030674846626 0.3 0.0036809815950920245 0.06315789473684211