0 0.2851226993865031 0.35964912280701755 0.003987730061349694 0.06315789473684211
0 0.4746932515337423 0.5078947368421053 0.004601226993865031 0.06491228070175438
0 0.4691717791411043 0.43859649122807015 0.003374233128834356 0.05964912280701754
0 0.5052147239263803 0.39649122807017545 0.0049079754601227 0.07017543859649122
0 0.4644171779141104 0.3956140350877193 0.0036809815950920245 0.04736842105263158
0 0.5572085889570552 0.45614035087719296 0.003987730061349694 0.07017543859649122
0 0.5262269938650307 0.45263157894736844 0.003374233128834356 0.04912280701754386
0 0.6513803680981595 0.5763157894736842 0.005214723926380368 0.07192982456140351
0 0.677760736196319 0.5578947368421052 0.004601226993865031 0.07719298245614035
0 0.6630368098159509 0.4219298245614035 0.003987730061349694 0.06491228070175438
0 0.5868098159509203 0.2929824561403509 0.003067484662576687 0.05263157894736842
0 0.5392638036809816 0.34210526315789475 0.003067484662576687 0.05964912280701754
0 0.75 0.3482456140350877 0.0036809815950920245 0.05789473684210526
0 0.65 0.46578947368421053 0.004294478527607362 0.06842105263157895
0 0.6090490797546012 0.6 0.005214723926380368 0.06315789473684211
0 0.6210122699386503 0.30087719298245613 0.003374233128834356 0.054385964912280704
0 0.5510736196319018 0.21578947368421053 0.0027607361963190185 0.042105263157894736
0 0.45475460122699385 0.5201754385964912 0.004601226993865031 0.06491228070175438
0 0.5565950920245398 0.4192982456140351 0.003987730061349694 0.06666666666666667
0 0.5283742331288344 0.46403508771929824 0.003374233128834356 0.04736842105263158
0 0.5837423312883435 0.36578947368421055 0.0036809815950920245 0.05087719298245614
0 0.4607361963190184 0.39824561403508774 0.0036809815950920245 0.05263157894736842
0 0.521319018404908 0.3850877192982456 0.003987730061349694 0.06491228070175438