0 0.32791411042944785 0.29736842105263156 0.003067484662576687 0.05789473684210526
0 0.49555214723926383 0.41578947368421054 0.003987730061349694 0.042105263157894736
0 0.4691717791411043 0.23157894736842105 0.0027607361963190185 0.0456140350877193
0 0.4920245398773006 0.18333333333333332 0.0036809815950920245 0.04736842105263158
0 0.5932515337423313 0.18771929824561404 0.00245398773006135 0.03859649122807018
0 0.6078220858895705 0.22894736842105262 0.003987730061349694 0.05789473684210526
0 0.5368098159509203 0.21228070175438596 0.00245398773006135 0.03859649122807018
0 0.6111963190184049 0.39035087719298245 0.003987730061349694 0.06140350877192982
0 0.6136503067484662 0.2631578947368421 0.0027607361963190185 0.056140350877192984
0 0.557361963190184 0.27280701754385966 0.003067484662576687 0.05087719298245614
0 0.561042944785276 0.1912280701754386 0.00245398773006135 0.03859649122807018
0 0.5475460122699386 0.2543859649122807 0.003067484662576687 0.04912280701754386
0 0.7372699386503068 0.31842105263157894 0.003374233128834356 0.054385964912280704
0 0.6634969325153375 0.2719298245614035 0.0036809815950920245 0.042105263157894736
0 0.6343558282208589 0.3824561403508772 0.0036809815950920245 0.05964912280701754
0 0.6291411042944786 0.24035087719298245 0.004294478527607362 0.04912280701754386
0 0.6228527607361963 0.21666666666666667 0.003374233128834356 0.043859649122807015
0 0.5463190184049079 0.4368421052631579 0.004294478527607362 0.06666666666666667
0 0.5819018404907975 0.2868421052631579 0.003067484662576687 0.05087719298245614
0 0.537883435582822 0.2614035087719298 0.0027607361963190185 0.0456140350877193
0 0.553680981595092 0.20789473684210527 0.003067484662576687 0.04736842105263158
0 0.48987730061349694 0.16666666666666666 0.00245398773006135 0.0456140350877193
0 0.495398773006135 0.22543859649122808 0.0036809815950920245 0.05087719298245614