0 0.3289877300613497 0.3263157894736842 0.003374233128834356 0.056140350877192984
0 0.7549079754601227 0.6578947368421053 0.007361963190184049 0.10175438596491228
0 0.4892638036809816 0.37719298245614036 0.0036809815950920245 0.05964912280701754
0 0.4840490797546012 0.2929824561403509 0.003067484662576687 0.0456140350877193
0 0.5530674846625767 0.19210526315789472 0.0036809815950920245 0.05087719298245614
0 0.5615030674846626 0.3429824561403509 0.003374233128834356 0.04736842105263158
0 0.6081288343558282 0.2596491228070175 0.0027607361963190185 0.042105263157894736
0 0.531441717791411 0.4763157894736842 0.004601226993865031 0.06491228070175438
0 0.6993865030674846 0.37719298245614036 0.0049079754601227 0.07017543859649122
0 0.7029141104294478 0.3605263157894737 0.003987730061349694 0.054385964912280704
0 0.6605828220858896 0.24649122807017543 0.003374233128834356 0.04736842105263158
0 0.6266871165644172 0.39473684210526316 0.004294478527607362 0.06666666666666667
0 0.7138036809815951 0.28596491228070176 0.003067484662576687 0.0456140350877193
0 0.7164110429447853 0.3798245614035088 0.004601226993865031 0.06140350877192982
0 0.6848159509202454 0.5631578947368421 0.005214723926380368 0.07719298245614035
0 0.6863496932515337 0.2675438596491228 0.0027607361963190185 0.043859649122807015
0 0.7029141104294478 0.2912280701754386 0.004601226993865031 0.05263157894736842
0 0.7351226993865031 0.6421052631578947 0.005214723926380368 0.08421052631578947
0 0.6495398773006135 0.3675438596491228 0.003987730061349694 0.06491228070175438
0 0.5932515337423313 0.30087719298245613 0.003067484662576687 0.04736842105263158
0 0.6171779141104294 0.23859649122807017 0.0036809815950920245 0.04912280701754386
0 0.5806748466257668 0.1570175438596491 0.0036809815950920245 0.04035087719298246
0 0.48067484662576687 0.3201754385964912 0.0036809815950920245 0.054385964912280704