0 0.3392638036809816 0.3298245614035088 0.0036809815950920245 0.06315789473684211
0 0.595398773006135 0.5271929824561403 0.0049079754601227 0.07543859649122807
0 0.5374233128834356 0.3587719298245614 0.0036809815950920245 0.05789473684210526
0 0.523159509202454 0.2578947368421053 0.0027607361963190185 0.04912280701754386
0 0.7164110429447853 0.193859649122807 0.003374233128834356 0.03684210526315789
0 0.5780674846625767 0.24298245614035088 0.0027607361963190185 0.04736842105263158
0 0.617638036809816 0.31842105263157894 0.003374233128834356 0.05087719298245614
0 0.755521472392638 0.3815789473684211 0.003067484662576687 0.05789473684210526
0 0.6785276073619632 0.28596491228070176 0.003067484662576687 0.0456140350877193
0 0.7374233128834355 0.3078947368421053 0.0036809815950920245 0.05087719298245614
0 0.6360429447852761 0.18333333333333332 0.002147239263803681 0.02631578947368421
0 0.6538343558282208 0.23771929824561402 0.003987730061349694 0.054385964912280704
0 0.773159509202454 0.3254385964912281 0.004601226993865031 0.054385964912280704
0 0.7447852760736197 0.3131578947368421 0.004294478527607362 0.06140350877192982
0 0.7608895705521472 0.37719298245614036 0.003987730061349694 0.056140350877192984
0 0.7357361963190184 0.26228070175438595 0.0027607361963190185 0.04736842105263158
0 0.7151840490797546 0.20701754385964913 0.003987730061349694 0.042105263157894736
0 0.7042944785276074 0.443859649122807 0.004294478527607362 0.06666666666666667
0 0.7193251533742331 0.3017543859649123 0.004294478527607362 0.06315789473684211
0 0.6084355828220859 0.2543859649122807 0.0027607361963190185 0.04912280701754386
0 0.6932515337423313 0.2929824561403509 0.003067484662576687 0.05263157894736842
0 0.6565950920245399 0.19473684210526315 0.003987730061349694 0.04912280701754386
0 0.5486196319018405 0.3570175438596491 0.003374233128834356 0.05789473684210526