0 0.2673312883435583 0.34210526315789475 0.003374233128834356 0.05964912280701754
0 0.4035276073619632 0.5412280701754386 0.004601226993865031 0.06491228070175438
0 0.4157975460122699 0.4105263157894737 0.003987730061349694 0.06315789473684211
0 0.4400306748466258 0.312280701754386 0.003374233128834356 0.05964912280701754
0 0.43895705521472395 0.22456140350877193 0.00245398773006135 0.03508771929824561
0 0.4544478527607362 0.42543859649122806 0.003987730061349694 0.06491228070175438
0 0.4780674846625767 0.2982456140350877 0.003987730061349694 0.05263157894736842
0 0.4615030674846626 0.5894736842105263 0.005214723926380368 0.08070175438596491
0 0.4762269938650307 0.5105263157894737 0.004601226993865031 0.06666666666666667
0 0.5228527607361964 0.3263157894736842 0.003374233128834356 0.056140350877192984
0 0.5128834355828221 0.25 0.00245398773006135 0.04736842105263158
0 0.48374233128834354 0.4342105263157895 0.0036809815950920245 0.06140350877192982
0 0.7108895705521472 0.3333333333333333 0.003374233128834356 0.056140350877192984
0 0.6111963190184049 0.49912280701754386 0.004601226993865031 0.07192982456140351
0 0.5076687116564417 0.6921052631578948 0.006134969325153374 0.08596491228070176
0 0.5912576687116564 0.3350877192982456 0.003374233128834356 0.056140350877192984
0 0.5414110429447853 0.20614035087719298 0.00245398773006135 0.04035087719298246
0 0.3934049079754601 0.6666666666666666 0.005828220858895706 0.08771929824561403
0 0.46763803680981597 0.4368421052631579 0.003374233128834356 0.06666666666666667
0 0.48144171779141104 0.26228070175438595 0.003374233128834356 0.04736842105263158
0 0.5483128834355828 0.4201754385964912 0.003987730061349694 0.06491228070175438
0 0.456441717791411 0.19912280701754387 0.00245398773006135 0.043859649122807015
0 0.4111963190184049 0.41842105263157897 0.004601226993865031 0.06842105263157895