0 0.2647239263803681 0.36929824561403507 0.0036809815950920245 0.054385964912280704
0 0.42622699386503066 0.712280701754386 0.004601226993865031 0.07719298245614035
0 0.4317484662576687 0.49473684210526314 0.003374233128834356 0.05964912280701754
0 0.44539877300613495 0.3736842105263158 0.0036809815950920245 0.05964912280701754
0 0.4621165644171779 0.2596491228070175 0.0027607361963190185 0.03508771929824561
0 0.5421779141104295 0.5043859649122807 0.004601226993865031 0.05087719298245614
0 0.4865030674846626 0.3815789473684211 0.0036809815950920245 0.05789473684210526
0 0.5558282208588957 0.6885964912280702 0.006134969325153374 0.08947368421052632
0 0.6322085889570552 0.5201754385964912 0.0049079754601227 0.07192982456140351
0 0.5480061349693252 0.34649122807017546 0.003374233128834356 0.05789473684210526
0 0.5409509202453988 0.2614035087719298 0.0027607361963190185 0.0456140350877193
0 0.48711656441717793 0.4763157894736842 0.0036809815950920245 0.06491228070175438
0 0.745398773006135 0.3587719298245614 0.0036809815950920245 0.05789473684210526
0 0.6817484662576687 0.5763157894736842 0.005214723926380368 0.07894736842105263
0 0.5590490797546013 0.7473684210526316 0.008282208588957056 0.08771929824561403
0 0.6095092024539878 0.2894736842105263 0.003067484662576687 0.05263157894736842
0 0.5142638036809816 0.17894736842105263 0.0027607361963190185 0.03859649122807018
0 0.4251533742331288 0.7570175438596491 0.007361963190184049 0.0824561403508772
0 0.5659509202453987 0.5184210526315789 0.0049079754601227 0.06842105263157895
0 0.49263803680981594 0.3026315789473684 0.003067484662576687 0.04736842105263158
0 0.48021472392638037 0.38859649122807016 0.003987730061349694 0.06140350877192982
0 0.4611963190184049 0.19210526315789472 0.0027607361963190185 0.03684210526315789
0 0.4371165644171779 0.46403508771929824 0.004294478527607362 0.06140350877192982