0 0.27269938650306746 0.3701754385964912 0.004294478527607362 0.056140350877192984
0 0.5154907975460122 0.6675438596491228 0.005828220858895706 0.06842105263157895
0 0.46319018404907975 0.5675438596491228 0.004294478527607362 0.07192982456140351
0 0.4751533742331288 0.3815789473684211 0.0036809815950920245 0.06140350877192982
0 0.48849693251533743 0.2596491228070175 0.0027607361963190185 0.0456140350877193
0 0.6319018404907976 0.6289473684210526 0.005521472392638037 0.07543859649122807
0 0.536963190184049 0.40614035087719297 0.003987730061349694 0.054385964912280704
0 0.6104294478527608 0.7140350877192982 0.006134969325153374 0.08771929824561403
0 0.7210122699386503 0.5859649122807018 0.005214723926380368 0.08070175438596491
0 0.6219325153374233 0.41842105263157897 0.003987730061349694 0.06491228070175438
0 0.5697852760736196 0.2649122807017544 0.0027607361963190185 0.04912280701754386
0 0.5343558282208589 0.4666666666666667 0.0049079754601227 0.07368421052631578
0 0.7585889570552147 0.3684210526315789 0.0036809815950920245 0.05964912280701754
0 0.7726993865030675 0.6298245614035087 0.005521472392638037 0.08070175438596491
0 0.5934049079754601 0.7254385964912281 0.005214723926380368 0.09649122807017543
0 0.6684049079754601 0.2710526315789474 0.003067484662576687 0.04736842105263158
0 0.5717791411042945 0.1912280701754386 0.00245398773006135 0.042105263157894736
0 0.5254601226993865 0.6701754385964912 0.006748466257668712 0.10175438596491228
0 0.661963190184049 0.6210526315789474 0.005521472392638037 0.08421052631578947
0 0.5205521472392638 0.3605263157894737 0.0036809815950920245 0.05087719298245614
0 0.6141104294478528 0.4368421052631579 0.004294478527607362 0.06666666666666667
0 0.4883435582822086 0.20087719298245615 0.00245398773006135 0.043859649122807015
0 0.4710122699386503 0.5710526315789474 0.003987730061349694 0.06140350877192982