0 0.3262269938650307 0.3456140350877193 0.003374233128834356 0.056140350877192984
0 0.9107361963190184 0.743859649122807 0.0049079754601227 0.06666666666666667
0 0.5035276073619632 0.4201754385964912 0.003987730061349694 0.06491228070175438
0 0.5049079754601227 0.2754385964912281 0.003067484662576687 0.04912280701754386
0 0.5587423312883436 0.20175438596491227 0.0027607361963190185 0.0456140350877193
0 0.5409509202453988 0.3956140350877193 0.003987730061349694 0.06140350877192982
0 0.6404907975460122 0.2964912280701754 0.003067484662576687 0.0456140350877193
0 0.6501533742331288 0.5929824561403508 0.005214723926380368 0.07719298245614035
0 0.7266871165644172 0.3649122807017544 0.0036809815950920245 0.056140350877192984
0 0.6384969325153375 0.36140350877192984 0.003987730061349694 0.04912280701754386
0 0.6789877300613497 0.25263157894736843 0.003374233128834356 0.04912280701754386
0 0.6164110429447853 0.2850877192982456 0.003987730061349694 0.05789473684210526
0 0.7872699386503067 0.35350877192982455 0.004601226993865031 0.05789473684210526
0 0.7484662576687117 0.3868421052631579 0.0036809815950920245 0.054385964912280704
0 0.6897239263803681 0.5219298245614035 0.004601226993865031 0.04736842105263158
0 0.7234662576687116 0.3298245614035088 0.003987730061349694 0.06315789473684211
0 0.680521472392638 0.2789473684210526 0.003374233128834356 0.04912280701754386
0 0.8377300613496933 0.5956140350877193 0.005521472392638037 0.08596491228070176
0 0.6398773006134969 0.38421052631578945 0.003067484662576687 0.05964912280701754
0 0.6131901840490798 0.3087719298245614 0.0036809815950920245 0.04912280701754386
0 0.6679447852760736 0.3429824561403509 0.003374233128834356 0.05789473684210526
0 0.588957055214724 0.19210526315789472 0.003067484662576687 0.043859649122807015
0 0.5170245398773006 0.32456140350877194 0.003374233128834356 0.05964912280701754