0 0.30168711656441716 0.387719298245614 0.003987730061349694 0.06315789473684211
0 0.5791411042944785 0.7210526315789474 0.0049079754601227 0.09473684210526316
0 0.49938650306748467 0.606140350877193 0.005521472392638037 0.0824561403508772
0 0.49524539877300616 0.44035087719298244 0.003987730061349694 0.06666666666666667
0 0.5139570552147239 0.2631578947368421 0.0027607361963190185 0.03508771929824561
0 0.5878834355828221 0.5754385964912281 0.005214723926380368 0.09473684210526316
0 0.5861963190184049 0.47017543859649125 0.004294478527607362 0.06315789473684211
0 0.7757668711656441 0.6114035087719298 0.005521472392638037 0.07894736842105263
0 0.7110429447852761 0.624561403508772 0.005521472392638037 0.08421052631578947
0 0.6872699386503067 0.55 0.004601226993865031 0.06491228070175438
0 0.6144171779141104 0.30350877192982456 0.003067484662576687 0.05263157894736842
0 0.5934049079754601 0.43508771929824563 0.003987730061349694 0.06666666666666667
0 0.7717791411042945 0.3719298245614035 0.0036809815950920245 0.05964912280701754
0 0.8397239263803681 0.65 0.005828220858895706 0.0824561403508772
0 0.7838957055214724 0.7552631578947369 0.006441717791411043 0.09649122807017543
0 0.716717791411043 0.4070175438596491 0.003987730061349694 0.06315789473684211
0 0.6493865030674847 0.27280701754385966 0.003067484662576687 0.04736842105263158
0 0.5937116564417177 0.7596491228070176 0.006441717791411043 0.09824561403508772
0 0.7047546012269938 0.5947368421052631 0.005214723926380368 0.08070175438596491
0 0.5702453987730062 0.5210526315789473 0.006134969325153374 0.08421052631578947
0 0.680521472392638 0.48333333333333334 0.004601226993865031 0.06842105263157895
0 0.5424846625766871 0.24649122807017543 0.004601226993865031 0.05087719298245614
0 0.50920245398773 0.6043859649122807 0.005521472392638037 0.0824561403508772