0 0.20797546012269938 0.40964912280701754 0.005521472392638037 0.07894736842105263
0 0.248159509202454 0.7719298245614035 0.005521472392638037 0.09824561403508772
0 0.21441717791411044 0.624561403508772 0.005521472392638037 0.07368421052631578
0 0.3266871165644172 0.45526315789473687 0.004294478527607362 0.06842105263157895
0 0.35828220858895704 0.3570175438596491 0.0036809815950920245 0.05789473684210526
0 0.30920245398773005 0.6517543859649123 0.005521472392638037 0.08947368421052632
0 0.37147239263803683 0.5412280701754386 0.0049079754601227 0.06842105263157895
0 0.4343558282208589 0.6350877192982456 0.005521472392638037 0.08421052631578947
0 0.5079754601226993 0.6956140350877194 0.006134969325153374 0.09298245614035087
0 0.48420245398773004 0.4201754385964912 0.003987730061349694 0.06491228070175438
0 0.49524539877300616 0.33421052631578946 0.003374233128834356 0.054385964912280704
0 0.42576687116564416 0.4956140350877193 0.004294478527607362 0.07543859649122807
0 0.7027607361963191 0.37719298245614036 0.0036809815950920245 0.05964912280701754
0 0.5197852760736197 0.6482456140350877 0.005828220858895706 0.08596491228070176
0 0.45659509202453985 0.6692982456140351 0.004601226993865031 0.07543859649122807
0 0.5285276073619631 0.4570175438596491 0.004294478527607362 0.06842105263157895
0 0.5024539877300613 0.33421052631578946 0.003067484662576687 0.04736842105263158
0 0.3691717791411043 0.7254385964912281 0.006441717791411043 0.09298245614035087
0 0.33450920245398774 0.6622807017543859 0.004601226993865031 0.08596491228070176
0 0.34708588957055214 0.4763157894736842 0.004601226993865031 0.06491228070175438
0 0.3969325153374233 0.5517543859649123 0.0049079754601227 0.07543859649122807
0 0.3684049079754601 0.36578947368421055 0.003067484662576687 0.06140350877192982
0 0.25337423312883434 0.6096491228070176 0.006748466257668712 0.07894736842105263