0 0.226840490797546 0.3307017543859649 0.0027607361963190185 0.04736842105263158
0 0.31349693251533745 0.4885964912280702 0.0049079754601227 0.07543859649122807
0 0.325920245398773 0.39824561403508774 0.003987730061349694 0.05263157894736842
0 0.3440184049079755 0.28771929824561404 0.003374233128834356 0.04912280701754386
0 0.3570552147239264 0.2043859649122807 0.00245398773006135 0.043859649122807015
0 0.37760736196319017 0.35789473684210527 0.0036809815950920245 0.042105263157894736
0 0.3937116564417178 0.28596491228070176 0.003987730061349694 0.04912280701754386
0 0.4391104294478528 0.5666666666666667 0.005214723926380368 0.06666666666666667
0 0.5299079754601227 0.41228070175438597 0.003987730061349694 0.06315789473684211
0 0.4677914110429448 0.3649122807017544 0.0036809815950920245 0.056140350877192984
0 0.3803680981595092 0.2219298245614035 0.0036809815950920245 0.04736842105263158
0 0.4030674846625767 0.39210526315789473 0.004294478527607362 0.07192982456140351
0 0.7016871165644172 0.3263157894736842 0.003987730061349694 0.06666666666666667
0 0.5394171779141105 0.4149122807017544 0.003987730061349694 0.06491228070175438
0 0.46978527607361964 0.5561403508771929 0.005214723926380368 0.07719298245614035
0 0.5319018404907976 0.27456140350877195 0.003067484662576687 0.05087719298245614
0 0.4892638036809816 0.2149122807017544 0.00245398773006135 0.03684210526315789
0 0.3197852760736196 0.493859649122807 0.005214723926380368 0.07543859649122807
0 0.41411042944785276 0.34210526315789475 0.0036809815950920245 0.05964912280701754
0 0.39708588957055213 0.3140350877192982 0.003374233128834356 0.04912280701754386
0 0.4869631901840491 0.32456140350877194 0.003374233128834356 0.056140350877192984
0 0.36641104294478527 0.18157894736842106 0.003374233128834356 0.04035087719298246
0 0.3196319018404908 0.45964912280701753 0.004294478527607362 0.06315789473684211