0 0.27039877300613496 0.3473684210526316 0.003374233128834356 0.042105263157894736
0 0.4199386503067485 0.5403508771929825 0.0049079754601227 0.07017543859649122
0 0.451840490797546 0.4298245614035088 0.0036809815950920245 0.06666666666666667
0 0.4315950920245399 0.34035087719298246 0.0036809815950920245 0.056140350877192984
0 0.4411042944785276 0.2885964912280702 0.003067484662576687 0.05087719298245614
0 0.46855828220858897 0.4675438596491228 0.003987730061349694 0.06140350877192982
0 0.5371165644171779 0.36403508771929827 0.0036809815950920245 0.04736842105263158
0 0.5426380368098159 0.4570175438596491 0.004294478527607362 0.06140350877192982
0 0.5955521472392638 0.31666666666666665 0.003374233128834356 0.05087719298245614
0 0.5188650306748466 0.3763157894736842 0.004601226993865031 0.06140350877192982
0 0.5860429447852761 0.22807017543859648 0.0027607361963190185 0.0456140350877193
0 0.5257668711656441 0.4473684210526316 0.0049079754601227 0.06315789473684211
0 0.730521472392638 0.33245614035087717 0.0027607361963190185 0.04736842105263158
0 0.6082822085889571 0.43333333333333335 0.004294478527607362 0.06666666666666667
0 0.557361963190184 0.5570175438596491 0.0049079754601227 0.06140350877192982
0 0.5934049079754601 0.29385964912280704 0.003987730061349694 0.05087719298245614
0 0.573159509202454 0.24385964912280703 0.0027607361963190185 0.0456140350877193
0 0.450920245398773 0.6096491228070176 0.005521472392638037 0.07894736842105263
0 0.49217791411042944 0.4728070175438597 0.005828220858895706 0.06491228070175438
0 0.47392638036809814 0.3368421052631579 0.0036809815950920245 0.04912280701754386
0 0.5492331288343558 0.35964912280701755 0.003374233128834356 0.04912280701754386
0 0.45015337423312884 0.22543859649122808 0.003987730061349694 0.054385964912280704
0 0.4621165644171779 0.44298245614035087 0.004601226993865031 0.06842105263157895