0 0.3 0.38859649122807016 0.0036809815950920245 0.05789473684210526
0 0.5854294478527607 0.7271929824561404 0.004601226993865031 0.09298245614035087
0 0.500920245398773 0.6114035087719298 0.005521472392638037 0.0824561403508772
0 0.49570552147239266 0.43508771929824563 0.004294478527607362 0.06666666666666667
0 0.5161042944785276 0.2631578947368421 0.0027607361963190185 0.03859649122807018
0 0.5842024539877301 0.5815789473684211 0.005214723926380368 0.09298245614035087
0 0.5825153374233129 0.47017543859649125 0.004294478527607362 0.07017543859649122
0 0.7757668711656441 0.6192982456140351 0.005521472392638037 0.08421052631578947
0 0.718558282208589 0.6675438596491228 0.005828220858895706 0.0824561403508772
0 0.6694785276073619 0.5324561403508772 0.005214723926380368 0.06842105263157895
0 0.6131901840490798 0.3 0.003067484662576687 0.04912280701754386
0 0.593558282208589 0.43508771929824563 0.004294478527607362 0.06666666666666667
0 0.7711656441717791 0.37894736842105264 0.0036809815950920245 0.05964912280701754
0 0.8467791411042945 0.6508771929824562 0.005828220858895706 0.08070175438596491
0 0.7871165644171779 0.7736842105263158 0.006748466257668712 0.09824561403508772
0 0.7173312883435583 0.41228070175438597 0.003987730061349694 0.06315789473684211
0 0.6496932515337424 0.27631578947368424 0.003067484662576687 0.04736842105263158
0 0.596319018404908 0.7578947368421053 0.006134969325153374 0.09824561403508772
0 0.7046012269938651 0.6201754385964913 0.005521472392638037 0.0824561403508772
0 0.5707055214723926 0.5263157894736842 0.005828220858895706 0.08421052631578947
0 0.673159509202454 0.4885964912280702 0.004601226993865031 0.07192982456140351
0 0.5483128834355828 0.24912280701754386 0.004601226993865031 0.04912280701754386
0 0.5088957055214723 0.6131578947368421 0.005521472392638037 0.0824561403508772