0 0.3450920245398773 0.27807017543859647 0.003067484662576687 0.05087719298245614
0 0.49555214723926383 0.4149122807017544 0.003987730061349694 0.04035087719298246
0 0.4516871165644172 0.23596491228070177 0.0027607361963190185 0.04736842105263158
0 0.4756134969325153 0.20789473684210527 0.003374233128834356 0.04736842105263158
0 0.5438650306748466 0.15526315789473685 0.00245398773006135 0.04736842105263158
0 0.5673312883435583 0.23771929824561402 0.0027607361963190185 0.04736842105263158
0 0.5257668711656441 0.20350877192982456 0.00245398773006135 0.042105263157894736
0 0.6142638036809815 0.393859649122807 0.003987730061349694 0.06140350877192982
0 0.5915644171779141 0.2578947368421053 0.0027607361963190185 0.04912280701754386
0 0.5361963190184049 0.27456140350877195 0.003067484662576687 0.05087719298245614
0 0.5539877300613497 0.17192982456140352 0.00245398773006135 0.03859649122807018
0 0.5516871165644172 0.23596491228070177 0.003374233128834356 0.054385964912280704
0 0.7107361963190184 0.30526315789473685 0.003067484662576687 0.04912280701754386
0 0.6205521472392638 0.2736842105263158 0.0036809815950920245 0.056140350877192984
0 0.625920245398773 0.34385964912280703 0.003374233128834356 0.056140350877192984
0 0.6007668711656442 0.22543859649122808 0.003987730061349694 0.054385964912280704
0 0.5973926380368099 0.2043859649122807 0.003374233128834356 0.05087719298245614
0 0.5516871165644172 0.39035087719298245 0.003987730061349694 0.06140350877192982
0 0.5641104294478527 0.27456140350877195 0.003067484662576687 0.05087719298245614
0 0.528680981595092 0.24298245614035088 0.0027607361963190185 0.04736842105263158
0 0.5578220858895706 0.20964912280701756 0.0027607361963190185 0.043859649122807015
0 0.5134969325153375 0.1649122807017544 0.003067484662576687 0.042105263157894736
0 0.4820552147239264 0.21578947368421053 0.0027607361963190185 0.04912280701754386