0 0.34846625766871164 0.34649122807017546 0.0036809815950920245 0.05789473684210526
0 0.998159509202454 0.7701754385964912 0.0036809815950920245 0.08771929824561403
0 0.5210122699386504 0.39824561403508774 0.003987730061349694 0.06315789473684211
0 0.5174846625766871 0.30350877192982456 0.003067484662576687 0.05263157894736842
0 0.5903374233128834 0.2149122807017544 0.0027607361963190185 0.04736842105263158
0 0.5674846625766872 0.3850877192982456 0.0036809815950920245 0.06140350877192982
0 0.6699386503067485 0.32719298245614037 0.003067484662576687 0.054385964912280704
0 0.720398773006135 0.5798245614035088 0.005214723926380368 0.06491228070175438
0 0.803680981595092 0.41403508771929826 0.004294478527607362 0.06666666666666667
0 0.746319018404908 0.36140350877192984 0.0036809815950920245 0.056140350877192984
0 0.7372699386503068 0.31140350877192985 0.003987730061349694 0.043859649122807015
0 0.6720858895705522 0.29210526315789476 0.0036809815950920245 0.05087719298245614
0 0.7619631901840491 0.34210526315789475 0.004294478527607362 0.056140350877192984
0 0.7788343558282208 0.3763157894736842 0.0036809815950920245 0.05789473684210526
0 0.7812883435582823 0.5219298245614035 0.0049079754601227 0.06140350877192982
0 0.7506134969325153 0.3280701754385965 0.005521472392638037 0.05964912280701754
0 0.7430981595092024 0.3131578947368421 0.003987730061349694 0.04736842105263158
0 0.9219325153374233 0.6403508771929824 0.005828220858895706 0.08421052631578947
0 0.7460122699386503 0.3868421052631579 0.0049079754601227 0.05789473684210526
0 0.6424846625766871 0.3254385964912281 0.003374233128834356 0.05087719298245614
0 0.714877300613497 0.3263157894736842 0.003987730061349694 0.05964912280701754
0 0.6200920245398773 0.19736842105263158 0.003374233128834356 0.043859649122807015
0 0.5285276073619631 0.3412280701754386 0.0036809815950920245 0.054385964912280704