0 0.3225460122699387 0.3263157894736842 0.003374233128834356 0.056140350877192984
0 0.7039877300613497 0.6342105263157894 0.006748466257668712 0.09298245614035087
0 0.4865030674846626 0.3701754385964912 0.0036809815950920245 0.05964912280701754
0 0.48282208588957054 0.2929824561403509 0.003067484662576687 0.0456140350877193
0 0.5447852760736196 0.19035087719298247 0.00245398773006135 0.04035087719298246
0 0.5604294478527607 0.35175438596491226 0.0036809815950920245 0.05789473684210526
0 0.5970858895705522 0.2614035087719298 0.0027607361963190185 0.03859649122807018
0 0.5102760736196319 0.4824561403508772 0.004601226993865031 0.07017543859649122
0 0.6779141104294478 0.36666666666666664 0.004294478527607362 0.07017543859649122
0 0.6820552147239264 0.3587719298245614 0.003987730061349694 0.06140350877192982
0 0.6529141104294478 0.24385964912280703 0.0027607361963190185 0.0456140350877193
0 0.6111963190184049 0.4070175438596491 0.003987730061349694 0.06666666666666667
0 0.716717791411043 0.2964912280701754 0.0027607361963190185 0.042105263157894736
0 0.7184049079754601 0.3929824561403509 0.004294478527607362 0.05964912280701754
0 0.6811349693251534 0.5842105263157895 0.005214723926380368 0.08070175438596491
0 0.6806748466257668 0.26403508771929823 0.003067484662576687 0.04736842105263158
0 0.6900306748466257 0.28157894736842104 0.004601226993865031 0.054385964912280704
0 0.6940184049079755 0.637719298245614 0.005214723926380368 0.07894736842105263
0 0.6355828220858896 0.3780701754385965 0.0036809815950920245 0.06140350877192982
0 0.5809815950920245 0.2982456140350877 0.003067484662576687 0.04912280701754386
0 0.6061349693251534 0.24298245614035088 0.0036809815950920245 0.05087719298245614
0 0.5705521472392638 0.16052631578947368 0.003067484662576687 0.043859649122807015
0 0.47745398773006137 0.31842105263157894 0.0027607361963190185 0.054385964912280704