0 0.2593558282208589 0.33245614035087717 0.003374233128834356 0.05789473684210526
0 0.40521472392638036 0.45964912280701753 0.004294478527607362 0.056140350877192984
0 0.42162576687116565 0.35 0.003374233128834356 0.054385964912280704
0 0.42346625766871165 0.27280701754385966 0.003374233128834356 0.054385964912280704
0 0.43803680981595094 0.1824561403508772 0.00245398773006135 0.03859649122807018
0 0.45153374233128835 0.3482456140350877 0.0036809815950920245 0.05789473684210526
0 0.47162576687116564 0.24561403508771928 0.0027607361963190185 0.042105263157894736
0 0.4708588957055215 0.46578947368421053 0.004294478527607362 0.06491228070175438
0 0.5050613496932516 0.3350877192982456 0.003374233128834356 0.056140350877192984
0 0.5148773006134969 0.24035087719298245 0.0027607361963190185 0.0456140350877193
0 0.4883435582822086 0.19473684210526315 0.00245398773006135 0.03859649122807018
0 0.47607361963190187 0.37456140350877193 0.0036809815950920245 0.06491228070175438
0 0.6938650306748466 0.3017543859649123 0.003067484662576687 0.05263157894736842
0 0.6001533742331289 0.4149122807017544 0.003987730061349694 0.06491228070175438
0 0.49524539877300616 0.6745614035087719 0.005828220858895706 0.08947368421052632
0 0.5516871165644172 0.23421052631578948 0.0027607361963190185 0.04736842105263158
0 0.504601226993865 0.16052631578947368 0.00245398773006135 0.03333333333333333
0 0.3909509202453988 0.5947368421052631 0.005214723926380368 0.08070175438596491
0 0.4588957055214724 0.38596491228070173 0.006748466257668712 0.0456140350877193
0 0.49493865030674844 0.22280701754385965 0.0027607361963190185 0.0456140350877193
0 0.5234662576687117 0.3131578947368421 0.003374233128834356 0.054385964912280704
0 0.4691717791411043 0.16052631578947368 0.003374233128834356 0.043859649122807015
0 0.4383435582822086 0.2868421052631579 0.003067484662576687 0.05087719298245614