0 0.2523006134969325 0.36929824561403507 0.003374233128834356 0.054385964912280704
0 0.40950920245398775 0.5912280701754385 0.0049079754601227 0.07368421052631578
0 0.39861963190184047 0.5947368421052631 0.005214723926380368 0.08070175438596491
0 0.40782208588957053 0.4263157894736842 0.003987730061349694 0.06315789473684211
0 0.4223926380368098 0.29912280701754385 0.003067484662576687 0.04736842105263158
0 0.49616564417177916 0.5675438596491228 0.005214723926380368 0.07894736842105263
0 0.4575153374233129 0.5017543859649123 0.004601226993865031 0.06315789473684211
0 0.5062883435582822 0.6657894736842105 0.005828220858895706 0.07894736842105263
0 0.6180981595092024 0.5991228070175438 0.005521472392638037 0.0824561403508772
0 0.5365030674846626 0.4745614035087719 0.004294478527607362 0.05789473684210526
0 0.48680981595092027 0.2692982456140351 0.003067484662576687 0.04736842105263158
0 0.45245398773006135 0.4745614035087719 0.0036809815950920245 0.054385964912280704
0 0.7190184049079754 0.36140350877192984 0.0036809815950920245 0.05964912280701754
0 0.6184049079754601 0.5236842105263158 0.0049079754601227 0.07192982456140351
0 0.33911042944785275 0.6719298245614035 0.005828220858895706 0.08771929824561403
0 0.6164110429447853 0.3263157894736842 0.003374233128834356 0.056140350877192984
0 0.5358895705521473 0.22105263157894736 0.00245398773006135 0.042105263157894736
0 0.42484662576687116 0.537719298245614 0.0049079754601227 0.07543859649122807
0 0.5409509202453988 0.5692982456140351 0.005214723926380368 0.07894736842105263
0 0.4682515337423313 0.3482456140350877 0.003374233128834356 0.05087719298245614
0 0.5226993865030675 0.4307017543859649 0.004294478527607362 0.06491228070175438
0 0.4457055214723926 0.20087719298245615 0.004294478527607362 0.05789473684210526
0 0.4751533742331288 0.7228070175438597 0.006748466257668712 0.08771929824561403