0 0.2995398773006135 0.3333333333333333 0.003374233128834356 0.056140350877192984
0 0.4883435582822086 0.4763157894736842 0.004294478527607362 0.06842105263157895
0 0.4915644171779141 0.33421052631578946 0.003987730061349694 0.06491228070175438
0 0.49049079754601227 0.26052631578947366 0.0036809815950920245 0.04736842105263158
0 0.4950920245398773 0.20789473684210527 0.00245398773006135 0.043859649122807015
0 0.6138036809815951 0.2885964912280702 0.003067484662576687 0.05087719298245614
0 0.5403374233128835 0.23157894736842105 0.0027607361963190185 0.03508771929824561
0 0.5707055214723926 0.4201754385964912 0.003987730061349694 0.05789473684210526
0 0.6460122699386504 0.3649122807017544 0.0036809815950920245 0.0456140350877193
0 0.6432515337423312 0.20964912280701756 0.00245398773006135 0.043859649122807015
0 0.5644171779141104 0.20350877192982456 0.00245398773006135 0.042105263157894736
0 0.5585889570552147 0.31140350877192985 0.003067484662576687 0.054385964912280704
0 0.7211656441717792 0.27280701754385966 0.003067484662576687 0.05087719298245614
0 0.7415644171779141 0.4789473684210526 0.004601226993865031 0.07017543859649122
0 0.6319018404907976 0.6543859649122807 0.005521472392638037 0.08070175438596491
0 0.6401840490797546 0.1649122807017544 0.0049079754601227 0.04912280701754386
0 0.5361963190184049 0.15964912280701754 0.003067484662576687 0.042105263157894736
0 0.49754601226993866 0.5473684210526316 0.0049079754601227 0.07719298245614035
0 0.625 0.3236842105263158 0.003374233128834356 0.054385964912280704
0 0.5050613496932516 0.2543859649122807 0.0027607361963190185 0.03859649122807018
0 0.603680981595092 0.22456140350877193 0.00245398773006135 0.028070175438596492
0 0.5233128834355828 0.19912280701754387 0.0036809815950920245 0.043859649122807015
0 0.48711656441717793 0.2964912280701754 0.004294478527607362 0.05263157894736842