0 0.2588957055214724 0.3429824561403509 0.003067484662576687 0.054385964912280704
0 0.42024539877300615 0.45789473684210524 0.004294478527607362 0.05964912280701754
0 0.43558282208588955 0.37894736842105264 0.003067484662576687 0.05964912280701754
0 0.4452453987730061 0.3078947368421053 0.003374233128834356 0.054385964912280704
0 0.4423312883435583 0.22807017543859648 0.00245398773006135 0.03859649122807018
0 0.48021472392638037 0.4192982456140351 0.004601226993865031 0.08070175438596491
0 0.4938650306748466 0.2956140350877193 0.003067484662576687 0.05087719298245614
0 0.49187116564417177 0.5149122807017544 0.005214723926380368 0.06140350877192982
0 0.5714723926380368 0.35964912280701755 0.0036809815950920245 0.05263157894736842
0 0.5711656441717792 0.2771929824561403 0.003067484662576687 0.042105263157894736
0 0.5044478527607362 0.22456140350877193 0.0027607361963190185 0.042105263157894736
0 0.4766871165644172 0.4342105263157895 0.003067484662576687 0.07543859649122807
0 0.712116564417178 0.3236842105263158 0.003374233128834356 0.054385964912280704
0 0.59079754601227 0.36929824561403507 0.0036809815950920245 0.05087719298245614
0 0.5607361963190184 0.6877192982456141 0.006134969325153374 0.0912280701754386
0 0.6007668711656442 0.2596491228070175 0.0027607361963190185 0.04912280701754386
0 0.5147239263803681 0.17017543859649123 0.00245398773006135 0.03508771929824561
0 0.4128834355828221 0.5236842105263158 0.0049079754601227 0.07543859649122807
0 0.49279141104294477 0.4964912280701754 0.003987730061349694 0.07017543859649122
0 0.500920245398773 0.2789473684210526 0.003067484662576687 0.04912280701754386
0 0.46794478527607364 0.356140350877193 0.003987730061349694 0.05964912280701754
0 0.44831288343558284 0.18859649122807018 0.0027607361963190185 0.04035087719298246
0 0.42576687116564416 0.3368421052631579 0.0036809815950920245 0.05263157894736842