0 0.2753067484662577 0.39210526315789473 0.005828220858895706 0.06491228070175438
0 0.6128834355828221 0.7131578947368421 0.006134969325153374 0.09298245614035087
0 0.48052147239263804 0.5859649122807018 0.005214723926380368 0.08070175438596491
0 0.49325153374233127 0.3798245614035088 0.0036809815950920245 0.06140350877192982
0 0.5119631901840491 0.21929824561403508 0.00245398773006135 0.031578947368421054
0 0.5627300613496933 0.5710526315789474 0.003987730061349694 0.07894736842105263
0 0.571319018404908 0.4201754385964912 0.003987730061349694 0.06140350877192982
0 0.7303680981595092 0.5763157894736842 0.0049079754601227 0.07543859649122807
0 0.7825153374233129 0.7789473684210526 0.006748466257668712 0.09824561403508772
0 0.6207055214723927 0.39035087719298245 0.003987730061349694 0.06140350877192982
0 0.6159509202453988 0.27631578947368424 0.003067484662576687 0.04736842105263158
0 0.602760736196319 0.3850877192982456 0.0036809815950920245 0.05789473684210526
0 0.7751533742331288 0.3736842105263158 0.0036809815950920245 0.05964912280701754
0 0.7838957055214724 0.5789473684210527 0.005214723926380368 0.08070175438596491
0 0.8162576687116564 0.8105263157894737 0.007975460122699387 0.08421052631578947
0 0.7118098159509203 0.41403508771929826 0.003987730061349694 0.06315789473684211
0 0.649079754601227 0.2929824561403509 0.003067484662576687 0.05263157894736842
0 0.623159509202454 0.7350877192982456 0.006441717791411043 0.09473684210526316
0 0.6846625766871166 0.6026315789473684 0.005521472392638037 0.0824561403508772
0 0.5636503067484663 0.5289473684210526 0.005214723926380368 0.07543859649122807
0 0.6595092024539877 0.46403508771929824 0.004294478527607362 0.06842105263157895
0 0.5771472392638037 0.2657894736842105 0.003374233128834356 0.043859649122807015
0 0.5047546012269939 0.5912280701754385 0.005214723926380368 0.08070175438596491