0 0.2093558282208589 0.37894736842105264 0.003374233128834356 0.056140350877192984
0 0.17975460122699385 0.8157894736842105 0.006134969325153374 0.0912280701754386
0 0.26380368098159507 0.5491228070175439 0.0049079754601227 0.07368421052631578
0 0.34248466257668714 0.3894736842105263 0.003374233128834356 0.05964912280701754
0 0.3691717791411043 0.3157894736842105 0.003374233128834356 0.042105263157894736
0 0.45291411042944785 0.5877192982456141 0.005214723926380368 0.07719298245614035
0 0.4151840490797546 0.4368421052631579 0.004601226993865031 0.07017543859649122
0 0.470398773006135 0.637719298245614 0.004601226993865031 0.07894736842105263
0 0.6001533742331289 0.5771929824561404 0.005214723926380368 0.08070175438596491
0 0.5239263803680981 0.3570175438596491 0.0036809815950920245 0.05789473684210526
0 0.5076687116564417 0.27280701754385966 0.003067484662576687 0.05087719298245614
0 0.3995398773006135 0.4868421052631579 0.003987730061349694 0.07543859649122807
0 0.7098159509202454 0.3605263157894737 0.0036809815950920245 0.05789473684210526
0 0.5855828220858895 0.5728070175438597 0.005521472392638037 0.09649122807017543
0 0.4831288343558282 0.6868421052631579 0.006134969325153374 0.08596491228070176
0 0.5661042944785276 0.3385964912280702 0.003374233128834356 0.056140350877192984
0 0.5216257668711657 0.21842105263157896 0.003987730061349694 0.03684210526315789
0 0.18957055214723925 0.7833333333333333 0.008588957055214725 0.1
0 0.48911042944785277 0.525438596491228 0.004601226993865031 0.07192982456140351
0 0.400920245398773 0.36140350877192984 0.0036809815950920245 0.056140350877192984
0 0.4246932515337423 0.4473684210526316 0.003374233128834356 0.05263157894736842
0 0.36855828220858894 0.27017543859649124 0.003374233128834356 0.0456140350877193
0 0.30598159509202455 0.5403508771929825 0.004601226993865031 0.06666666666666667