0 0.29800613496932515 0.33157894736842103 0.003374233128834356 0.05964912280701754
0 0.4883435582822086 0.4692982456140351 0.004294478527607362 0.06842105263157895
0 0.4906441717791411 0.33157894736842103 0.003987730061349694 0.06315789473684211
0 0.48819018404907977 0.2596491228070175 0.003374233128834356 0.0456140350877193
0 0.49355828220858894 0.20087719298245615 0.003067484662576687 0.04035087719298246
0 0.6107361963190184 0.2833333333333333 0.003067484662576687 0.05087719298245614
0 0.5391104294478528 0.22894736842105262 0.0027607361963190185 0.04035087719298246
0 0.5661042944785276 0.41578947368421054 0.003987730061349694 0.05964912280701754
0 0.6426380368098159 0.3508771929824561 0.0036809815950920245 0.04912280701754386
0 0.6371165644171779 0.19473684210526315 0.00245398773006135 0.042105263157894736
0 0.5622699386503067 0.20087719298245615 0.00245398773006135 0.043859649122807015
0 0.55920245398773 0.3078947368421053 0.003067484662576687 0.054385964912280704
0 0.7180981595092024 0.26666666666666666 0.003067484662576687 0.04912280701754386
0 0.7340490797546012 0.46228070175438596 0.004294478527607362 0.06842105263157895
0 0.6269938650306749 0.6394736842105263 0.005521472392638037 0.0824561403508772
0 0.6358895705521472 0.16578947368421051 0.004294478527607362 0.04035087719298246
0 0.5343558282208589 0.1587719298245614 0.0036809815950920245 0.043859649122807015
0 0.49800613496932516 0.537719298245614 0.004601226993865031 0.07543859649122807
0 0.623159509202454 0.3201754385964912 0.003374233128834356 0.054385964912280704
0 0.5035276073619632 0.24649122807017543 0.0027607361963190185 0.043859649122807015
0 0.5980061349693252 0.22631578947368422 0.003374233128834356 0.05263157894736842
0 0.5251533742331288 0.19736842105263158 0.0036809815950920245 0.043859649122807015
0 0.4852760736196319 0.2885964912280702 0.003067484662576687 0.054385964912280704