0 0.3053680981595092 0.3236842105263158 0.003374233128834356 0.054385964912280704
0 0.5900306748466257 0.5684210526315789 0.004601226993865031 0.07368421052631578
0 0.48190184049079754 0.3587719298245614 0.0036809815950920245 0.05789473684210526
0 0.48236196319018404 0.2929824561403509 0.002147239263803681 0.042105263157894736
0 0.5219325153374234 0.1912280701754386 0.0027607361963190185 0.042105263157894736
0 0.5506134969325154 0.35175438596491226 0.0036809815950920245 0.05789473684210526
0 0.593558282208589 0.2736842105263158 0.003067484662576687 0.04912280701754386
0 0.4855828220858896 0.4605263157894737 0.004294478527607362 0.06842105263157895
0 0.6843558282208589 0.36666666666666664 0.0036809815950920245 0.05263157894736842
0 0.6248466257668711 0.3570175438596491 0.0036809815950920245 0.05789473684210526
0 0.6435582822085889 0.24035087719298245 0.003067484662576687 0.0456140350877193
0 0.5696319018404908 0.4307017543859649 0.004294478527607362 0.06842105263157895
0 0.7230061349693252 0.312280701754386 0.0036809815950920245 0.04912280701754386
0 0.7368098159509202 0.4473684210526316 0.004294478527607362 0.06666666666666667
0 0.652760736196319 0.6210526315789474 0.005521472392638037 0.08421052631578947
0 0.6656441717791411 0.22807017543859648 0.003067484662576687 0.042105263157894736
0 0.6417177914110429 0.2578947368421053 0.0036809815950920245 0.04912280701754386
0 0.5728527607361963 0.6482456140350877 0.005828220858895706 0.08596491228070176
0 0.5995398773006135 0.38859649122807016 0.003987730061349694 0.06140350877192982
0 0.5414110429447853 0.2912280701754386 0.003067484662576687 0.04912280701754386
0 0.6165644171779141 0.28421052631578947 0.003067484662576687 0.0456140350877193
0 0.5375766871165644 0.17894736842105263 0.003987730061349694 0.042105263157894736
0 0.47975460122699387 0.3254385964912281 0.003067484662576687 0.06140350877192982