0 0.2654907975460123 0.3429824561403509 0.003374233128834356 0.07192982456140351
0 0.3871165644171779 0.6578947368421053 0.005521472392638037 0.08421052631578947
0 0.37515337423312883 0.46578947368421053 0.004294478527607362 0.06842105263157895
0 0.4035276073619632 0.23771929824561402 0.0027607361963190185 0.04736842105263158
0 0.5144171779141105 0.17105263157894737 0.0036809815950920245 0.04736842105263158
0 0.43006134969325155 0.2982456140350877 0.003067484662576687 0.05263157894736842
0 0.45613496932515335 0.45087719298245615 0.004294478527607362 0.06666666666666667
0 0.594478527607362 0.5754385964912281 0.0049079754601227 0.07719298245614035
0 0.5579754601226994 0.36929824561403507 0.0036809815950920245 0.054385964912280704
0 0.5394171779141105 0.3192982456140351 0.003374233128834356 0.05263157894736842
0 0.4642638036809816 0.29385964912280704 0.003987730061349694 0.05087719298245614
0 0.5210122699386504 0.2649122807017544 0.003987730061349694 0.06315789473684211
0 0.713957055214724 0.3280701754385965 0.003374233128834356 0.056140350877192984
0 0.5892638036809816 0.3815789473684211 0.0036809815950920245 0.06140350877192982
0 0.5987730061349693 0.5201754385964912 0.0049079754601227 0.07192982456140351
0 0.570398773006135 0.31666666666666665 0.003374233128834356 0.054385964912280704
0 0.5486196319018405 0.22719298245614036 0.0027607361963190185 0.043859649122807015
0 0.49739263803680983 0.5473684210526316 0.004601226993865031 0.07719298245614035
0 0.5317484662576687 0.393859649122807 0.003987730061349694 0.06140350877192982
0 0.47070552147239264 0.34035087719298246 0.003374233128834356 0.05263157894736842
0 0.521319018404908 0.3 0.003987730061349694 0.042105263157894736
0 0.4780674846625767 0.26666666666666666 0.003374233128834356 0.04912280701754386
0 0.4246932515337423 0.47017543859649125 0.005214723926380368 0.07368421052631578