0 0.2570552147239264 0.3456140350877193 0.003067484662576687 0.056140350877192984
0 0.4107361963190184 0.46842105263157896 0.004294478527607362 0.06666666666666667
0 0.424079754601227 0.3912280701754386 0.0027607361963190185 0.056140350877192984
0 0.4285276073619632 0.31842105263157894 0.0036809815950920245 0.05789473684210526
0 0.43512269938650305 0.22894736842105262 0.0027607361963190185 0.03333333333333333
0 0.47254601226993864 0.42719298245614035 0.003987730061349694 0.06842105263157895
0 0.48098159509202454 0.30526315789473685 0.003067484662576687 0.042105263157894736
0 0.4855828220858896 0.5201754385964912 0.004294478527607362 0.06842105263157895
0 0.5503067484662577 0.38421052631578945 0.0036809815950920245 0.05964912280701754
0 0.55920245398773 0.27982456140350875 0.003067484662576687 0.05087719298245614
0 0.4915644171779141 0.23508771929824562 0.0027607361963190185 0.03508771929824561
0 0.4699386503067485 0.44035087719298244 0.003067484662576687 0.07368421052631578
0 0.7096625766871165 0.3263157894736842 0.003374233128834356 0.056140350877192984
0 0.5894171779141104 0.40350877192982454 0.003987730061349694 0.06315789473684211
0 0.5636503067484663 0.7 0.005828220858895706 0.0912280701754386
0 0.5938650306748466 0.26842105263157895 0.003067484662576687 0.04912280701754386
0 0.5113496932515338 0.17105263157894737 0.00245398773006135 0.03333333333333333
0 0.404601226993865 0.5210526315789473 0.0049079754601227 0.07368421052631578
0 0.4835889570552147 0.5043859649122807 0.003987730061349694 0.06842105263157895
0 0.5006134969325153 0.27807017543859647 0.003067484662576687 0.05087719298245614
0 0.4639570552147239 0.36929824561403507 0.003987730061349694 0.054385964912280704
0 0.4415644171779141 0.1912280701754386 0.0027607361963190185 0.03859649122807018
0 0.4210122699386503 0.3385964912280702 0.003374233128834356 0.05263157894736842