0 0.31349693251533745 0.3017543859649123 0.00245398773006135 0.05263157894736842
0 0.4958588957055215 0.40964912280701754 0.003987730061349694 0.05087719298245614
0 0.4638036809815951 0.27982456140350875 0.003067484662576687 0.05087719298245614
0 0.4653374233128834 0.1692982456140351 0.003067484662576687 0.03684210526315789
0 0.5248466257668711 0.15350877192982457 0.00245398773006135 0.03684210526315789
0 0.5447852760736196 0.27982456140350875 0.003067484662576687 0.05087719298245614
0 0.508282208588957 0.16842105263157894 0.003067484662576687 0.03859649122807018
0 0.603680981595092 0.36666666666666664 0.0036809815950920245 0.056140350877192984
0 0.5783742331288344 0.2517543859649123 0.0027607361963190185 0.04736842105263158
0 0.520398773006135 0.2614035087719298 0.0027607361963190185 0.04912280701754386
0 0.5595092024539877 0.16052631578947368 0.003067484662576687 0.03684210526315789
0 0.5403374233128835 0.24298245614035088 0.003374233128834356 0.054385964912280704
0 0.7292944785276073 0.3078947368421053 0.003374233128834356 0.054385964912280704
0 0.601840490797546 0.26666666666666666 0.003067484662576687 0.04912280701754386
0 0.6228527607361963 0.33157894736842103 0.003374233128834356 0.056140350877192984
0 0.6015337423312883 0.2236842105263158 0.003067484662576687 0.04736842105263158
0 0.574079754601227 0.17543859649122806 0.0027607361963190185 0.03859649122807018
0 0.5383435582822086 0.36666666666666664 0.0036809815950920245 0.05964912280701754
0 0.5633435582822086 0.2631578947368421 0.0027607361963190185 0.0456140350877193
0 0.5193251533742331 0.1912280701754386 0.00245398773006135 0.03859649122807018
0 0.5743865030674846 0.2149122807017544 0.003987730061349694 0.04736842105263158
0 0.5392638036809816 0.16842105263157894 0.003067484662576687 0.03859649122807018
0 0.48144171779141104 0.20877192982456141 0.0027607361963190185 0.05263157894736842