0 0.3512269938650307 0.30701754385964913 0.003067484662576687 0.05964912280701754
0 0.5269938650306748 0.43333333333333335 0.004294478527607362 0.06666666666666667
0 0.4815950920245399 0.26666666666666666 0.003067484662576687 0.04912280701754386
0 0.5340490797546013 0.21228070175438596 0.003067484662576687 0.042105263157894736
0 0.6331288343558282 0.20789473684210527 0.00245398773006135 0.043859649122807015
0 0.657361963190184 0.23771929824561402 0.003067484662576687 0.043859649122807015
0 0.5526073619631902 0.22807017543859648 0.0027607361963190185 0.042105263157894736
0 0.6450920245398774 0.3736842105263158 0.0036809815950920245 0.056140350877192984
0 0.6397239263803681 0.2596491228070175 0.0027607361963190185 0.04912280701754386
0 0.591717791411043 0.27280701754385966 0.003067484662576687 0.04035087719298246
0 0.5875766871165644 0.20526315789473684 0.002147239263803681 0.031578947368421054
0 0.5851226993865031 0.27807017543859647 0.003987730061349694 0.05789473684210526
0 0.7553680981595092 0.3236842105263158 0.003374233128834356 0.054385964912280704
0 0.700920245398773 0.25263157894736843 0.0036809815950920245 0.0456140350877193
0 0.6684049079754601 0.3736842105263158 0.0036809815950920245 0.05964912280701754
0 0.6611963190184049 0.24385964912280703 0.003987730061349694 0.0456140350877193
0 0.6467791411042945 0.22807017543859648 0.003374233128834356 0.0456140350877193
0 0.55920245398773 0.4587719298245614 0.004294478527607362 0.06842105263157895
0 0.6024539877300613 0.2964912280701754 0.003067484662576687 0.05263157894736842
0 0.5651840490797546 0.2631578947368421 0.0027607361963190185 0.0456140350877193
0 0.5903374233128834 0.21666666666666667 0.003987730061349694 0.05087719298245614
0 0.5084355828220859 0.1736842105263158 0.0027607361963190185 0.042105263157894736
0 0.5294478527607362 0.24035087719298245 0.0049079754601227 0.0456140350877193