0 0.2593558282208589 0.3333333333333333 0.003374233128834356 0.05964912280701754
0 0.404601226993865 0.4614035087719298 0.004294478527607362 0.05964912280701754
0 0.4223926380368098 0.34912280701754383 0.0036809815950920245 0.056140350877192984
0 0.42392638036809815 0.27280701754385966 0.0036809815950920245 0.054385964912280704
0 0.4383435582822086 0.18333333333333332 0.00245398773006135 0.04035087719298246
0 0.451840490797546 0.35175438596491226 0.0036809815950920245 0.05087719298245614
0 0.472239263803681 0.24385964912280703 0.0027607361963190185 0.03859649122807018
0 0.4708588957055215 0.4666666666666667 0.004294478527607362 0.06315789473684211
0 0.5047546012269939 0.3333333333333333 0.003374233128834356 0.05263157894736842
0 0.5161042944785276 0.23859649122807017 0.0027607361963190185 0.0456140350877193
0 0.4883435582822086 0.19473684210526315 0.00245398773006135 0.03859649122807018
0 0.47576687116564415 0.37543859649122807 0.0036809815950920245 0.06315789473684211
0 0.6941717791411043 0.3 0.003067484662576687 0.05263157894736842
0 0.6004601226993865 0.41403508771929826 0.003987730061349694 0.06315789473684211
0 0.49555214723926383 0.6763157894736842 0.005828220858895706 0.08947368421052632
0 0.5516871165644172 0.23421052631578948 0.0027607361963190185 0.04736842105263158
0 0.5049079754601227 0.16052631578947368 0.00245398773006135 0.03333333333333333
0 0.3918711656441718 0.5947368421052631 0.005214723926380368 0.08070175438596491
0 0.4625766871165644 0.38859649122807016 0.0036809815950920245 0.05087719298245614
0 0.49555214723926383 0.2219298245614035 0.0027607361963190185 0.043859649122807015
0 0.523159509202454 0.30964912280701756 0.003374233128834356 0.054385964912280704
0 0.46932515337423314 0.16052631578947368 0.003067484662576687 0.043859649122807015
0 0.4377300613496933 0.2868421052631579 0.003067484662576687 0.05087719298245614