0 0.2656441717791411 0.3394736842105263 0.004294478527607362 0.06842105263157895
0 0.4269938650306748 0.5017543859649123 0.0049079754601227 0.07719298245614035
0 0.44217791411042945 0.3956140350877193 0.003987730061349694 0.06140350877192982
0 0.45521472392638035 0.2868421052631579 0.003067484662576687 0.05087719298245614
0 0.44355828220858895 0.21140350877192982 0.00245398773006135 0.043859649122807015
0 0.4812883435582822 0.3482456140350877 0.0036809815950920245 0.05789473684210526
0 0.5276073619631901 0.2578947368421053 0.003067484662576687 0.03508771929824561
0 0.48190184049079754 0.47719298245614034 0.004294478527607362 0.07017543859649122
0 0.5549079754601227 0.43333333333333335 0.004294478527607362 0.06666666666666667
0 0.5283742331288344 0.3368421052631579 0.003374233128834356 0.056140350877192984
0 0.5061349693251533 0.20964912280701756 0.00245398773006135 0.043859649122807015
0 0.475 0.4105263157894737 0.003987730061349694 0.06315789473684211
0 0.7065950920245399 0.31140350877192985 0.003374233128834356 0.054385964912280704
0 0.6115030674846625 0.4052631578947368 0.003987730061349694 0.06315789473684211
0 0.46794478527607364 0.6701754385964912 0.005828220858895706 0.08421052631578947
0 0.5852760736196319 0.27807017543859647 0.003067484662576687 0.05087719298245614
0 0.5234662576687117 0.16666666666666666 0.0027607361963190185 0.03859649122807018
0 0.41411042944785276 0.5473684210526316 0.0049079754601227 0.07719298245614035
0 0.5012269938650307 0.35 0.0036809815950920245 0.05789473684210526
0 0.5283742331288344 0.2543859649122807 0.0027607361963190185 0.04912280701754386
0 0.49785276073619633 0.27631578947368424 0.003067484662576687 0.04736842105263158
0 0.4549079754601227 0.16578947368421051 0.003067484662576687 0.043859649122807015
0 0.4219325153374233 0.5140350877192983 0.005214723926380368 0.08421052631578947