0 0.25720858895705523 0.356140350877193 0.004601226993865031 0.07017543859649122
0 0.35475460122699387 0.6587719298245615 0.005828220858895706 0.0824561403508772
0 0.3745398773006135 0.5157894736842106 0.0049079754601227 0.07368421052631578
0 0.40567484662576686 0.40087719298245617 0.003987730061349694 0.05789473684210526
0 0.40996932515337425 0.30964912280701756 0.003374233128834356 0.043859649122807015
0 0.41549079754601226 0.5342105263157895 0.004601226993865031 0.07543859649122807
0 0.4687116564417178 0.4850877192982456 0.004294478527607362 0.06842105263157895
0 0.4311349693251534 0.6789473684210526 0.005214723926380368 0.0912280701754386
0 0.4498466257668712 0.6754385964912281 0.005828220858895706 0.08771929824561403
0 0.5044478527607362 0.4201754385964912 0.003987730061349694 0.06491228070175438
0 0.5023006134969326 0.31666666666666665 0.003374233128834356 0.05087719298245614
0 0.4644171779141104 0.46578947368421053 0.0036809815950920245 0.06140350877192982
0 0.7168711656441717 0.37543859649122807 0.0036809815950920245 0.05964912280701754
0 0.572239263803681 0.5868421052631579 0.005214723926380368 0.07894736842105263
0 0.48634969325153377 0.7271929824561404 0.006441717791411043 0.09298245614035087
0 0.5976993865030675 0.4219298245614035 0.003987730061349694 0.06491228070175438
0 0.5334355828220859 0.30087719298245613 0.003067484662576687 0.04736842105263158
0 0.39631901840490796 0.706140350877193 0.006134969325153374 0.09298245614035087
0 0.44355828220858895 0.5596491228070175 0.0049079754601227 0.08771929824561403
0 0.45245398773006135 0.38421052631578945 0.0036809815950920245 0.05964912280701754
0 0.497239263803681 0.5228070175438596 0.0049079754601227 0.07368421052631578
0 0.4371165644171779 0.2894736842105263 0.003067484662576687 0.05263157894736842
0 0.36395705521472393 0.5464912280701755 0.005828220858895706 0.08596491228070176