0 0.28865030674846626 0.3412280701754386 0.003067484662576687 0.06842105263157895
0 0.4628834355828221 0.6833333333333333 0.006134969325153374 0.08596491228070176
0 0.4237730061349693 0.4421052631578947 0.003987730061349694 0.06666666666666667
0 0.45567484662576685 0.2394736842105263 0.0027607361963190185 0.04736842105263158
0 0.5254601226993865 0.1736842105263158 0.0036809815950920245 0.03859649122807018
0 0.47116564417177914 0.2912280701754386 0.003067484662576687 0.05263157894736842
0 0.5056748466257669 0.46842105263157896 0.005828220858895706 0.08070175438596491
0 0.6053680981595092 0.5166666666666667 0.004601226993865031 0.07192982456140351
0 0.6010736196319019 0.4368421052631579 0.003987730061349694 0.06666666666666667
0 0.5789877300613497 0.3219298245614035 0.003374233128834356 0.05789473684210526
0 0.5061349693251533 0.3508771929824561 0.003067484662576687 0.05964912280701754
0 0.5361963190184049 0.27807017543859647 0.003067484662576687 0.05087719298245614
0 0.7320552147239264 0.3368421052631579 0.003374233128834356 0.056140350877192984
0 0.623159509202454 0.41403508771929826 0.003987730061349694 0.06315789473684211
0 0.6171779141104294 0.49298245614035086 0.0049079754601227 0.07368421052631578
0 0.6056748466257669 0.3298245614035088 0.003374233128834356 0.056140350877192984
0 0.5762269938650306 0.23684210526315788 0.0027607361963190185 0.0456140350877193
0 0.5470858895705522 0.5807017543859649 0.005214723926380368 0.08070175438596491
0 0.5688650306748466 0.41403508771929826 0.003987730061349694 0.06315789473684211
0 0.5039877300613497 0.33421052631578946 0.0036809815950920245 0.054385964912280704
0 0.5825153374233129 0.3192982456140351 0.004294478527607362 0.05964912280701754
0 0.4915644171779141 0.27982456140350875 0.003987730061349694 0.054385964912280704
0 0.4831288343558282 0.44649122807017544 0.0036809815950920245 0.06491228070175438