0 0.24493865030674847 0.36666666666666664 0.003374233128834356 0.04912280701754386
0 0.41319018404907976 0.7236842105263158 0.006748466257668712 0.09298245614035087
0 0.3773006134969325 0.6192982456140351 0.0049079754601227 0.07719298245614035
0 0.40782208588957053 0.40350877192982454 0.003374233128834356 0.06315789473684211
0 0.43190184049079755 0.2885964912280702 0.003067484662576687 0.04035087719298246
0 0.4569018404907976 0.5877192982456141 0.005214723926380368 0.08070175438596491
0 0.44171779141104295 0.4543859649122807 0.004294478527607362 0.056140350877192984
0 0.5039877300613497 0.6850877192982456 0.006134969325153374 0.08947368421052632
0 0.5769938650306748 0.4298245614035088 0.004294478527607362 0.05263157894736842
0 0.5088957055214723 0.443859649122807 0.004294478527607362 0.06666666666666667
0 0.5200920245398774 0.23333333333333334 0.0027607361963190185 0.03859649122807018
0 0.453680981595092 0.49473684210526314 0.004294478527607362 0.07368421052631578
0 0.7156441717791411 0.34649122807017546 0.003067484662576687 0.05087719298245614
0 0.5996932515337423 0.5491228070175439 0.0049079754601227 0.07719298245614035
0 0.5470858895705522 0.7429824561403509 0.006441717791411043 0.09649122807017543
0 0.5794478527607362 0.3350877192982456 0.0049079754601227 0.05964912280701754
0 0.5486196319018405 0.2543859649122807 0.0027607361963190185 0.04912280701754386
0 0.4157975460122699 0.7552631578947369 0.006441717791411043 0.09649122807017543
0 0.49125766871165644 0.5675438596491228 0.005214723926380368 0.06842105263157895
0 0.4584355828220859 0.38421052631578945 0.004601226993865031 0.056140350877192984
0 0.5245398773006135 0.45964912280701753 0.003067484662576687 0.05964912280701754
0 0.4434049079754601 0.19824561403508772 0.003987730061349694 0.05263157894736842
0 0.38466257668711656 0.6473684210526316 0.004294478527607362 0.07719298245614035