0 0.26380368098159507 0.306140350877193 0.0036809815950920245 0.05789473684210526
0 0.46763803680981597 0.7263157894736842 0.005828220858895706 0.08771929824561403
0 0.3610429447852761 0.45526315789473687 0.004294478527607362 0.06842105263157895
0 0.4007668711656442 0.2578947368421053 0.0027607361963190185 0.04912280701754386
0 0.45674846625766874 0.1850877192982456 0.00245398773006135 0.03333333333333333
0 0.453680981595092 0.3157894736842105 0.0036809815950920245 0.05964912280701754
0 0.4829754601226994 0.24210526315789474 0.003374233128834356 0.04912280701754386
0 0.5900306748466257 0.4745614035087719 0.003374233128834356 0.06842105263157895
0 0.5641104294478527 0.387719298245614 0.0036809815950920245 0.05263157894736842
0 0.5641104294478527 0.29473684210526313 0.003067484662576687 0.05263157894736842
0 0.5254601226993865 0.17192982456140352 0.003067484662576687 0.031578947368421054
0 0.5136503067484662 0.256140350877193 0.0027607361963190185 0.04912280701754386
0 0.7299079754601226 0.3298245614035088 0.003374233128834356 0.056140350877192984
0 0.5766871165644172 0.35526315789473684 0.0036809815950920245 0.05789473684210526
0 0.5938650306748466 0.4587719298245614 0.004294478527607362 0.06842105263157895
0 0.5730061349693252 0.2912280701754386 0.003067484662576687 0.05263157894736842
0 0.557361963190184 0.21842105263157896 0.00245398773006135 0.043859649122807015
0 0.5069018404907976 0.47719298245614034 0.004601226993865031 0.07017543859649122
0 0.5363496932515337 0.3368421052631579 0.003374233128834356 0.056140350877192984
0 0.47730061349693254 0.26666666666666666 0.003067484662576687 0.042105263157894736
0 0.519478527607362 0.26666666666666666 0.003374233128834356 0.04912280701754386
0 0.4794478527607362 0.20701754385964913 0.00245398773006135 0.0456140350877193
0 0.4371165644171779 0.32894736842105265 0.0036809815950920245 0.054385964912280704