0 0.2958588957055215 0.3736842105263158 0.0027607361963190185 0.056140350877192984
0 0.5470858895705522 0.6429824561403509 0.005828220858895706 0.0824561403508772
0 0.521319018404908 0.4885964912280702 0.004601226993865031 0.07192982456140351
0 0.49923312883435583 0.40614035087719297 0.003374233128834356 0.06140350877192982
0 0.49984662576687117 0.2736842105263158 0.003987730061349694 0.0456140350877193
0 0.656441717791411 0.5 0.004294478527607362 0.07719298245614035
0 0.567638036809816 0.4052631578947368 0.003987730061349694 0.05964912280701754
0 0.7187116564417177 0.7017543859649122 0.006134969325153374 0.0912280701754386
0 0.7458588957055214 0.5692982456140351 0.005214723926380368 0.07543859649122807
0 0.7331288343558282 0.43859649122807015 0.004294478527607362 0.06666666666666667
0 0.5958588957055214 0.2657894736842105 0.0027607361963190185 0.03684210526315789
0 0.5728527607361963 0.3868421052631579 0.003987730061349694 0.06491228070175438
0 0.7622699386503068 0.37280701754385964 0.0036809815950920245 0.05087719298245614
0 0.7338957055214724 0.5657894736842105 0.00705521472392638 0.09298245614035087
0 0.7314417177914111 0.6833333333333333 0.005828220858895706 0.0824561403508772
0 0.6556748466257669 0.2543859649122807 0.003374233128834356 0.05263157894736842
0 0.5659509202453987 0.19649122807017544 0.003067484662576687 0.042105263157894736
0 0.5598159509202454 0.6333333333333333 0.005521472392638037 0.08070175438596491
0 0.6487730061349694 0.5157894736842106 0.006134969325153374 0.08070175438596491
0 0.5533742331288344 0.4728070175438597 0.004294478527607362 0.06491228070175438
0 0.6719325153374233 0.4201754385964912 0.003987730061349694 0.06491228070175438
0 0.5079754601226993 0.27982456140350875 0.003067484662576687 0.04736842105263158
0 0.5084355828220859 0.40789473684210525 0.0027607361963190185 0.05789473684210526