0 0.25199386503067484 0.3649122807017544 0.003987730061349694 0.06315789473684211
0 0.3383435582822086 0.6982456140350877 0.006134969325153374 0.0912280701754386
0 0.35966257668711654 0.5543859649122806 0.003374233128834356 0.07719298245614035
0 0.3875766871165644 0.4280701754385965 0.003987730061349694 0.06315789473684211
0 0.4062883435582822 0.34210526315789475 0.003374233128834356 0.056140350877192984
0 0.39815950920245397 0.5745614035087719 0.005521472392638037 0.09649122807017543
0 0.452760736196319 0.5236842105263158 0.0049079754601227 0.07543859649122807
0 0.41779141104294476 0.6947368421052632 0.0049079754601227 0.08771929824561403
0 0.4371165644171779 0.7342105263157894 0.006134969325153374 0.08596491228070176
0 0.4947852760736196 0.43859649122807015 0.004294478527607362 0.06666666666666667
0 0.5010736196319019 0.34035087719298246 0.003374233128834356 0.056140350877192984
0 0.45659509202453985 0.46842105263157896 0.003987730061349694 0.06666666666666667
0 0.7134969325153374 0.3815789473684211 0.0036809815950920245 0.06140350877192982
0 0.553680981595092 0.618421052631579 0.005521472392638037 0.07192982456140351
0 0.47254601226993864 0.7263157894736842 0.006441717791411043 0.09473684210526316
0 0.5736196319018405 0.443859649122807 0.004294478527607362 0.06666666666666667
0 0.529601226993865 0.3263157894736842 0.0027607361963190185 0.05263157894736842
0 0.40383435582822086 0.7175438596491228 0.006441717791411043 0.09473684210526316
0 0.42760736196319016 0.5956140350877193 0.0049079754601227 0.08596491228070176
0 0.4308282208588957 0.4307017543859649 0.003987730061349694 0.06140350877192982
0 0.48573619631901843 0.5640350877192982 0.005214723926380368 0.07894736842105263
0 0.4354294478527607 0.3236842105263158 0.003374233128834356 0.054385964912280704
0 0.3473926380368098 0.5780701754385965 0.005828220858895706 0.0824561403508772