0 0.27423312883435585 0.3912280701754386 0.005521472392638037 0.06315789473684211
0 0.6130368098159509 0.7070175438596491 0.005828220858895706 0.08771929824561403
0 0.47837423312883437 0.5824561403508772 0.005214723926380368 0.08070175438596491
0 0.49263803680981594 0.37719298245614036 0.0036809815950920245 0.05964912280701754
0 0.5113496932515338 0.22543859649122808 0.00245398773006135 0.043859649122807015
0 0.5618098159509203 0.5701754385964912 0.003987730061349694 0.07719298245614035
0 0.570398773006135 0.41403508771929826 0.003987730061349694 0.06315789473684211
0 0.7280674846625766 0.5719298245614035 0.005214723926380368 0.07719298245614035
0 0.7843558282208589 0.7736842105263158 0.006748466257668712 0.08070175438596491
0 0.619478527607362 0.38859649122807016 0.003987730061349694 0.06140350877192982
0 0.6156441717791411 0.27456140350877195 0.003067484662576687 0.04736842105263158
0 0.6012269938650306 0.37894736842105264 0.0036809815950920245 0.056140350877192984
0 0.7748466257668711 0.3719298245614035 0.0036809815950920245 0.05964912280701754
0 0.7792944785276074 0.5780701754385965 0.005214723926380368 0.07894736842105263
0 0.8165644171779141 0.8096491228070175 0.006748466257668712 0.08596491228070176
0 0.7115030674846625 0.4166666666666667 0.003987730061349694 0.06491228070175438
0 0.6487730061349694 0.2929824561403509 0.003067484662576687 0.05263157894736842
0 0.6234662576687117 0.7315789473684211 0.006441717791411043 0.09473684210526316
0 0.6817484662576687 0.6 0.005214723926380368 0.07719298245614035
0 0.5624233128834356 0.5298245614035088 0.005214723926380368 0.07368421052631578
0 0.657361963190184 0.46228070175438596 0.004294478527607362 0.06842105263157895
0 0.5773006134969325 0.26666666666666666 0.003067484662576687 0.042105263157894736
0 0.5041411042944786 0.5877192982456141 0.005214723926380368 0.08070175438596491