0 0.2837423312883436 0.3236842105263158 0.0036809815950920245 0.05087719298245614
0 0.4751533742331288 0.4421052631578947 0.004294478527607362 0.05263157894736842
0 0.4699386503067485 0.33245614035087717 0.003067484662576687 0.05087719298245614
0 0.48021472392638037 0.25263157894736843 0.0027607361963190185 0.04912280701754386
0 0.47837423312883437 0.18333333333333332 0.002147239263803681 0.03333333333333333
0 0.5251533742331288 0.29210526315789476 0.003067484662576687 0.05087719298245614
0 0.5202453987730061 0.21754385964912282 0.00245398773006135 0.042105263157894736
0 0.5638036809815951 0.39035087719298245 0.0036809815950920245 0.05087719298245614
0 0.5901840490797546 0.25701754385964914 0.00245398773006135 0.04035087719298246
0 0.6262269938650307 0.22982456140350876 0.0027607361963190185 0.03859649122807018
0 0.5975460122699386 0.1850877192982456 0.00245398773006135 0.03684210526315789
0 0.5320552147239264 0.31842105263157894 0.003374233128834356 0.054385964912280704
0 0.7374233128834355 0.30701754385964913 0.003067484662576687 0.04912280701754386
0 0.6952453987730062 0.3912280701754386 0.004601226993865031 0.06315789473684211
0 0.6366564417177915 0.5008771929824561 0.004601226993865031 0.06491228070175438
0 0.6696319018404908 0.20526315789473684 0.0036809815950920245 0.0456140350877193
0 0.6007668711656442 0.18157894736842106 0.0027607361963190185 0.03684210526315789
0 0.4835889570552147 0.4842105263157895 0.004601226993865031 0.07017543859649122
0 0.574079754601227 0.3192982456140351 0.003374233128834356 0.03508771929824561
0 0.5001533742331289 0.24912280701754386 0.0027607361963190185 0.042105263157894736
0 0.5940184049079754 0.23596491228070177 0.0027607361963190185 0.03684210526315789
0 0.4815950920245399 0.17017543859649123 0.003067484662576687 0.03859649122807018
0 0.4719325153374233 0.3263157894736842 0.0027607361963190185 0.05263157894736842