0 0.2556748466257669 0.35964912280701755 0.004601226993865031 0.05964912280701754
0 0.4771472392638037 0.7359649122807017 0.006441717791411043 0.09298245614035087
0 0.420398773006135 0.5043859649122807 0.004601226993865031 0.05087719298245614
0 0.43803680981595094 0.30350877192982456 0.003067484662576687 0.05263157894736842
0 0.4843558282208589 0.19298245614035087 0.00245398773006135 0.03508771929824561
0 0.4657975460122699 0.47192982456140353 0.003374233128834356 0.05964912280701754
0 0.502760736196319 0.3017543859649123 0.003067484662576687 0.042105263157894736
0 0.5782208588957055 0.5447368421052632 0.006134969325153374 0.06491228070175438
0 0.61579754601227 0.5903508771929824 0.005214723926380368 0.07894736842105263
0 0.5855828220858895 0.35350877192982455 0.0036809815950920245 0.05789473684210526
0 0.5641104294478527 0.2149122807017544 0.0036809815950920245 0.05087719298245614
0 0.535122699386503 0.3254385964912281 0.003374233128834356 0.054385964912280704
0 0.7398773006134969 0.356140350877193 0.0036809815950920245 0.056140350877192984
0 0.6279141104294479 0.5394736842105263 0.0049079754601227 0.07543859649122807
0 0.5829754601226994 0.5964912280701754 0.005828220858895706 0.06315789473684211
0 0.6107361963190184 0.37543859649122807 0.0036809815950920245 0.05964912280701754
0 0.588036809815951 0.2754385964912281 0.003067484662576687 0.04912280701754386
0 0.5151840490797546 0.6587719298245615 0.005828220858895706 0.08596491228070176
0 0.5498466257668712 0.512280701754386 0.004601226993865031 0.07368421052631578
0 0.48021472392638037 0.4342105263157895 0.003987730061349694 0.05789473684210526
0 0.560122699386503 0.37719298245614036 0.0036809815950920245 0.05263157894736842
0 0.5256134969325154 0.24736842105263157 0.003374233128834356 0.0456140350877193
0 0.44125766871165645 0.5175438596491229 0.004601226993865031 0.07368421052631578