0 0.3065950920245399 0.3201754385964912 0.003374233128834356 0.05087719298245614
0 0.5746932515337423 0.5622807017543859 0.004601226993865031 0.07543859649122807
0 0.4812883435582822 0.3587719298245614 0.0036809815950920245 0.05789473684210526
0 0.4822085889570552 0.2894736842105263 0.00245398773006135 0.042105263157894736
0 0.5180981595092025 0.19473684210526315 0.00245398773006135 0.042105263157894736
0 0.5493865030674847 0.3482456140350877 0.0036809815950920245 0.05789473684210526
0 0.5975460122699386 0.2736842105263158 0.003067484662576687 0.04912280701754386
0 0.48680981595092027 0.4605263157894737 0.004294478527607362 0.06140350877192982
0 0.6955521472392638 0.3482456140350877 0.003374233128834356 0.04736842105263158
0 0.6150306748466258 0.35350877192982455 0.0036809815950920245 0.05789473684210526
0 0.6407975460122699 0.23859649122807017 0.0036809815950920245 0.0456140350877193
0 0.56579754601227 0.4307017543859649 0.004601226993865031 0.06842105263157895
0 0.7251533742331289 0.3131578947368421 0.0036809815950920245 0.05087719298245614
0 0.7383435582822085 0.45526315789473687 0.004294478527607362 0.06842105263157895
0 0.652760736196319 0.6210526315789474 0.005521472392638037 0.08421052631578947
0 0.6624233128834356 0.22105263157894736 0.0027607361963190185 0.042105263157894736
0 0.633282208588957 0.24912280701754386 0.003374233128834356 0.04912280701754386
0 0.556441717791411 0.631578947368421 0.005521472392638037 0.08421052631578947
0 0.5955521472392638 0.39035087719298245 0.003987730061349694 0.06140350877192982
0 0.5377300613496933 0.2850877192982456 0.003067484662576687 0.05087719298245614
0 0.6245398773006134 0.28771929824561404 0.003067484662576687 0.042105263157894736
0 0.5299079754601227 0.18333333333333332 0.003987730061349694 0.043859649122807015
0 0.4799079754601227 0.32105263157894737 0.003374233128834356 0.06315789473684211