0 0.31104294478527605 0.34035087719298246 0.0036809815950920245 0.056140350877192984
0 0.7340490797546012 0.6263157894736842 0.005521472392638037 0.05263157894736842
0 0.4789877300613497 0.4201754385964912 0.003987730061349694 0.06491228070175438
0 0.48819018404907977 0.2517543859649123 0.0027607361963190185 0.04736842105263158
0 0.5384969325153375 0.18596491228070175 0.0027607361963190185 0.03859649122807018
0 0.5188650306748466 0.40350877192982454 0.003987730061349694 0.06315789473684211
0 0.5869631901840491 0.26842105263157895 0.0027607361963190185 0.03859649122807018
0 0.566717791411043 0.5087719298245614 0.004601226993865031 0.056140350877192984
0 0.6650306748466258 0.35 0.0036809815950920245 0.04736842105263158
0 0.5532208588957055 0.36666666666666664 0.003374233128834356 0.056140350877192984
0 0.6184049079754601 0.2131578947368421 0.00245398773006135 0.02982456140350877
0 0.5587423312883436 0.2754385964912281 0.004601226993865031 0.04912280701754386
0 0.7760736196319018 0.3508771929824561 0.0036809815950920245 0.056140350877192984
0 0.6802147239263804 0.4043859649122807 0.003987730061349694 0.054385964912280704
0 0.6029141104294479 0.4807017543859649 0.004601226993865031 0.05263157894736842
0 0.6529141104294478 0.3219298245614035 0.005828220858895706 0.07192982456140351
0 0.624079754601227 0.25526315789473686 0.003374233128834356 0.03333333333333333
0 0.695398773006135 0.5491228070175439 0.0049079754601227 0.06315789473684211
0 0.557361963190184 0.3912280701754386 0.0036809815950920245 0.05964912280701754
0 0.5696319018404908 0.2868421052631579 0.003067484662576687 0.03684210526315789
0 0.6113496932515338 0.33421052631578946 0.003067484662576687 0.05087719298245614
0 0.5598159509202454 0.19035087719298247 0.003067484662576687 0.04035087719298246
0 0.5026073619631902 0.3131578947368421 0.003374233128834356 0.054385964912280704