0 0.31349693251533745 0.3017543859649123 0.00245398773006135 0.05263157894736842
0 0.49570552147239266 0.40964912280701754 0.004294478527607362 0.05087719298245614
0 0.4647239263803681 0.27807017543859647 0.003067484662576687 0.05087719298245614
0 0.4656441717791411 0.1692982456140351 0.003067484662576687 0.03684210526315789
0 0.5263803680981595 0.15350877192982457 0.003067484662576687 0.03684210526315789
0 0.5450920245398773 0.27982456140350875 0.003067484662576687 0.05087719298245614
0 0.5084355828220859 0.16842105263157894 0.0027607361963190185 0.03508771929824561
0 0.6039877300613496 0.36666666666666664 0.0036809815950920245 0.056140350877192984
0 0.5786809815950921 0.2517543859649123 0.0027607361963190185 0.04736842105263158
0 0.5208588957055215 0.2631578947368421 0.003067484662576687 0.04912280701754386
0 0.5596625766871166 0.16052631578947368 0.003374233128834356 0.03684210526315789
0 0.5401840490797546 0.24210526315789474 0.003067484662576687 0.05263157894736842
0 0.7289877300613496 0.3078947368421053 0.003374233128834356 0.054385964912280704
0 0.601840490797546 0.26666666666666666 0.003067484662576687 0.04912280701754386
0 0.6228527607361963 0.32894736842105265 0.003374233128834356 0.054385964912280704
0 0.6021472392638036 0.22456140350877193 0.003067484662576687 0.04912280701754386
0 0.5743865030674846 0.17543859649122806 0.0027607361963190185 0.03859649122807018
0 0.5389570552147239 0.3684210526315789 0.0036809815950920245 0.05964912280701754
0 0.5638036809815951 0.2649122807017544 0.003067484662576687 0.04912280701754386
0 0.5205521472392638 0.19298245614035087 0.00245398773006135 0.03859649122807018
0 0.5748466257668712 0.2149122807017544 0.0036809815950920245 0.04736842105263158
0 0.5404907975460123 0.16842105263157894 0.003067484662576687 0.03859649122807018
0 0.48144171779141104 0.20877192982456141 0.0027607361963190185 0.05263157894736842