0 0.2969325153374233 0.362280701754386 0.003067484662576687 0.05087719298245614
0 0.5383435582822086 0.6350877192982456 0.005521472392638037 0.07017543859649122
0 0.5388036809815951 0.4885964912280702 0.004601226993865031 0.07192982456140351
0 0.4878834355828221 0.3631578947368421 0.0027607361963190185 0.05964912280701754
0 0.5015337423312883 0.24298245614035088 0.003067484662576687 0.043859649122807015
0 0.6763803680981595 0.443859649122807 0.004294478527607362 0.06666666666666667
0 0.5661042944785276 0.38859649122807016 0.003987730061349694 0.06140350877192982
0 0.7067484662576687 0.6324561403508772 0.005521472392638037 0.07894736842105263
0 0.7912576687116565 0.5789473684210527 0.005214723926380368 0.08070175438596491
0 0.7673312883435582 0.42543859649122806 0.003987730061349694 0.06491228070175438
0 0.5888036809815951 0.24736842105263157 0.0027607361963190185 0.0456140350877193
0 0.5719325153374233 0.4114035087719298 0.003374233128834356 0.06842105263157895
0 0.7886503067484663 0.38333333333333336 0.0036809815950920245 0.05087719298245614
0 0.7898773006134969 0.5850877192982457 0.006134969325153374 0.08947368421052632
0 0.7618098159509202 0.7464912280701754 0.006441717791411043 0.09649122807017543
0 0.6622699386503067 0.2236842105263158 0.00245398773006135 0.03333333333333333
0 0.5565950920245398 0.18157894736842106 0.0027607361963190185 0.03684210526315789
0 0.5507668711656442 0.6780701754385965 0.005828220858895706 0.08947368421052632
0 0.6608895705521473 0.49912280701754386 0.004601226993865031 0.07192982456140351
0 0.5533742331288344 0.4763157894736842 0.004294478527607362 0.05789473684210526
0 0.6900306748466257 0.3912280701754386 0.003374233128834356 0.05263157894736842
0 0.5084355828220859 0.23333333333333334 0.0027607361963190185 0.0456140350877193
0 0.4950920245398773 0.3850877192982456 0.003067484662576687 0.05087719298245614