0 0.25076687116564417 0.3587719298245614 0.0027607361963190185 0.06842105263157895
0 0.37576687116564417 0.5517543859649123 0.0036809815950920245 0.06491228070175438
0 0.39309815950920246 0.4631578947368421 0.003987730061349694 0.07017543859649122
0 0.38819018404907973 0.3868421052631579 0.003374233128834356 0.06140350877192982
0 0.40797546012269936 0.29035087719298247 0.004294478527607362 0.054385964912280704
0 0.4616564417177914 0.38070175438596493 0.0036809815950920245 0.056140350877192984
0 0.4312883435582822 0.5 0.0036809815950920245 0.07017543859649122
0 0.42760736196319016 0.6149122807017544 0.004294478527607362 0.0824561403508772
0 0.48420245398773004 0.4956140350877193 0.003987730061349694 0.07192982456140351
0 0.5245398773006135 0.37280701754385964 0.0036809815950920245 0.05789473684210526
0 0.4476993865030675 0.2324561403508772 0.0027607361963190185 0.043859649122807015
0 0.4088957055214724 0.5640350877192982 0.004294478527607362 0.08947368421052632
0 0.7187116564417177 0.3482456140350877 0.0036809815950920245 0.05789473684210526
0 0.5256134969325154 0.5263157894736842 0.005214723926380368 0.08421052631578947
0 0.420398773006135 0.7649122807017544 0.006441717791411043 0.09824561403508772
0 0.6078220858895705 0.30964912280701756 0.003374233128834356 0.054385964912280704
0 0.473159509202454 0.18070175438596492 0.002147239263803681 0.031578947368421054
0 0.35552147239263804 0.7263157894736842 0.006134969325153374 0.09473684210526316
0 0.4513803680981595 0.5675438596491228 0.005214723926380368 0.07894736842105263
0 0.4098159509202454 0.4605263157894737 0.004294478527607362 0.06140350877192982
0 0.48911042944785277 0.3991228070175439 0.003987730061349694 0.06140350877192982
0 0.4242331288343558 0.2649122807017544 0.003067484662576687 0.05263157894736842
0 0.3897239263803681 0.41228070175438597 0.003987730061349694 0.05964912280701754