0 0.251840490797546 0.37105263157894736 0.004294478527607362 0.05789473684210526
0 0.49984662576687117 0.7324561403508771 0.006441717791411043 0.08596491228070176
0 0.40705521472392636 0.5350877192982456 0.0049079754601227 0.07017543859649122
0 0.4475460122699387 0.31491228070175437 0.003067484662576687 0.054385964912280704
0 0.48865030674846627 0.20175438596491227 0.00245398773006135 0.042105263157894736
0 0.4812883435582822 0.5307017543859649 0.0036809815950920245 0.06140350877192982
0 0.5121165644171779 0.33771929824561403 0.003374233128834356 0.054385964912280704
0 0.6174846625766871 0.5570175438596491 0.0049079754601227 0.07192982456140351
0 0.6392638036809816 0.7096491228070175 0.006134969325153374 0.09298245614035087
0 0.589877300613497 0.36929824561403507 0.0036809815950920245 0.05789473684210526
0 0.5710122699386503 0.22543859649122808 0.003374233128834356 0.043859649122807015
0 0.5427914110429448 0.3482456140350877 0.003374233128834356 0.054385964912280704
0 0.7429447852760737 0.3570175438596491 0.0036809815950920245 0.05789473684210526
0 0.6590490797546013 0.5657894736842105 0.005214723926380368 0.07894736842105263
0 0.6180981595092024 0.6815789473684211 0.006748466257668712 0.07192982456140351
0 0.6311349693251533 0.4070175438596491 0.003987730061349694 0.06315789473684211
0 0.6 0.28421052631578947 0.003067484662576687 0.04912280701754386
0 0.5228527607361964 0.7333333333333333 0.006441717791411043 0.0912280701754386
0 0.5651840490797546 0.5754385964912281 0.004601226993865031 0.07368421052631578
0 0.48819018404907977 0.512280701754386 0.004601226993865031 0.06666666666666667
0 0.5636503067484663 0.42719298245614035 0.003987730061349694 0.06140350877192982
0 0.5403374233128835 0.2614035087719298 0.003374233128834356 0.0456140350877193
0 0.4544478527607362 0.5578947368421052 0.005214723926380368 0.07719298245614035