0 0.2907975460122699 0.356140350877193 0.00245398773006135 0.04912280701754386
0 0.49079754601226994 0.6008771929824561 0.005521472392638037 0.07894736842105263
0 0.5190184049079755 0.44035087719298244 0.004294478527607362 0.06666666666666667
0 0.4865030674846626 0.33157894736842103 0.003067484662576687 0.056140350877192984
0 0.49493865030674844 0.22719298245614036 0.0027607361963190185 0.03684210526315789
0 0.6421779141104295 0.4105263157894737 0.003987730061349694 0.06315789473684211
0 0.5521472392638037 0.3570175438596491 0.0036809815950920245 0.05789473684210526
0 0.661963190184049 0.5649122807017544 0.0049079754601227 0.07719298245614035
0 0.7680981595092025 0.5157894736842106 0.0049079754601227 0.07017543859649122
0 0.7457055214723927 0.3526315789473684 0.0036809815950920245 0.04912280701754386
0 0.5737730061349693 0.23684210526315788 0.0027607361963190185 0.0456140350877193
0 0.5595092024539877 0.40789473684210525 0.0036809815950920245 0.06842105263157895
0 0.7819018404907976 0.3798245614035088 0.0036809815950920245 0.03333333333333333
0 0.7961656441717792 0.5745614035087719 0.005214723926380368 0.07894736842105263
0 0.7280674846625766 0.7412280701754386 0.006441717791411043 0.09298245614035087
0 0.6565950920245399 0.1912280701754386 0.0027607361963190185 0.042105263157894736
0 0.5450920245398773 0.17192982456140352 0.003067484662576687 0.0456140350877193
0 0.4976993865030675 0.6728070175438596 0.005828220858895706 0.08947368421052632
0 0.6044478527607362 0.4780701754385965 0.004601226993865031 0.06491228070175438
0 0.5365030674846626 0.4543859649122807 0.004294478527607362 0.06666666666666667
0 0.6532208588957055 0.3280701754385965 0.003374233128834356 0.056140350877192984
0 0.5050613496932516 0.22456140350877193 0.0027607361963190185 0.0456140350877193
0 0.4874233128834356 0.36140350877192984 0.003067484662576687 0.05263157894736842