0 0.2889570552147239 0.3385964912280702 0.004294478527607362 0.056140350877192984
0 0.48895705521472393 0.5043859649122807 0.004294478527607362 0.07192982456140351
0 0.48021472392638037 0.36140350877192984 0.003374233128834356 0.05263157894736842
0 0.4843558282208589 0.28157894736842104 0.003067484662576687 0.05087719298245614
0 0.49279141104294477 0.1956140350877193 0.003374233128834356 0.043859649122807015
0 0.5461656441717792 0.32894736842105265 0.003987730061349694 0.05789473684210526
0 0.5302147239263804 0.2394736842105263 0.0027607361963190185 0.043859649122807015
0 0.5829754601226994 0.4263157894736842 0.003987730061349694 0.05964912280701754
0 0.6180981595092024 0.3017543859649123 0.003067484662576687 0.042105263157894736
0 0.6480061349693251 0.2482456140350877 0.0027607361963190185 0.04736842105263158
0 0.5923312883435583 0.19824561403508772 0.00245398773006135 0.031578947368421054
0 0.5368098159509203 0.35175438596491226 0.003067484662576687 0.05087719298245614
0 0.7260736196319019 0.30350877192982456 0.003067484662576687 0.03859649122807018
0 0.7430981595092024 0.45789473684210524 0.004601226993865031 0.07017543859649122
0 0.6549079754601227 0.6008771929824561 0.005521472392638037 0.0824561403508772
0 0.6809815950920245 0.20964912280701756 0.003067484662576687 0.03684210526315789
0 0.5840490797546012 0.17192982456140352 0.0036809815950920245 0.04912280701754386
0 0.5052147239263803 0.543859649122807 0.0049079754601227 0.07719298245614035
0 0.5975460122699386 0.3482456140350877 0.0036809815950920245 0.05789473684210526
0 0.5039877300613497 0.3087719298245614 0.003067484662576687 0.05263157894736842
0 0.6072085889570552 0.24561403508771928 0.003374233128834356 0.042105263157894736
0 0.4869631901840491 0.17105263157894737 0.003374233128834356 0.043859649122807015
0 0.4803680981595092 0.3473684210526316 0.003067484662576687 0.06315789473684211