0 0.25828220858895706 0.3543859649122807 0.004294478527607362 0.07017543859649122
0 0.35828220858895704 0.6464912280701754 0.005521472392638037 0.07894736842105263
0 0.37806748466257667 0.5070175438596491 0.004601226993865031 0.07368421052631578
0 0.4147239263803681 0.3868421052631579 0.0036809815950920245 0.05789473684210526
0 0.4125766871165644 0.30701754385964913 0.003067484662576687 0.042105263157894736
0 0.4190184049079755 0.5228070175438596 0.0049079754601227 0.07017543859649122
0 0.471319018404908 0.4710526315789474 0.004601226993865031 0.06842105263157895
0 0.4345092024539877 0.6745614035087719 0.005214723926380368 0.09649122807017543
0 0.4523006134969325 0.6657894736842105 0.005828220858895706 0.08596491228070176
0 0.5062883435582822 0.4149122807017544 0.003987730061349694 0.06491228070175438
0 0.5038343558282209 0.3105263157894737 0.003374233128834356 0.05263157894736842
0 0.46671779141104297 0.46403508771929824 0.003987730061349694 0.06140350877192982
0 0.7168711656441717 0.3736842105263158 0.0036809815950920245 0.05964912280701754
0 0.5811349693251534 0.5877192982456141 0.005214723926380368 0.08070175438596491
0 0.4897239263803681 0.724561403508772 0.005214723926380368 0.09473684210526316
0 0.6001533742331289 0.41403508771929826 0.003987730061349694 0.06315789473684211
0 0.5343558282208589 0.2956140350877193 0.003067484662576687 0.04736842105263158
0 0.39447852760736196 0.7035087719298245 0.006134969325153374 0.0912280701754386
0 0.44785276073619634 0.5517543859649123 0.0049079754601227 0.08596491228070176
0 0.45674846625766874 0.3719298245614035 0.0036809815950920245 0.05964912280701754
0 0.5010736196319019 0.5096491228070176 0.004601226993865031 0.06491228070175438
0 0.4377300613496933 0.2833333333333333 0.003067484662576687 0.05087719298245614
0 0.3674846625766871 0.5385964912280702 0.006134969325153374 0.0912280701754386