0 0.2575153374233129 0.34385964912280703 0.003374233128834356 0.056140350877192984
0 0.3866564417177914 0.5587719298245614 0.005214723926380368 0.07192982456140351
0 0.42346625766871165 0.3780701754385965 0.003987730061349694 0.06140350877192982
0 0.4233128834355828 0.32719298245614037 0.0036809815950920245 0.054385964912280704
0 0.424079754601227 0.23859649122807017 0.0027607361963190185 0.031578947368421054
0 0.4507668711656442 0.4201754385964912 0.003987730061349694 0.06491228070175438
0 0.4615030674846626 0.3140350877192982 0.003374233128834356 0.0456140350877193
0 0.46503067484662575 0.5789473684210527 0.0049079754601227 0.07719298245614035
0 0.5038343558282209 0.41403508771929826 0.003987730061349694 0.06315789473684211
0 0.5111963190184049 0.33157894736842103 0.003374233128834356 0.056140350877192984
0 0.4878834355828221 0.22543859649122808 0.003374233128834356 0.04035087719298246
0 0.46595092024539875 0.45964912280701753 0.004294478527607362 0.07368421052631578
0 0.7118098159509203 0.3368421052631579 0.003374233128834356 0.056140350877192984
0 0.5918711656441717 0.47719298245614034 0.004601226993865031 0.07017543859649122
0 0.4766871165644172 0.706140350877193 0.006134969325153374 0.09298245614035087
0 0.5834355828220859 0.2833333333333333 0.003067484662576687 0.05087719298245614
0 0.5162576687116565 0.18333333333333332 0.00245398773006135 0.03684210526315789
0 0.36441717791411044 0.7017543859649122 0.006134969325153374 0.0912280701754386
0 0.4480061349693252 0.45614035087719296 0.003374233128834356 0.06315789473684211
0 0.49739263803680983 0.26052631578947366 0.0027607361963190185 0.043859649122807015
0 0.5271472392638037 0.4219298245614035 0.003987730061349694 0.06491228070175438
0 0.4406441717791411 0.17280701754385966 0.002147239263803681 0.04035087719298246
0 0.4526073619631902 0.3508771929824561 0.003374233128834356 0.06315789473684211