0 0.24846625766871167 0.356140350877193 0.00245398773006135 0.05964912280701754
0 0.38450920245398773 0.5543859649122806 0.003987730061349694 0.06315789473684211
0 0.3950920245398773 0.4570175438596491 0.004294478527607362 0.07192982456140351
0 0.4007668711656442 0.3868421052631579 0.0027607361963190185 0.05789473684210526
0 0.4133435582822086 0.3017543859649123 0.003374233128834356 0.06315789473684211
0 0.4573619631901841 0.3719298245614035 0.0036809815950920245 0.05964912280701754
0 0.43466257668711655 0.5026315789473684 0.004294478527607362 0.07192982456140351
0 0.422239263803681 0.6140350877192983 0.005214723926380368 0.08070175438596491
0 0.5032208588957056 0.4956140350877193 0.004601226993865031 0.06842105263157895
0 0.5162576687116565 0.38333333333333336 0.0036809815950920245 0.06140350877192982
0 0.4464723926380368 0.256140350877193 0.0027607361963190185 0.04912280701754386
0 0.41319018404907976 0.5456140350877193 0.004294478527607362 0.07368421052631578
0 0.7156441717791411 0.35350877192982455 0.0036809815950920245 0.05789473684210526
0 0.5283742331288344 0.55 0.004601226993865031 0.07543859649122807
0 0.42254601226993865 0.7482456140350877 0.006441717791411043 0.09298245614035087
0 0.5934049079754601 0.31140350877192985 0.003374233128834356 0.054385964912280704
0 0.46840490797546014 0.1850877192982456 0.00245398773006135 0.04035087719298246
0 0.3615030674846626 0.7333333333333333 0.006441717791411043 0.09473684210526316
0 0.4429447852760736 0.5175438596491229 0.0049079754601227 0.07368421052631578
0 0.4087423312883436 0.5017543859649123 0.003987730061349694 0.06666666666666667
0 0.4742331288343558 0.3736842105263158 0.0036809815950920245 0.05964912280701754
0 0.42300613496932515 0.28157894736842104 0.003067484662576687 0.05087719298245614
0 0.3987730061349693 0.41754385964912283 0.004294478527607362 0.07368421052631578