0 0.25904907975460123 0.3368421052631579 0.003374233128834356 0.056140350877192984
0 0.40659509202453986 0.5078947368421053 0.004601226993865031 0.07192982456140351
0 0.4302147239263804 0.3570175438596491 0.003374233128834356 0.05789473684210526
0 0.4263803680981595 0.2850877192982456 0.0036809815950920245 0.05789473684210526
0 0.449079754601227 0.18596491228070175 0.00245398773006135 0.042105263157894736
0 0.47653374233128837 0.39035087719298245 0.003374233128834356 0.05789473684210526
0 0.4808282208588957 0.25877192982456143 0.0027607361963190185 0.043859649122807015
0 0.4892638036809816 0.4842105263157895 0.004294478527607362 0.07017543859649122
0 0.5107361963190185 0.33157894736842103 0.0036809815950920245 0.04912280701754386
0 0.529601226993865 0.2482456140350877 0.0027607361963190185 0.04736842105263158
0 0.48619631901840493 0.21052631578947367 0.00245398773006135 0.03508771929824561
0 0.4719325153374233 0.4070175438596491 0.003374233128834356 0.06666666666666667
0 0.6978527607361963 0.31666666666666665 0.003067484662576687 0.054385964912280704
0 0.6016871165644172 0.4149122807017544 0.003987730061349694 0.06491228070175438
0 0.5191717791411042 0.7271929824561404 0.006441717791411043 0.09298245614035087
0 0.56579754601227 0.24649122807017543 0.0027607361963190185 0.04736842105263158
0 0.5128834355828221 0.16666666666666666 0.00245398773006135 0.03508771929824561
0 0.39217791411042946 0.6447368421052632 0.005828220858895706 0.08596491228070176
0 0.4976993865030675 0.4166666666666667 0.003987730061349694 0.06491228070175438
0 0.5007668711656442 0.2394736842105263 0.0027607361963190185 0.04736842105263158
0 0.5108895705521472 0.2982456140350877 0.003374233128834356 0.05964912280701754
0 0.4598159509202454 0.1692982456140351 0.003067484662576687 0.03684210526315789
0 0.4325153374233129 0.29473684210526313 0.003067484662576687 0.05263157894736842