0 0.25245398773006134 0.3701754385964912 0.003067484662576687 0.07017543859649122
0 0.3210122699386503 0.6552631578947369 0.005828220858895706 0.07192982456140351
0 0.3230061349693252 0.4649122807017544 0.004294478527607362 0.05964912280701754
0 0.37530674846625767 0.2482456140350877 0.0027607361963190185 0.04736842105263158
0 0.4717791411042945 0.18333333333333332 0.00245398773006135 0.04035087719298246
0 0.38773006134969323 0.35789473684210527 0.0036809815950920245 0.042105263157894736
0 0.44263803680981595 0.47368421052631576 0.004294478527607362 0.07017543859649122
0 0.5736196319018405 0.5596491228070175 0.0049079754601227 0.07719298245614035
0 0.5363496932515337 0.39210526315789473 0.003987730061349694 0.06140350877192982
0 0.5191717791411042 0.3236842105263158 0.003374233128834356 0.04736842105263158
0 0.4762269938650307 0.24736842105263157 0.0027607361963190185 0.03859649122807018
0 0.5049079754601227 0.2719298245614035 0.0036809815950920245 0.05964912280701754
0 0.7090490797546012 0.34210526315789475 0.003374233128834356 0.056140350877192984
0 0.5737730061349693 0.4149122807017544 0.003987730061349694 0.06491228070175438
0 0.5822085889570552 0.5508771929824562 0.0049079754601227 0.07719298245614035
0 0.5519938650306748 0.3350877192982456 0.003374233128834356 0.056140350877192984
0 0.5348159509202454 0.2614035087719298 0.0027607361963190185 0.04912280701754386
0 0.44447852760736195 0.6114035087719298 0.005521472392638037 0.0824561403508772
0 0.5214723926380368 0.44912280701754387 0.004294478527607362 0.06666666666666667
0 0.4427914110429448 0.40964912280701754 0.003987730061349694 0.05789473684210526
0 0.49309815950920244 0.3263157894736842 0.003374233128834356 0.056140350877192984
0 0.4317484662576687 0.24736842105263157 0.003374233128834356 0.05263157894736842
0 0.35138036809815953 0.4956140350877193 0.005214723926380368 0.0824561403508772