0 0.22515337423312884 0.3219298245614035 0.00245398773006135 0.054385964912280704
0 0.26226993865030673 0.42543859649122806 0.004294478527607362 0.06842105263157895
0 0.26533742331288346 0.36666666666666664 0.00245398773006135 0.0456140350877193
0 0.27116564417177913 0.2912280701754386 0.0036809815950920245 0.05964912280701754
0 0.2992331288343558 0.20789473684210527 0.003374233128834356 0.043859649122807015
0 0.3191717791411043 0.3429824561403509 0.003987730061349694 0.06140350877192982
0 0.3156441717791411 0.2894736842105263 0.0036809815950920245 0.04912280701754386
0 0.3700920245398773 0.5087719298245614 0.004601226993865031 0.05964912280701754
0 0.5096625766871166 0.4043859649122807 0.003987730061349694 0.06140350877192982
0 0.423159509202454 0.34210526315789475 0.003374233128834356 0.056140350877192984
0 0.3191717791411043 0.21842105263157896 0.003374233128834356 0.043859649122807015
0 0.3521472392638037 0.38421052631578945 0.004294478527607362 0.07368421052631578
0 0.685122699386503 0.3201754385964912 0.0027607361963190185 0.05087719298245614
0 0.5197852760736197 0.3956140350877193 0.003987730061349694 0.06140350877192982
0 0.42822085889570555 0.5289473684210526 0.0049079754601227 0.07192982456140351
0 0.5116564417177915 0.27631578947368424 0.003067484662576687 0.05087719298245614
0 0.454601226993865 0.2043859649122807 0.00245398773006135 0.03684210526315789
0 0.26932515337423313 0.41842105263157897 0.0036809815950920245 0.06491228070175438
0 0.37147239263803683 0.32719298245614037 0.0036809815950920245 0.05789473684210526
0 0.30644171779141105 0.31140350877192985 0.0036809815950920245 0.04736842105263158
0 0.4352760736196319 0.27807017543859647 0.003067484662576687 0.04035087719298246
0 0.30214723926380366 0.19649122807017544 0.003067484662576687 0.042105263157894736
0 0.25444785276073617 0.3929824561403509 0.003374233128834356 0.056140350877192984