0 0.2883435582822086 0.32280701754385965 0.005521472392638037 0.05964912280701754
0 0.473159509202454 0.4868421052631579 0.004601226993865031 0.06842105263157895
0 0.47070552147239264 0.3780701754385965 0.003987730061349694 0.06140350877192982
0 0.47883435582822087 0.27280701754385966 0.003067484662576687 0.05087719298245614
0 0.4723926380368098 0.19736842105263158 0.00245398773006135 0.03684210526315789
0 0.5207055214723927 0.312280701754386 0.003374233128834356 0.04912280701754386
0 0.5338957055214724 0.23333333333333334 0.0027607361963190185 0.03859649122807018
0 0.5969325153374233 0.47192982456140353 0.004294478527607362 0.06666666666666667
0 0.597239263803681 0.2789473684210526 0.003067484662576687 0.03859649122807018
0 0.6236196319018404 0.2736842105263158 0.004294478527607362 0.04912280701754386
0 0.5766871165644172 0.20350877192982456 0.00245398773006135 0.03508771929824561
0 0.5315950920245399 0.35350877192982455 0.0036809815950920245 0.05789473684210526
0 0.7430981595092024 0.30964912280701756 0.003374233128834356 0.054385964912280704
0 0.6765337423312884 0.4219298245614035 0.003987730061349694 0.06842105263157895
0 0.651840490797546 0.537719298245614 0.0049079754601227 0.07543859649122807
0 0.6400306748466258 0.24473684210526317 0.003987730061349694 0.05087719298245614
0 0.5927914110429447 0.17456140350877192 0.002147239263803681 0.01929824561403509
0 0.4878834355828221 0.49912280701754386 0.004601226993865031 0.07192982456140351
0 0.5819018404907975 0.36140350877192984 0.0036809815950920245 0.056140350877192984
0 0.5133435582822086 0.23421052631578948 0.0027607361963190185 0.03684210526315789
0 0.6216257668711657 0.31140350877192985 0.003374233128834356 0.054385964912280704
0 0.4785276073619632 0.18157894736842106 0.00245398773006135 0.03684210526315789
0 0.46855828220858897 0.387719298245614 0.003987730061349694 0.06666666666666667