0 0.29279141104294476 0.32456140350877194 0.003374233128834356 0.04912280701754386
0 0.4584355828220859 0.5026315789473684 0.004601226993865031 0.06491228070175438
0 0.4598159509202454 0.3385964912280702 0.0036809815950920245 0.056140350877192984
0 0.4302147239263804 0.3201754385964912 0.003374233128834356 0.05087719298245614
0 0.4532208588957055 0.25087719298245614 0.0027607361963190185 0.03859649122807018
0 0.4924846625766871 0.32105263157894737 0.003374233128834356 0.042105263157894736
0 0.5542944785276074 0.29473684210526313 0.003067484662576687 0.042105263157894736
0 0.5141104294478528 0.41403508771929826 0.0036809815950920245 0.056140350877192984
0 0.6423312883435582 0.2929824561403509 0.003067484662576687 0.0456140350877193
0 0.5308282208588957 0.35350877192982455 0.003374233128834356 0.054385964912280704
0 0.6088957055214724 0.22719298245614036 0.003067484662576687 0.04736842105263158
0 0.5326687116564417 0.41578947368421054 0.005214723926380368 0.06666666666666667
0 0.7311349693251534 0.3201754385964912 0.003374233128834356 0.054385964912280704
0 0.6486196319018405 0.3956140350877193 0.003987730061349694 0.06140350877192982
0 0.6026073619631902 0.5008771929824561 0.004601226993865031 0.06842105263157895
0 0.6110429447852761 0.23508771929824562 0.0036809815950920245 0.0456140350877193
0 0.5863496932515337 0.23333333333333334 0.0027607361963190185 0.0456140350877193
0 0.5006134969325153 0.5491228070175439 0.0049079754601227 0.07719298245614035
0 0.5280674846625767 0.37719298245614036 0.003987730061349694 0.05263157894736842
0 0.47346625766871164 0.2929824561403509 0.003987730061349694 0.05263157894736842
0 0.5831288343558282 0.3043859649122807 0.0036809815950920245 0.054385964912280704
0 0.4602760736196319 0.24298245614035088 0.003987730061349694 0.054385964912280704
0 0.47254601226993864 0.33596491228070174 0.004601226993865031 0.07543859649122807