0 0.26242331288343557 0.35 0.003374233128834356 0.06842105263157895
0 0.36595092024539877 0.656140350877193 0.0049079754601227 0.08070175438596491
0 0.3585889570552147 0.46228070175438596 0.004294478527607362 0.05789473684210526
0 0.39401840490797546 0.2412280701754386 0.0027607361963190185 0.04736842105263158
0 0.5023006134969326 0.17192982456140352 0.003987730061349694 0.03859649122807018
0 0.41733128834355826 0.3157894736842105 0.003374233128834356 0.05263157894736842
0 0.44877300613496934 0.4587719298245614 0.004294478527607362 0.06491228070175438
0 0.588036809815951 0.5710526315789474 0.004294478527607362 0.07543859649122807
0 0.5478527607361963 0.3701754385964912 0.0036809815950920245 0.05964912280701754
0 0.5328220858895706 0.30964912280701756 0.003067484662576687 0.04035087719298246
0 0.4644171779141104 0.2771929824561403 0.004294478527607362 0.042105263157894736
0 0.5153374233128835 0.26666666666666666 0.0036809815950920245 0.06315789473684211
0 0.7084355828220859 0.3368421052631579 0.003374233128834356 0.056140350877192984
0 0.5826687116564417 0.39210526315789473 0.003987730061349694 0.06140350877192982
0 0.591717791411043 0.5184210526315789 0.0049079754601227 0.07192982456140351
0 0.5611963190184049 0.3236842105263158 0.003374233128834356 0.054385964912280704
0 0.5440184049079755 0.23771929824561402 0.0027607361963190185 0.04736842105263158
0 0.48052147239263804 0.5657894736842105 0.005214723926380368 0.07894736842105263
0 0.5246932515337424 0.4166666666666667 0.003987730061349694 0.06491228070175438
0 0.4592024539877301 0.3543859649122807 0.0036809815950920245 0.056140350877192984
0 0.5081288343558282 0.3 0.004601226993865031 0.056140350877192984
0 0.4673312883435583 0.2535087719298246 0.003374233128834356 0.05087719298245614
0 0.40337423312883436 0.4745614035087719 0.0049079754601227 0.07192982456140351