0 0.2654907975460123 0.34035087719298246 0.003987730061349694 0.06666666666666667
0 0.42868098159509205 0.4964912280701754 0.003374233128834356 0.07017543859649122
0 0.4437116564417178 0.39035087719298245 0.003987730061349694 0.06140350877192982
0 0.456441717791411 0.2833333333333333 0.003067484662576687 0.05087719298245614
0 0.4450920245398773 0.20964912280701756 0.00245398773006135 0.04035087719298246
0 0.48113496932515337 0.34210526315789475 0.003374233128834356 0.056140350877192984
0 0.5317484662576687 0.2543859649122807 0.003374233128834356 0.03859649122807018
0 0.48006134969325154 0.4710526315789474 0.004294478527607362 0.06842105263157895
0 0.5532208588957055 0.42719298245614035 0.003987730061349694 0.06491228070175438
0 0.5274539877300614 0.3333333333333333 0.003374233128834356 0.056140350877192984
0 0.506441717791411 0.20701754385964913 0.00245398773006135 0.042105263157894736
0 0.47530674846625764 0.4017543859649123 0.003987730061349694 0.06315789473684211
0 0.7084355828220859 0.30964912280701756 0.003374233128834356 0.054385964912280704
0 0.6124233128834355 0.4 0.003987730061349694 0.06315789473684211
0 0.47684049079754603 0.6710526315789473 0.005828220858895706 0.07894736842105263
0 0.5904907975460123 0.26666666666666666 0.003067484662576687 0.04912280701754386
0 0.5262269938650307 0.1649122807017544 0.0027607361963190185 0.042105263157894736
0 0.41595092024539876 0.5508771929824562 0.0049079754601227 0.07719298245614035
0 0.5007668711656442 0.34385964912280703 0.003374233128834356 0.05263157894736842
0 0.5292944785276074 0.2482456140350877 0.0027607361963190185 0.04736842105263158
0 0.49447852760736194 0.2719298245614035 0.003067484662576687 0.042105263157894736
0 0.45475460122699385 0.1649122807017544 0.003374233128834356 0.0456140350877193
0 0.4236196319018405 0.4982456140350877 0.005521472392638037 0.08771929824561403