0 0.21595092024539878 0.39649122807017545 0.0036809815950920245 0.06315789473684211
0 0.250920245398773 0.7719298245614035 0.006134969325153374 0.09824561403508772
0 0.2331288343558282 0.6228070175438597 0.005521472392638037 0.08421052631578947
0 0.33404907975460124 0.4570175438596491 0.004294478527607362 0.06842105263157895
0 0.3619631901840491 0.3587719298245614 0.0036809815950920245 0.05789473684210526
0 0.30598159509202455 0.6464912280701754 0.005828220858895706 0.08596491228070176
0 0.37377300613496933 0.5473684210526316 0.004601226993865031 0.07719298245614035
0 0.41549079754601226 0.6517543859649123 0.005828220858895706 0.08947368421052632
0 0.47929447852760737 0.6973684210526315 0.005828220858895706 0.08947368421052632
0 0.4799079754601227 0.42543859649122806 0.003987730061349694 0.06491228070175438
0 0.49647239263803683 0.34035087719298246 0.003374233128834356 0.056140350877192984
0 0.4280674846625767 0.49122807017543857 0.004601226993865031 0.07719298245614035
0 0.7058282208588957 0.37719298245614036 0.0036809815950920245 0.05964912280701754
0 0.5078220858895706 0.6763157894736842 0.005828220858895706 0.08947368421052632
0 0.45429447852760735 0.6973684210526315 0.005521472392638037 0.08947368421052632
0 0.5279141104294478 0.4675438596491228 0.004294478527607362 0.06842105263157895
0 0.5038343558282209 0.3412280701754386 0.003374233128834356 0.054385964912280704
0 0.3884969325153374 0.724561403508772 0.006441717791411043 0.09473684210526316
0 0.32515337423312884 0.6587719298245615 0.0049079754601227 0.08596491228070176
0 0.3535276073619632 0.4789473684210526 0.004601226993865031 0.06666666666666667
0 0.3983128834355828 0.5596491228070175 0.005214723926380368 0.07368421052631578
0 0.37469325153374233 0.37280701754385964 0.003374233128834356 0.06140350877192982
0 0.25828220858895706 0.6131578947368421 0.007361963190184049 0.08596491228070176