0 0.2771472392638037 0.3508771929824561 0.003987730061349694 0.06666666666666667
0 0.43895705521472395 0.6807017543859649 0.005521472392638037 0.08771929824561403
0 0.4107361963190184 0.4587719298245614 0.004294478527607362 0.06842105263157895
0 0.4372699386503067 0.24473684210526317 0.0027607361963190185 0.04736842105263158
0 0.5248466257668711 0.1736842105263158 0.00245398773006135 0.03859649122807018
0 0.4656441717791411 0.2912280701754386 0.003067484662576687 0.03508771929824561
0 0.47837423312883437 0.4728070175438597 0.005214723926380368 0.07543859649122807
0 0.5861963190184049 0.5236842105263158 0.005521472392638037 0.08947368421052632
0 0.5911042944785276 0.4570175438596491 0.004294478527607362 0.06491228070175438
0 0.5697852760736196 0.3473684210526316 0.003987730061349694 0.056140350877192984
0 0.4687116564417178 0.40087719298245617 0.003067484662576687 0.05789473684210526
0 0.5326687116564417 0.29385964912280704 0.003987730061349694 0.05789473684210526
0 0.7365030674846625 0.3482456140350877 0.0036809815950920245 0.05789473684210526
0 0.6202453987730061 0.443859649122807 0.004294478527607362 0.06666666666666667
0 0.5918711656441717 0.5219298245614035 0.004601226993865031 0.07192982456140351
0 0.6041411042944785 0.3456140350877193 0.003374233128834356 0.056140350877192984
0 0.5783742331288344 0.24736842105263157 0.0027607361963190185 0.0456140350877193
0 0.5381901840490797 0.6026315789473684 0.005214723926380368 0.0824561403508772
0 0.5516871165644172 0.42894736842105263 0.003987730061349694 0.06491228070175438
0 0.49570552147239266 0.4052631578947368 0.0036809815950920245 0.0456140350877193
0 0.567638036809816 0.36403508771929827 0.003374233128834356 0.05087719298245614
0 0.5165644171779141 0.2956140350877193 0.003067484662576687 0.05087719298245614
0 0.471319018404908 0.45789473684210524 0.003987730061349694 0.06666666666666667