0 0.2093558282208589 0.37894736842105264 0.003374233128834356 0.056140350877192984
0 0.18006134969325152 0.8149122807017544 0.006134969325153374 0.09298245614035087
0 0.2647239263803681 0.5508771929824562 0.0049079754601227 0.07719298245614035
0 0.3427914110429448 0.3894736842105263 0.003374233128834356 0.05964912280701754
0 0.3708588957055215 0.30964912280701756 0.003067484662576687 0.03684210526315789
0 0.45291411042944785 0.5894736842105263 0.005214723926380368 0.08070175438596491
0 0.41549079754601226 0.4368421052631579 0.004601226993865031 0.07017543859649122
0 0.470398773006135 0.6368421052631579 0.004601226993865031 0.08070175438596491
0 0.6004601226993865 0.5780701754385965 0.005214723926380368 0.07894736842105263
0 0.5239263803680981 0.3570175438596491 0.0036809815950920245 0.05789473684210526
0 0.508282208588957 0.2710526315789474 0.003067484662576687 0.04736842105263158
0 0.3993865030674847 0.48771929824561405 0.0036809815950920245 0.07719298245614035
0 0.7095092024539877 0.3605263157894737 0.0036809815950920245 0.05789473684210526
0 0.5860429447852761 0.5745614035087719 0.005214723926380368 0.09649122807017543
0 0.4831288343558282 0.6868421052631579 0.006134969325153374 0.08596491228070176
0 0.5664110429447853 0.3368421052631579 0.003374233128834356 0.056140350877192984
0 0.5216257668711657 0.21754385964912282 0.003987730061349694 0.03859649122807018
0 0.18895705521472392 0.7833333333333333 0.008588957055214725 0.1
0 0.48941717791411044 0.5245614035087719 0.004601226993865031 0.07368421052631578
0 0.40153374233128836 0.35964912280701755 0.0036809815950920245 0.05263157894736842
0 0.4246932515337423 0.4473684210526316 0.003374233128834356 0.05263157894736842
0 0.3688650306748466 0.27017543859649124 0.003374233128834356 0.0456140350877193
0 0.3065950920245399 0.5412280701754386 0.004601226993865031 0.06842105263157895