0 0.36687116564417177 0.32280701754385965 0.00245398773006135 0.056140350877192984
0 0.6328220858895706 0.4570175438596491 0.004294478527607362 0.06140350877192982
0 0.536042944785276 0.3429824561403509 0.003374233128834356 0.05789473684210526
0 0.5237730061349694 0.25701754385964914 0.003374233128834356 0.04736842105263158
0 0.6765337423312884 0.22807017543859648 0.0027607361963190185 0.042105263157894736
0 0.7116564417177914 0.2675438596491228 0.0049079754601227 0.02280701754385965
0 0.5949386503067484 0.2578947368421053 0.0027607361963190185 0.0456140350877193
0 0.7320552147239264 0.3570175438596491 0.0027607361963190185 0.05789473684210526
0 0.7144171779141104 0.30350877192982456 0.004294478527607362 0.056140350877192984
0 0.6496932515337424 0.28157894736842104 0.003067484662576687 0.05087719298245614
0 0.597239263803681 0.19473684210526315 0.0018404907975460123 0.042105263157894736
0 0.6733128834355828 0.24210526315789474 0.0049079754601227 0.04912280701754386
0 0.744478527607362 0.2719298245614035 0.003067484662576687 0.056140350877192984
0 0.7334355828220859 0.23596491228070177 0.005521472392638037 0.054385964912280704
0 0.7547546012269939 0.3508771929824561 0.004601226993865031 0.05263157894736842
0 0.7044478527607362 0.26052631578947366 0.003374233128834356 0.054385964912280704
0 0.6964723926380368 0.24210526315789474 0.003374233128834356 0.03859649122807018
0 0.7061349693251534 0.4649122807017544 0.004294478527607362 0.06666666666666667
0 0.6674846625766871 0.30350877192982456 0.003067484662576687 0.05263157894736842
0 0.6526073619631901 0.26666666666666666 0.003987730061349694 0.0456140350877193
0 0.6345092024539877 0.22807017543859648 0.0027607361963190185 0.0456140350877193
0 0.6101226993865031 0.18070175438596492 0.003067484662576687 0.03508771929824561
0 0.5292944785276074 0.2894736842105263 0.003374233128834356 0.056140350877192984