0 0.253680981595092 0.35789473684210527 0.003067484662576687 0.06315789473684211
0 0.39969325153374236 0.5912280701754385 0.004294478527607362 0.07368421052631578
0 0.4134969325153374 0.4692982456140351 0.004294478527607362 0.06491228070175438
0 0.41042944785276075 0.4131578947368421 0.0036809815950920245 0.06140350877192982
0 0.4299079754601227 0.32456140350877194 0.003374233128834356 0.06315789473684211
0 0.4845092024539877 0.40350877192982454 0.003987730061349694 0.06315789473684211
0 0.4696319018404908 0.5263157894736842 0.0049079754601227 0.07017543859649122
0 0.45674846625766874 0.6087719298245614 0.005521472392638037 0.07719298245614035
0 0.554601226993865 0.5175438596491229 0.0049079754601227 0.07368421052631578
0 0.5317484662576687 0.39649122807017545 0.003987730061349694 0.06315789473684211
0 0.46134969325153374 0.27017543859649124 0.003067484662576687 0.04912280701754386
0 0.4378834355828221 0.4324561403508772 0.0027607361963190185 0.06842105263157895
0 0.7058282208588957 0.3631578947368421 0.0036809815950920245 0.05964912280701754
0 0.5687116564417178 0.5289473684210526 0.004294478527607362 0.07192982456140351
0 0.4633435582822086 0.6807017543859649 0.005828220858895706 0.08771929824561403
0 0.5803680981595092 0.3 0.003067484662576687 0.05263157894736842
0 0.48006134969325154 0.21052631578947367 0.00245398773006135 0.0456140350877193
0 0.378680981595092 0.7280701754385965 0.006441717791411043 0.09473684210526316
0 0.5196319018404908 0.5236842105263158 0.0049079754601227 0.07543859649122807
0 0.47914110429447854 0.5263157894736842 0.0049079754601227 0.07017543859649122
0 0.5165644171779141 0.37543859649122807 0.0036809815950920245 0.05964912280701754
0 0.4418711656441718 0.3385964912280702 0.003374233128834356 0.056140350877192984
0 0.4265337423312883 0.4482456140350877 0.003987730061349694 0.06842105263157895