0 0.26579754601226996 0.37719298245614036 0.003987730061349694 0.06315789473684211
0 0.4400306748466258 0.5780701754385965 0.003374233128834356 0.07192982456140351
0 0.45245398773006135 0.519298245614035 0.004294478527607362 0.06315789473684211
0 0.4541411042944785 0.3868421052631579 0.003987730061349694 0.05789473684210526
0 0.4539877300613497 0.4201754385964912 0.004294478527607362 0.054385964912280704
0 0.5156441717791411 0.4517543859649123 0.0036809815950920245 0.07543859649122807
0 0.47868098159509204 0.5517543859649123 0.007668711656441718 0.05087719298245614
0 0.5970858895705522 0.5745614035087719 0.005214723926380368 0.06842105263157895
0 0.6521472392638037 0.5473684210526316 0.0049079754601227 0.07368421052631578
0 0.6292944785276073 0.4131578947368421 0.003987730061349694 0.06140350877192982
0 0.5684049079754602 0.29912280701754385 0.003067484662576687 0.043859649122807015
0 0.4976993865030675 0.3736842105263158 0.0027607361963190185 0.056140350877192984
0 0.74079754601227 0.35526315789473684 0.0036809815950920245 0.05789473684210526
0 0.6161042944785277 0.4868421052631579 0.004601226993865031 0.07192982456140351
0 0.5144171779141105 0.6429824561403509 0.005521472392638037 0.07543859649122807
0 0.6019938650306749 0.3192982456140351 0.003374233128834356 0.05263157894736842
0 0.5397239263803681 0.2307017543859649 0.0027607361963190185 0.043859649122807015
0 0.4343558282208589 0.6508771929824562 0.006134969325153374 0.08771929824561403
0 0.5280674846625767 0.43859649122807015 0.003987730061349694 0.06315789473684211
0 0.48987730061349694 0.5421052631578948 0.005521472392638037 0.03859649122807018
0 0.5539877300613497 0.37719298245614036 0.0036809815950920245 0.05964912280701754
0 0.452760736196319 0.4780701754385965 0.0049079754601227 0.05789473684210526
0 0.4834355828220859 0.40087719298245617 0.0036809815950920245 0.06491228070175438