0 0.3061349693251534 0.30701754385964913 0.00245398773006135 0.0456140350877193
0 0.5691717791411043 0.6 0.005214723926380368 0.07017543859649122
0 0.4607361963190184 0.3570175438596491 0.0036809815950920245 0.05789473684210526
0 0.4662576687116564 0.20964912280701756 0.00245398773006135 0.043859649122807015
0 0.5184049079754601 0.17192982456140352 0.00245398773006135 0.042105263157894736
0 0.5216257668711657 0.34035087719298246 0.003987730061349694 0.06666666666666667
0 0.5506134969325154 0.22105263157894736 0.003067484662576687 0.03508771929824561
0 0.5892638036809816 0.45526315789473687 0.004294478527607362 0.05789473684210526
0 0.5993865030674846 0.30350877192982456 0.003067484662576687 0.0456140350877193
0 0.5058282208588957 0.30526315789473685 0.003067484662576687 0.05263157894736842
0 0.5780674846625767 0.1850877192982456 0.002147239263803681 0.03333333333333333
0 0.5352760736196319 0.24035087719298245 0.003067484662576687 0.05263157894736842
0 0.7533742331288343 0.3394736842105263 0.0036809815950920245 0.054385964912280704
0 0.6179447852760737 0.3350877192982456 0.003374233128834356 0.056140350877192984
0 0.6041411042944785 0.4324561403508772 0.003987730061349694 0.06491228070175438
0 0.6052147239263803 0.28157894736842104 0.003067484662576687 0.05087719298245614
0 0.5894171779141104 0.21052631578947367 0.003987730061349694 0.03859649122807018
0 0.5820552147239264 0.4789473684210526 0.004601226993865031 0.07017543859649122
0 0.5271472392638037 0.3219298245614035 0.003374233128834356 0.05087719298245614
0 0.5185582822085889 0.24035087719298245 0.003374233128834356 0.0456140350877193
0 0.5654907975460123 0.27982456140350875 0.0027607361963190185 0.043859649122807015
0 0.5363496932515337 0.18157894736842106 0.002147239263803681 0.03684210526315789
0 0.48726993865030677 0.2578947368421053 0.003374233128834356 0.0456140350877193