0 0.23865030674846627 0.37456140350877193 0.003067484662576687 0.054385964912280704
0 0.3403374233128834 0.5859649122807018 0.004601226993865031 0.05964912280701754
0 0.38987730061349696 0.5271929824561403 0.0036809815950920245 0.06491228070175438
0 0.37101226993865033 0.45614035087719296 0.004601226993865031 0.07017543859649122
0 0.3937116564417178 0.3140350877192982 0.003987730061349694 0.04912280701754386
0 0.4283742331288344 0.4149122807017544 0.003987730061349694 0.06491228070175438
0 0.43696319018404906 0.5657894736842105 0.005214723926380368 0.07192982456140351
0 0.4167177914110429 0.6508771929824562 0.005828220858895706 0.08421052631578947
0 0.5279141104294478 0.5473684210526316 0.0049079754601227 0.07719298245614035
0 0.49739263803680983 0.393859649122807 0.003987730061349694 0.06140350877192982
0 0.4427914110429448 0.24561403508771928 0.0027607361963190185 0.042105263157894736
0 0.41319018404907976 0.4850877192982456 0.0036809815950920245 0.06842105263157895
0 0.7023006134969325 0.3447368421052632 0.003374233128834356 0.05789473684210526
0 0.5736196319018405 0.6157894736842106 0.005521472392638037 0.08421052631578947
0 0.40843558282208586 0.7587719298245614 0.007668711656441718 0.11052631578947368
0 0.569478527607362 0.3447368421052632 0.003374233128834356 0.05789473684210526
0 0.5044478527607362 0.23596491228070177 0.0027607361963190185 0.04035087719298246
0 0.39631901840490796 0.706140350877193 0.006134969325153374 0.09298245614035087
0 0.4638036809815951 0.5692982456140351 0.0049079754601227 0.07894736842105263
0 0.401840490797546 0.5631578947368421 0.0049079754601227 0.07368421052631578
0 0.47254601226993864 0.4280701754385965 0.003987730061349694 0.06315789473684211
0 0.4219325153374233 0.25877192982456143 0.0027607361963190185 0.04035087719298246
0 0.34570552147239264 0.5114035087719299 0.005521472392638037 0.06842105263157895