0 0.23205521472392637 0.3236842105263158 0.003374233128834356 0.054385964912280704
0 0.3320552147239264 0.5078947368421053 0.004601226993865031 0.06842105263157895
0 0.3492331288343558 0.4087719298245614 0.003987730061349694 0.05263157894736842
0 0.36687116564417177 0.29210526315789476 0.003067484662576687 0.043859649122807015
0 0.36901840490797544 0.21052631578947367 0.00245398773006135 0.03508771929824561
0 0.39447852760736196 0.36929824561403507 0.0036809815950920245 0.05087719298245614
0 0.4165644171779141 0.28421052631578947 0.003067484662576687 0.03508771929824561
0 0.4559815950920245 0.5824561403508772 0.005214723926380368 0.07017543859649122
0 0.536963190184049 0.41578947368421054 0.003987730061349694 0.06315789473684211
0 0.4815950920245399 0.3763157894736842 0.0036809815950920245 0.05789473684210526
0 0.3998466257668712 0.22807017543859648 0.003374233128834356 0.0456140350877193
0 0.41779141104294476 0.4017543859649123 0.004294478527607362 0.07017543859649122
0 0.7065950920245399 0.33596491228070174 0.003374233128834356 0.054385964912280704
0 0.5498466257668712 0.42894736842105263 0.003987730061349694 0.06491228070175438
0 0.48052147239263804 0.5763157894736842 0.005214723926380368 0.07894736842105263
0 0.5401840490797546 0.27631578947368424 0.003067484662576687 0.05087719298245614
0 0.49938650306748467 0.21754385964912282 0.00245398773006135 0.0456140350877193
0 0.33021472392638035 0.5201754385964912 0.005214723926380368 0.07894736842105263
0 0.4297546012269939 0.35 0.0036809815950920245 0.05789473684210526
0 0.4233128834355828 0.31140350877192985 0.003067484662576687 0.04736842105263158
0 0.5047546012269939 0.3412280701754386 0.003374233128834356 0.03684210526315789
0 0.38052147239263806 0.17894736842105263 0.003374233128834356 0.03859649122807018
0 0.3369631901840491 0.4842105263157895 0.004601226993865031 0.08070175438596491