0 0.30644171779141105 0.29473684210526313 0.003067484662576687 0.05263157894736842
0 0.5133435582822086 0.5008771929824561 0.004601226993865031 0.06491228070175438
0 0.45291411042944785 0.31842105263157894 0.003374233128834356 0.054385964912280704
0 0.4541411042944785 0.18421052631578946 0.003374233128834356 0.03508771929824561
0 0.5124233128834356 0.16140350877192983 0.002147239263803681 0.042105263157894736
0 0.5276073619631901 0.30087719298245613 0.003067484662576687 0.043859649122807015
0 0.524079754601227 0.19736842105263158 0.0027607361963190185 0.03684210526315789
0 0.5799079754601227 0.3991228070175439 0.003987730061349694 0.054385964912280704
0 0.5820552147239264 0.27017543859649124 0.0027607361963190185 0.03508771929824561
0 0.49447852760736194 0.27017543859649124 0.003067484662576687 0.04912280701754386
0 0.5570552147239264 0.1736842105263158 0.00245398773006135 0.03859649122807018
0 0.5331288343558283 0.23421052631578948 0.0036809815950920245 0.054385964912280704
0 0.7378834355828221 0.3219298245614035 0.003374233128834356 0.054385964912280704
0 0.601840490797546 0.2912280701754386 0.003067484662576687 0.05263157894736842
0 0.6012269938650306 0.36578947368421055 0.0036809815950920245 0.04736842105263158
0 0.5897239263803681 0.25 0.0027607361963190185 0.04736842105263158
0 0.567638036809816 0.1824561403508772 0.002147239263803681 0.028070175438596492
0 0.5486196319018405 0.3956140350877193 0.003987730061349694 0.06140350877192982
0 0.5182515337423312 0.28157894736842104 0.0027607361963190185 0.04736842105263158
0 0.5041411042944786 0.1956140350877193 0.003374233128834356 0.043859649122807015
0 0.5599693251533743 0.23596491228070177 0.0027607361963190185 0.04035087719298246
0 0.5236196319018405 0.17456140350877192 0.003067484662576687 0.04736842105263158
0 0.48144171779141104 0.2219298245614035 0.0027607361963190185 0.04736842105263158