0 0.296319018404908 0.312280701754386 0.003067484662576687 0.05964912280701754
0 0.5019938650306749 0.6456140350877193 0.005828220858895706 0.08421052631578947
0 0.45383435582822085 0.4105263157894737 0.003987730061349694 0.05964912280701754
0 0.47392638036809814 0.21754385964912282 0.00245398773006135 0.0456140350877193
0 0.5317484662576687 0.16578947368421051 0.003374233128834356 0.04035087719298246
0 0.5041411042944786 0.23333333333333334 0.0027607361963190185 0.0456140350877193
0 0.5237730061349694 0.41403508771929826 0.003987730061349694 0.05964912280701754
0 0.649079754601227 0.525438596491228 0.0049079754601227 0.06842105263157895
0 0.6225460122699387 0.35175438596491226 0.003374233128834356 0.054385964912280704
0 0.5989263803680982 0.29912280701754385 0.003374233128834356 0.06140350877192982
0 0.5599693251533743 0.2517543859649123 0.003987730061349694 0.04736842105263158
0 0.5444785276073619 0.2517543859649123 0.003067484662576687 0.05087719298245614
0 0.7504601226993866 0.3201754385964912 0.003374233128834356 0.054385964912280704
0 0.6466257668711657 0.36140350877192984 0.0036809815950920245 0.05964912280701754
0 0.6501533742331288 0.45789473684210524 0.005214723926380368 0.07719298245614035
0 0.6366564417177915 0.27807017543859647 0.003987730061349694 0.05789473684210526
0 0.5625766871165644 0.1850877192982456 0.00245398773006135 0.04035087719298246
0 0.5757668711656442 0.5289473684210526 0.0049079754601227 0.07543859649122807
0 0.5929447852760736 0.34649122807017546 0.0036809815950920245 0.05789473684210526
0 0.5561349693251534 0.27456140350877195 0.003067484662576687 0.04736842105263158
0 0.5891104294478527 0.2535087719298246 0.003987730061349694 0.05789473684210526
0 0.5404907975460123 0.21403508771929824 0.0036809815950920245 0.04912280701754386
0 0.4958588957055215 0.4043859649122807 0.004601226993865031 0.07543859649122807