0 0.24984662576687117 0.3543859649122807 0.003987730061349694 0.056140350877192984
0 0.3920245398773006 0.5815789473684211 0.004294478527607362 0.06842105263157895
0 0.4096625766871166 0.46228070175438596 0.004601226993865031 0.06842105263157895
0 0.4041411042944785 0.4149122807017544 0.003987730061349694 0.06491228070175438
0 0.419478527607362 0.31666666666666665 0.003374233128834356 0.05789473684210526
0 0.4719325153374233 0.393859649122807 0.003987730061349694 0.06140350877192982
0 0.4539877300613497 0.5087719298245614 0.00245398773006135 0.05964912280701754
0 0.4409509202453988 0.612280701754386 0.005214723926380368 0.08070175438596491
0 0.5322085889570553 0.5052631578947369 0.004294478527607362 0.07368421052631578
0 0.5210122699386504 0.3956140350877193 0.003987730061349694 0.06140350877192982
0 0.45245398773006135 0.27456140350877195 0.003067484662576687 0.05087719298245614
0 0.4283742331288344 0.47368421052631576 0.003987730061349694 0.06666666666666667
0 0.7049079754601227 0.35526315789473684 0.0036809815950920245 0.05789473684210526
0 0.5542944785276074 0.5570175438596491 0.004294478527607362 0.06842105263157895
0 0.44171779141104295 0.7 0.006134969325153374 0.08771929824561403
0 0.5825153374233129 0.2964912280701754 0.003067484662576687 0.05263157894736842
0 0.47438650306748464 0.19473684210526315 0.0027607361963190185 0.04912280701754386
0 0.37285276073619633 0.7464912280701754 0.006441717791411043 0.09649122807017543
0 0.4834355828220859 0.5219298245614035 0.0049079754601227 0.07192982456140351
0 0.4486196319018405 0.4964912280701754 0.003987730061349694 0.07017543859649122
0 0.49785276073619633 0.3780701754385965 0.0036809815950920245 0.06140350877192982
0 0.42714723926380366 0.306140350877193 0.003374233128834356 0.054385964912280704
0 0.4157975460122699 0.437719298245614 0.003987730061349694 0.06842105263157895