0 0.2894171779141104 0.32280701754385965 0.005828220858895706 0.06315789473684211
0 0.4746932515337423 0.5008771929824561 0.004601226993865031 0.06842105263157895
0 0.47300613496932514 0.3815789473684211 0.004294478527607362 0.06140350877192982
0 0.4803680981595092 0.27982456140350875 0.003067484662576687 0.05087719298245614
0 0.4736196319018405 0.20350877192982456 0.00245398773006135 0.042105263157894736
0 0.523159509202454 0.3201754385964912 0.003374233128834356 0.054385964912280704
0 0.5388036809815951 0.24210526315789474 0.0027607361963190185 0.042105263157894736
0 0.6038343558282209 0.4824561403508772 0.004601226993865031 0.07017543859649122
0 0.599079754601227 0.2850877192982456 0.003067484662576687 0.04736842105263158
0 0.626840490797546 0.27982456140350875 0.004601226993865031 0.05087719298245614
0 0.5785276073619632 0.20964912280701756 0.00245398773006135 0.03684210526315789
0 0.5343558282208589 0.35175438596491226 0.0036809815950920245 0.05789473684210526
0 0.7458588957055214 0.3140350877192982 0.003374233128834356 0.04912280701754386
0 0.6789877300613497 0.4298245614035088 0.003987730061349694 0.06666666666666667
0 0.656441717791411 0.543859649122807 0.0049079754601227 0.07719298245614035
0 0.6383435582822086 0.25087719298245614 0.0036809815950920245 0.04912280701754386
0 0.5927914110429447 0.1763157894736842 0.002147239263803681 0.02280701754385965
0 0.4888036809815951 0.5105263157894737 0.004601226993865031 0.07368421052631578
0 0.5846625766871165 0.37543859649122807 0.0036809815950920245 0.05964912280701754
0 0.5188650306748466 0.23859649122807017 0.0027607361963190185 0.03508771929824561
0 0.625920245398773 0.3131578947368421 0.003374233128834356 0.054385964912280704
0 0.4785276073619632 0.18596491228070175 0.00245398773006135 0.03859649122807018
0 0.47070552147239264 0.393859649122807 0.003987730061349694 0.06491228070175438