0 0.2411042944785276 0.36578947368421055 0.00245398773006135 0.054385964912280704
0 0.3820552147239264 0.6964912280701754 0.005828220858895706 0.09473684210526316
0 0.39723926380368096 0.5561403508771929 0.0049079754601227 0.06666666666666667
0 0.37484662576687117 0.44473684210526315 0.004294478527607362 0.06491228070175438
0 0.3875766871165644 0.3350877192982456 0.003374233128834356 0.056140350877192984
0 0.4343558282208589 0.4543859649122807 0.004294478527607362 0.06666666666666667
0 0.4317484662576687 0.6596491228070176 0.005828220858895706 0.08421052631578947
0 0.4553680981595092 0.6789473684210526 0.005214723926380368 0.09824561403508772
0 0.5065950920245399 0.5289473684210526 0.003987730061349694 0.07543859649122807
0 0.5208588957055215 0.37543859649122807 0.0036809815950920245 0.05964912280701754
0 0.4400306748466258 0.24298245614035088 0.0027607361963190185 0.04035087719298246
0 0.41595092024539876 0.4850877192982456 0.004294478527607362 0.07543859649122807
0 0.7245398773006135 0.35789473684210527 0.0036809815950920245 0.056140350877192984
0 0.5535276073619632 0.5745614035087719 0.005214723926380368 0.07894736842105263
0 0.421319018404908 0.7254385964912281 0.007668711656441718 0.08947368421052632
0 0.560122699386503 0.36666666666666664 0.0036809815950920245 0.05964912280701754
0 0.5062883435582822 0.22894736842105262 0.0027607361963190185 0.043859649122807015
0 0.3871165644171779 0.7175438596491228 0.006748466257668712 0.10175438596491228
0 0.4598159509202454 0.5929824561403508 0.005521472392638037 0.07719298245614035
0 0.4096625766871166 0.5780701754385965 0.005214723926380368 0.07192982456140351
0 0.45950920245398774 0.4824561403508772 0.004294478527607362 0.07017543859649122
0 0.4032208588957055 0.2824561403508772 0.0027607361963190185 0.05263157894736842
0 0.3407975460122699 0.5912280701754385 0.004294478527607362 0.07719298245614035