0 0.24984662576687117 0.37894736842105264 0.0027607361963190185 0.0456140350877193
0 0.39723926380368096 0.5640350877192982 0.0049079754601227 0.07192982456140351
0 0.37745398773006134 0.6508771929824562 0.005828220858895706 0.08070175438596491
0 0.39846625766871163 0.4368421052631579 0.004294478527607362 0.06666666666666667
0 0.4200920245398773 0.31491228070175437 0.003374233128834356 0.054385964912280704
0 0.47607361963190187 0.6026315789473684 0.005521472392638037 0.0824561403508772
0 0.4447852760736196 0.5456140350877193 0.0049079754601227 0.06666666666666667
0 0.47883435582822087 0.7096491228070175 0.006134969325153374 0.07894736842105263
0 0.6469325153374234 0.6131578947368421 0.005521472392638037 0.0824561403508772
0 0.5417177914110429 0.4368421052631579 0.004294478527607362 0.06315789473684211
0 0.5019938650306749 0.2614035087719298 0.0027607361963190185 0.042105263157894736
0 0.4535276073619632 0.47368421052631576 0.003987730061349694 0.06315789473684211
0 0.7220858895705522 0.3649122807017544 0.0036809815950920245 0.05964912280701754
0 0.6309815950920246 0.5447368421052632 0.004294478527607362 0.07543859649122807
0 0.3476993865030675 0.65 0.004601226993865031 0.07894736842105263
0 0.6154907975460123 0.3298245614035088 0.003374233128834356 0.056140350877192984
0 0.5427914110429448 0.22807017543859648 0.0027607361963190185 0.0456140350877193
0 0.43374233128834355 0.5394736842105263 0.0049079754601227 0.07543859649122807
0 0.5498466257668712 0.6008771929824561 0.005214723926380368 0.0824561403508772
0 0.4619631901840491 0.35350877192982455 0.0036809815950920245 0.05789473684210526
0 0.5282208588957055 0.4605263157894737 0.004294478527607362 0.06842105263157895
0 0.44785276073619634 0.21052631578947367 0.003067484662576687 0.04912280701754386
0 0.4849693251533742 0.7254385964912281 0.004294478527607362 0.07543859649122807