0 0.34355828220858897 0.2789473684210526 0.004294478527607362 0.07017543859649122
0 0.49555214723926383 0.41578947368421054 0.003987730061349694 0.03859649122807018
0 0.4532208588957055 0.23421052631578948 0.0027607361963190185 0.04736842105263158
0 0.475920245398773 0.20614035087719298 0.003374233128834356 0.04736842105263158
0 0.5470858895705522 0.1570175438596491 0.002147239263803681 0.04736842105263158
0 0.5697852760736196 0.23421052631578948 0.0027607361963190185 0.04736842105263158
0 0.5273006134969325 0.20526315789473684 0.00245398773006135 0.03859649122807018
0 0.6116564417177914 0.3991228070175439 0.0036809815950920245 0.06140350877192982
0 0.5943251533742331 0.2614035087719298 0.0027607361963190185 0.04912280701754386
0 0.5395705521472393 0.27456140350877195 0.003067484662576687 0.05087719298245614
0 0.5544478527607362 0.17982456140350878 0.002147239263803681 0.02982456140350877
0 0.5516871165644172 0.23859649122807017 0.003374233128834356 0.05263157894736842
0 0.712116564417178 0.30964912280701756 0.003374233128834356 0.054385964912280704
0 0.625 0.2754385964912281 0.003987730061349694 0.056140350877192984
0 0.6263803680981596 0.35175438596491226 0.0036809815950920245 0.05789473684210526
0 0.6030674846625766 0.22807017543859648 0.0036809815950920245 0.05263157894736842
0 0.6004601226993865 0.20701754385964913 0.003374233128834356 0.04912280701754386
0 0.5516871165644172 0.39210526315789473 0.003987730061349694 0.06140350877192982
0 0.5634969325153374 0.27631578947368424 0.003067484662576687 0.05087719298245614
0 0.529601226993865 0.24649122807017543 0.0027607361963190185 0.04736842105263158
0 0.5596625766871166 0.20964912280701756 0.0027607361963190185 0.043859649122807015
0 0.5095092024539877 0.16403508771929826 0.003067484662576687 0.03684210526315789
0 0.4820552147239264 0.21578947368421053 0.0027607361963190185 0.04912280701754386