0 0.3320552147239264 0.33157894736842103 0.003374233128834356 0.056140350877192984
0 0.7739263803680981 0.6745614035087719 0.006748466257668712 0.09298245614035087
0 0.49079754601226994 0.3798245614035088 0.0036809815950920245 0.06140350877192982
0 0.4840490797546012 0.29385964912280704 0.00245398773006135 0.04736842105263158
0 0.556441717791411 0.19298245614035087 0.0036809815950920245 0.04912280701754386
0 0.561042944785276 0.35 0.0036809815950920245 0.05789473684210526
0 0.6130368098159509 0.2596491228070175 0.0027607361963190185 0.042105263157894736
0 0.5403374233128835 0.47543859649122805 0.004601226993865031 0.06666666666666667
0 0.7101226993865031 0.3868421052631579 0.004294478527607362 0.06491228070175438
0 0.7119631901840491 0.36140350877192984 0.004294478527607362 0.05964912280701754
0 0.6656441717791411 0.25 0.003067484662576687 0.04035087719298246
0 0.6317484662576687 0.38859649122807016 0.003987730061349694 0.06491228070175438
0 0.7128834355828221 0.2833333333333333 0.003067484662576687 0.04736842105263158
0 0.7184049079754601 0.38070175438596493 0.004294478527607362 0.056140350877192984
0 0.6878834355828221 0.5578947368421052 0.005214723926380368 0.07719298245614035
0 0.6875766871165644 0.2649122807017544 0.0027607361963190185 0.0456140350877193
0 0.7082822085889571 0.2929824561403509 0.004294478527607362 0.05964912280701754
0 0.7510736196319019 0.637719298245614 0.005214723926380368 0.09298245614035087
0 0.6549079754601227 0.3631578947368421 0.004294478527607362 0.06315789473684211
0 0.5957055214723926 0.3017543859649123 0.003067484662576687 0.05263157894736842
0 0.6233128834355828 0.23859649122807017 0.0036809815950920245 0.05263157894736842
0 0.5834355828220859 0.15526315789473685 0.0036809815950920245 0.04035087719298246
0 0.4820552147239264 0.3236842105263158 0.003374233128834356 0.05087719298245614