0 0.2791411042944785 0.35526315789473684 0.003067484662576687 0.043859649122807015
0 0.46748466257668714 0.5491228070175439 0.0049079754601227 0.07719298245614035
0 0.4794478527607362 0.41403508771929826 0.003067484662576687 0.056140350877192984
0 0.48665644171779143 0.34035087719298246 0.003374233128834356 0.056140350877192984
0 0.49401840490797544 0.23771929824561402 0.003374233128834356 0.04035087719298246
0 0.6328220858895706 0.43859649122807015 0.004294478527607362 0.06666666666666667
0 0.5449386503067485 0.35175438596491226 0.003374233128834356 0.054385964912280704
0 0.5894171779141104 0.5771929824561404 0.005214723926380368 0.08070175438596491
0 0.699079754601227 0.4789473684210526 0.004294478527607362 0.06666666666666667
0 0.6165644171779141 0.27631578947368424 0.003067484662576687 0.05087719298245614
0 0.5486196319018405 0.2394736842105263 0.0027607361963190185 0.04035087719298246
0 0.5297546012269939 0.42543859649122806 0.0049079754601227 0.06140350877192982
0 0.752760736196319 0.3508771929824561 0.0036809815950920245 0.05263157894736842
0 0.7236196319018405 0.5298245614035088 0.005521472392638037 0.08070175438596491
0 0.6056748466257669 0.7596491228070176 0.006441717791411043 0.09824561403508772
0 0.6343558282208589 0.20789473684210527 0.00245398773006135 0.043859649122807015
0 0.5337423312883436 0.17280701754385966 0.00245398773006135 0.02982456140350877
0 0.4736196319018405 0.6833333333333333 0.005521472392638037 0.08947368421052632
0 0.6414110429447852 0.45087719298245615 0.004294478527607362 0.06666666666666667
0 0.5236196319018405 0.2956140350877193 0.003067484662576687 0.04736842105263158
0 0.651840490797546 0.3701754385964912 0.0036809815950920245 0.05964912280701754
0 0.49846625766871167 0.20175438596491227 0.003067484662576687 0.042105263157894736
0 0.47883435582822087 0.37894736842105264 0.0036809815950920245 0.056140350877192984