0 0.36119631901840493 0.31491228070175437 0.002147239263803681 0.05087719298245614
0 0.6226993865030674 0.4763157894736842 0.004294478527607362 0.06842105263157895
0 0.5404907975460123 0.3333333333333333 0.0036809815950920245 0.056140350877192984
0 0.5280674846625767 0.2517543859649123 0.0027607361963190185 0.02982456140350877
0 0.6302147239263803 0.16052631578947368 0.0027607361963190185 0.04035087719298246
0 0.5680981595092025 0.19736842105263158 0.00245398773006135 0.03333333333333333
0 0.6161042944785277 0.25701754385964914 0.0027607361963190185 0.043859649122807015
0 0.7144171779141104 0.3868421052631579 0.0036809815950920245 0.06140350877192982
0 0.6743865030674847 0.3333333333333333 0.003374233128834356 0.056140350877192984
0 0.661042944785276 0.23157894736842105 0.003067484662576687 0.03859649122807018
0 0.6147239263803681 0.1824561403508772 0.003067484662576687 0.042105263157894736
0 0.6395705521472392 0.23508771929824562 0.0036809815950920245 0.0456140350877193
0 0.7657975460122699 0.32280701754385965 0.003987730061349694 0.06666666666666667
0 0.7024539877300614 0.30526315789473685 0.0049079754601227 0.05263157894736842
0 0.7202453987730061 0.37105263157894736 0.0036809815950920245 0.054385964912280704
0 0.662883435582822 0.22982456140350876 0.003067484662576687 0.04912280701754386
0 0.6476993865030675 0.18157894736842106 0.003374233128834356 0.04035087719298246
0 0.6884969325153374 0.41228070175438597 0.003987730061349694 0.05964912280701754
0 0.6829754601226994 0.306140350877193 0.004601226993865031 0.05087719298245614
0 0.5980061349693252 0.21403508771929824 0.003987730061349694 0.04912280701754386
0 0.6426380368098159 0.2596491228070175 0.004294478527607362 0.05263157894736842
0 0.6223926380368098 0.1824561403508772 0.003067484662576687 0.03508771929824561
0 0.5427914110429448 0.31666666666666665 0.003374233128834356 0.05789473684210526