0 0.2616564417177914 0.35 0.003067484662576687 0.06491228070175438
0 0.3615030674846626 0.656140350877193 0.005828220858895706 0.08421052631578947
0 0.3549079754601227 0.47017543859649125 0.004294478527607362 0.07017543859649122
0 0.39217791411042946 0.24298245614035088 0.0027607361963190185 0.04736842105263158
0 0.4995398773006135 0.17456140350877192 0.003374233128834356 0.043859649122807015
0 0.4148773006134969 0.3219298245614035 0.003374233128834356 0.054385964912280704
0 0.44631901840490795 0.45614035087719296 0.004294478527607362 0.056140350877192984
0 0.5860429447852761 0.5684210526315789 0.005214723926380368 0.07719298245614035
0 0.5460122699386503 0.3719298245614035 0.0036809815950920245 0.05964912280701754
0 0.531441717791411 0.31140350877192985 0.003374233128834356 0.054385964912280704
0 0.4648773006134969 0.2771929824561403 0.003987730061349694 0.03859649122807018
0 0.5142638036809816 0.26666666666666666 0.003987730061349694 0.06315789473684211
0 0.7075153374233129 0.33157894736842103 0.003374233128834356 0.056140350877192984
0 0.5814417177914111 0.39210526315789473 0.003987730061349694 0.06140350877192982
0 0.5914110429447853 0.5236842105263158 0.0049079754601227 0.07543859649122807
0 0.5602760736196319 0.3236842105263158 0.003374233128834356 0.054385964912280704
0 0.5421779141104295 0.2412280701754386 0.0027607361963190185 0.04736842105263158
0 0.4771472392638037 0.5675438596491228 0.005214723926380368 0.07894736842105263
0 0.5237730061349694 0.41842105263157897 0.003987730061349694 0.06491228070175438
0 0.456441717791411 0.3649122807017544 0.0036809815950920245 0.056140350877192984
0 0.505521472392638 0.29912280701754385 0.004294478527607362 0.05789473684210526
0 0.46457055214723925 0.25 0.003374233128834356 0.05087719298245614
0 0.3987730061349693 0.48157894736842105 0.0049079754601227 0.06842105263157895