0 0.25874233128834356 0.3368421052631579 0.003374233128834356 0.056140350877192984
0 0.40659509202453986 0.5096491228070176 0.004601226993865031 0.05789473684210526
0 0.4302147239263804 0.3605263157894737 0.003374233128834356 0.05789473684210526
0 0.4263803680981595 0.28596491228070176 0.0036809815950920245 0.05964912280701754
0 0.4484662576687117 0.18771929824561404 0.00245398773006135 0.042105263157894736
0 0.47960122699386504 0.39649122807017545 0.003374233128834356 0.056140350877192984
0 0.4808282208588957 0.2596491228070175 0.0027607361963190185 0.042105263157894736
0 0.4897239263803681 0.4868421052631579 0.004601226993865031 0.07192982456140351
0 0.5107361963190185 0.3368421052631579 0.0036809815950920245 0.04912280701754386
0 0.5299079754601227 0.2543859649122807 0.0027607361963190185 0.04912280701754386
0 0.4855828220858896 0.21228070175438596 0.00245398773006135 0.03859649122807018
0 0.472239263803681 0.4149122807017544 0.003374233128834356 0.06842105263157895
0 0.6984662576687116 0.31491228070175437 0.003067484662576687 0.054385964912280704
0 0.6001533742331289 0.4149122807017544 0.003987730061349694 0.06491228070175438
0 0.5245398773006135 0.7219298245614035 0.006134969325153374 0.09298245614035087
0 0.567638036809816 0.2482456140350877 0.0027607361963190185 0.04736842105263158
0 0.5130368098159509 0.1675438596491228 0.002147239263803681 0.03333333333333333
0 0.3941717791411043 0.6342105263157894 0.005521472392638037 0.08596491228070176
0 0.4995398773006135 0.4219298245614035 0.003987730061349694 0.06491228070175438
0 0.5001533742331289 0.24210526315789474 0.0027607361963190185 0.0456140350877193
0 0.5081288343558282 0.30087719298245613 0.003374233128834356 0.05789473684210526
0 0.45766871165644174 0.17017543859649123 0.003067484662576687 0.03859649122807018
0 0.4325153374233129 0.2964912280701754 0.003067484662576687 0.05263157894736842