0 0.2541411042944785 0.36929824561403507 0.003374233128834356 0.07192982456140351
0 0.32929447852760735 0.6543859649122807 0.005828220858895706 0.07368421052631578
0 0.3294478527607362 0.4649122807017544 0.004294478527607362 0.05964912280701754
0 0.37837423312883434 0.24649122807017543 0.0027607361963190185 0.04736842105263158
0 0.47745398773006137 0.1824561403508772 0.003374233128834356 0.03859649122807018
0 0.39570552147239263 0.35526315789473684 0.0036809815950920245 0.054385964912280704
0 0.4418711656441718 0.4745614035087719 0.004601226993865031 0.06491228070175438
0 0.5760736196319018 0.5605263157894737 0.0049079754601227 0.07543859649122807
0 0.5391104294478528 0.38859649122807016 0.003987730061349694 0.06140350877192982
0 0.5216257668711657 0.3219298245614035 0.003374233128834356 0.054385964912280704
0 0.47162576687116564 0.25701754385964914 0.0027607361963190185 0.043859649122807015
0 0.5065950920245399 0.27017543859649124 0.003987730061349694 0.05964912280701754
0 0.7075153374233129 0.34210526315789475 0.003374233128834356 0.056140350877192984
0 0.5743865030674846 0.41403508771929826 0.003987730061349694 0.06315789473684211
0 0.5843558282208589 0.543859649122807 0.0049079754601227 0.07368421052631578
0 0.5547546012269938 0.3368421052631579 0.003374233128834356 0.056140350877192984
0 0.5357361963190184 0.2543859649122807 0.0027607361963190185 0.04912280701754386
0 0.4512269938650307 0.6078947368421053 0.005521472392638037 0.0824561403508772
0 0.5217791411042945 0.4456140350877193 0.004294478527607362 0.06666666666666667
0 0.4461656441717791 0.4 0.003987730061349694 0.05964912280701754
0 0.4924846625766871 0.31842105263157894 0.003374233128834356 0.04736842105263158
0 0.4386503067484663 0.24473684210526317 0.0036809815950920245 0.05789473684210526
0 0.36273006134969327 0.493859649122807 0.004601226993865031 0.07543859649122807