0 0.25996932515337423 0.3763157894736842 0.003374233128834356 0.054385964912280704
0 0.4406441717791411 0.5640350877192982 0.005214723926380368 0.06491228070175438
0 0.4329754601226994 0.6736842105263158 0.005828220858895706 0.06315789473684211
0 0.4335889570552147 0.4105263157894737 0.003987730061349694 0.06315789473684211
0 0.4570552147239264 0.27807017543859647 0.003067484662576687 0.03684210526315789
0 0.5581288343558283 0.6157894736842106 0.006441717791411043 0.09824561403508772
0 0.499079754601227 0.4535087719298246 0.004294478527607362 0.04736842105263158
0 0.5352760736196319 0.7087719298245614 0.006134969325153374 0.07719298245614035
0 0.7021472392638037 0.606140350877193 0.005521472392638037 0.0824561403508772
0 0.5888036809815951 0.4201754385964912 0.003987730061349694 0.05789473684210526
0 0.5521472392638037 0.27017543859649124 0.003067484662576687 0.03508771929824561
0 0.5121165644171779 0.44473684210526315 0.003987730061349694 0.06140350877192982
0 0.7420245398773007 0.3631578947368421 0.0036809815950920245 0.05964912280701754
0 0.7033742331288344 0.5719298245614035 0.006134969325153374 0.08421052631578947
0 0.5088957055214723 0.6973684210526315 0.0049079754601227 0.09298245614035087
0 0.645398773006135 0.30526315789473685 0.003067484662576687 0.04912280701754386
0 0.5736196319018405 0.21140350877192982 0.00245398773006135 0.043859649122807015
0 0.4573619631901841 0.5280701754385965 0.0049079754601227 0.05263157894736842
0 0.6188650306748467 0.5701754385964912 0.005214723926380368 0.07368421052631578
0 0.4840490797546012 0.36578947368421055 0.0036809815950920245 0.054385964912280704
0 0.5736196319018405 0.45526315789473687 0.004294478527607362 0.06491228070175438
0 0.4754601226993865 0.20877192982456141 0.00245398773006135 0.042105263157894736
0 0.4834355828220859 0.7543859649122807 0.005521472392638037 0.08070175438596491