0 0.19800613496932515 0.40614035087719297 0.003987730061349694 0.06140350877192982
0 0.201840490797546 0.7833333333333333 0.006748466257668712 0.1
0 0.18021472392638035 0.6096491228070176 0.005214723926380368 0.0824561403508772
0 0.3263803680981595 0.39210526315789473 0.0036809815950920245 0.06491228070175438
0 0.3604294478527607 0.30350877192982456 0.003067484662576687 0.042105263157894736
0 0.4050613496932515 0.6298245614035087 0.005828220858895706 0.08421052631578947
0 0.4012269938650307 0.4631578947368421 0.004294478527607362 0.06315789473684211
0 0.4860429447852761 0.6675438596491228 0.003987730061349694 0.07192982456140351
0 0.5760736196319018 0.6140350877192983 0.005521472392638037 0.07719298245614035
0 0.5079754601226993 0.3736842105263158 0.0036809815950920245 0.056140350877192984
0 0.504601226993865 0.2929824561403509 0.003067484662576687 0.05263157894736842
0 0.4162576687116564 0.4675438596491228 0.004294478527607362 0.08596491228070176
0 0.6996932515337423 0.3701754385964912 0.0036809815950920245 0.05263157894736842
0 0.5559815950920245 0.5745614035087719 0.005214723926380368 0.07894736842105263
0 0.4892638036809816 0.6894736842105263 0.005521472392638037 0.0912280701754386
0 0.5530674846625767 0.3868421052631579 0.0036809815950920245 0.06140350877192982
0 0.5171779141104295 0.26052631578947366 0.004294478527607362 0.04035087719298246
0 0.28450920245398775 0.7447368421052631 0.006441717791411043 0.09649122807017543
0 0.4138036809815951 0.6210526315789474 0.005521472392638037 0.08421052631578947
0 0.370398773006135 0.4245614035087719 0.003987730061349694 0.06315789473684211
0 0.4289877300613497 0.47719298245614034 0.004601226993865031 0.07017543859649122
0 0.36549079754601227 0.3017543859649123 0.003374233128834356 0.05263157894736842
0 0.27024539877300613 0.5710526315789474 0.006134969325153374 0.07543859649122807