0 0.24125766871165644 0.3763157894736842 0.003987730061349694 0.054385964912280704
0 0.2992331288343558 0.7008771929824561 0.005214723926380368 0.06842105263157895
0 0.36549079754601227 0.5140350877192983 0.004601226993865031 0.06315789473684211
0 0.404601226993865 0.3894736842105263 0.0036809815950920245 0.05263157894736842
0 0.44079754601226995 0.2833333333333333 0.003067484662576687 0.043859649122807015
0 0.5245398773006135 0.5552631578947368 0.0049079754601227 0.06842105263157895
0 0.4569018404907976 0.41403508771929826 0.0027607361963190185 0.056140350877192984
0 0.49263803680981594 0.643859649122807 0.004294478527607362 0.0912280701754386
0 0.6291411042944786 0.5561403508771929 0.0049079754601227 0.07719298245614035
0 0.5463190184049079 0.34649122807017546 0.0036809815950920245 0.05789473684210526
0 0.5361963190184049 0.2719298245614035 0.003067484662576687 0.03859649122807018
0 0.44923312883435584 0.4728070175438597 0.003374233128834356 0.07192982456140351
0 0.7319018404907975 0.3587719298245614 0.0036809815950920245 0.05789473684210526
0 0.6450920245398774 0.606140350877193 0.005521472392638037 0.0824561403508772
0 0.5478527607361963 0.7008771929824561 0.006134969325153374 0.08947368421052632
0 0.597239263803681 0.3017543859649123 0.003067484662576687 0.05263157894736842
0 0.5205521472392638 0.19210526315789472 0.00245398773006135 0.03684210526315789
0 0.29003067484662576 0.7201754385964912 0.005214723926380368 0.09298245614035087
0 0.5538343558282208 0.493859649122807 0.004601226993865031 0.07192982456140351
0 0.46549079754601225 0.3254385964912281 0.003374233128834356 0.05087719298245614
0 0.46180981595092024 0.43333333333333335 0.003987730061349694 0.05263157894736842
0 0.4404907975460123 0.21052631578947367 0.003067484662576687 0.042105263157894736
0 0.3923312883435583 0.5070175438596491 0.0049079754601227 0.07017543859649122