0 0.2639570552147239 0.31491228070175437 0.003987730061349694 0.06140350877192982
0 0.46319018404907975 0.7464912280701754 0.006134969325153374 0.09649122807017543
0 0.3628834355828221 0.4710526315789474 0.004294478527607362 0.06491228070175438
0 0.4021472392638037 0.28157894736842104 0.003067484662576687 0.04736842105263158
0 0.4619631901840491 0.18421052631578946 0.00245398773006135 0.03859649122807018
0 0.44923312883435584 0.3263157894736842 0.003987730061349694 0.06315789473684211
0 0.4854294478527607 0.24649122807017543 0.003987730061349694 0.043859649122807015
0 0.597239263803681 0.5052631578947369 0.0036809815950920245 0.06315789473684211
0 0.5746932515337423 0.41228070175438597 0.003987730061349694 0.05263157894736842
0 0.5634969325153374 0.30350877192982456 0.003067484662576687 0.05263157894736842
0 0.5335889570552147 0.18157894736842106 0.002147239263803681 0.03684210526315789
0 0.5127300613496932 0.2631578947368421 0.003374233128834356 0.05263157894736842
0 0.729601226993865 0.3368421052631579 0.003374233128834356 0.056140350877192984
0 0.5797546012269938 0.37719298245614036 0.0036809815950920245 0.05964912280701754
0 0.5989263803680982 0.4780701754385965 0.003987730061349694 0.06491228070175438
0 0.5723926380368098 0.30350877192982456 0.003067484662576687 0.05263157894736842
0 0.5624233128834356 0.2307017543859649 0.0027607361963190185 0.043859649122807015
0 0.5044478527607362 0.5157894736842106 0.004601226993865031 0.07368421052631578
0 0.5325153374233129 0.35350877192982455 0.0036809815950920245 0.05789473684210526
0 0.47699386503067487 0.2850877192982456 0.003067484662576687 0.043859649122807015
0 0.5200920245398774 0.2868421052631579 0.003374233128834356 0.04736842105263158
0 0.48634969325153377 0.21403508771929824 0.0027607361963190185 0.0456140350877193
0 0.4371165644171779 0.35175438596491226 0.0036809815950920245 0.05789473684210526