0 0.28297546012269936 0.32105263157894737 0.003987730061349694 0.05263157894736842
0 0.46503067484662575 0.45 0.004294478527607362 0.05789473684210526
0 0.46457055214723925 0.3508771929824561 0.003987730061349694 0.056140350877192984
0 0.47776073619631904 0.256140350877193 0.0027607361963190185 0.04912280701754386
0 0.47868098159509204 0.17280701754385966 0.002147239263803681 0.04035087719298246
0 0.5174846625766871 0.2929824561403509 0.003067484662576687 0.05263157894736842
0 0.5196319018404908 0.21754385964912282 0.00245398773006135 0.042105263157894736
0 0.5710122699386503 0.41842105263157897 0.003987730061349694 0.06140350877192982
0 0.5904907975460123 0.26666666666666666 0.003067484662576687 0.04912280701754386
0 0.616717791411043 0.24298245614035088 0.0027607361963190185 0.043859649122807015
0 0.5874233128834356 0.18771929824561404 0.00245398773006135 0.03859649122807018
0 0.5256134969325154 0.3280701754385965 0.003374233128834356 0.056140350877192984
0 0.7391104294478528 0.3078947368421053 0.003374233128834356 0.054385964912280704
0 0.6760736196319018 0.3929824561403509 0.004294478527607362 0.07368421052631578
0 0.6391104294478528 0.5052631578947369 0.004601226993865031 0.07368421052631578
0 0.655521472392638 0.21754385964912282 0.00245398773006135 0.042105263157894736
0 0.5984662576687116 0.18070175438596492 0.00245398773006135 0.03859649122807018
0 0.48374233128834354 0.4675438596491228 0.004294478527607362 0.06842105263157895
0 0.5707055214723926 0.33157894736842103 0.003374233128834356 0.056140350877192984
0 0.5016871165644172 0.2307017543859649 0.0027607361963190185 0.04035087719298246
0 0.602760736196319 0.2631578947368421 0.003067484662576687 0.04912280701754386
0 0.48619631901840493 0.17456140350877192 0.004294478527607362 0.03684210526315789
0 0.46457055214723925 0.34210526315789475 0.003374233128834356 0.05964912280701754