0 0.25996932515337423 0.35175438596491226 0.004601226993865031 0.07192982456140351
0 0.36503067484662577 0.6289473684210526 0.005521472392638037 0.07543859649122807
0 0.38358895705521473 0.4903508771929825 0.004601226993865031 0.07192982456140351
0 0.42484662576687116 0.3736842105263158 0.0036809815950920245 0.05964912280701754
0 0.4214723926380368 0.2894736842105263 0.003067484662576687 0.03859649122807018
0 0.4246932515337423 0.5087719298245614 0.004601226993865031 0.07368421052631578
0 0.4745398773006135 0.44473684210526315 0.0036809815950920245 0.06842105263157895
0 0.43895705521472395 0.6657894736842105 0.0049079754601227 0.09298245614035087
0 0.4569018404907976 0.6464912280701754 0.005828220858895706 0.08596491228070176
0 0.5099693251533742 0.4017543859649123 0.003987730061349694 0.06315789473684211
0 0.505521472392638 0.3 0.003067484662576687 0.04912280701754386
0 0.4699386503067485 0.4614035087719298 0.0036809815950920245 0.05964912280701754
0 0.7174846625766871 0.36666666666666664 0.0036809815950920245 0.05964912280701754
0 0.5906441717791411 0.5842105263157895 0.005214723926380368 0.08070175438596491
0 0.49447852760736194 0.7201754385964912 0.006134969325153374 0.09298245614035087
0 0.6050613496932515 0.39824561403508774 0.003987730061349694 0.06315789473684211
0 0.5374233128834356 0.28157894736842104 0.003067484662576687 0.05087719298245614
0 0.3923312883435583 0.6964912280701754 0.006134969325153374 0.0912280701754386
0 0.452760736196319 0.5342105263157895 0.0049079754601227 0.08596491228070176
0 0.46273006134969324 0.3508771929824561 0.003374233128834356 0.056140350877192984
0 0.5075153374233129 0.4956140350877193 0.004601226993865031 0.07192982456140351
0 0.4395705521472393 0.26666666666666666 0.003067484662576687 0.04912280701754386
0 0.37193251533742333 0.5219298245614035 0.006441717791411043 0.09298245614035087