0 0.2650306748466258 0.34210526315789475 0.003067484662576687 0.056140350877192984
0 0.3934049079754601 0.5596491228070175 0.005214723926380368 0.07719298245614035
0 0.4102760736196319 0.41754385964912283 0.003987730061349694 0.056140350877192984
0 0.4466257668711656 0.3105263157894737 0.003067484662576687 0.056140350877192984
0 0.43757668711656444 0.2394736842105263 0.0027607361963190185 0.04736842105263158
0 0.44877300613496934 0.4324561403508772 0.004294478527607362 0.06491228070175438
0 0.4820552147239264 0.3175438596491228 0.003374233128834356 0.0456140350877193
0 0.45659509202453985 0.6052631578947368 0.005214723926380368 0.07368421052631578
0 0.47208588957055214 0.5473684210526316 0.0049079754601227 0.07719298245614035
0 0.5185582822085889 0.34035087719298246 0.003374233128834356 0.056140350877192984
0 0.5124233128834356 0.26052631578947366 0.0027607361963190185 0.04736842105263158
0 0.4831288343558282 0.4359649122807018 0.0036809815950920245 0.06140350877192982
0 0.7136503067484663 0.34210526315789475 0.003374233128834356 0.056140350877192984
0 0.6108895705521472 0.5105263157894737 0.004601226993865031 0.07368421052631578
0 0.5090490797546012 0.6833333333333333 0.005828220858895706 0.08947368421052632
0 0.5967791411042945 0.33771929824561403 0.003374233128834356 0.054385964912280704
0 0.5440184049079755 0.2236842105263158 0.0027607361963190185 0.04035087719298246
0 0.3918711656441718 0.6578947368421053 0.005828220858895706 0.08771929824561403
0 0.4628834355828221 0.44912280701754387 0.004294478527607362 0.07719298245614035
0 0.4812883435582822 0.2771929824561403 0.003067484662576687 0.0456140350877193
0 0.5401840490797546 0.43508771929824563 0.004294478527607362 0.06666666666666667
0 0.4539877300613497 0.21140350877192982 0.00245398773006135 0.043859649122807015
0 0.40061349693251536 0.43859649122807015 0.004294478527607362 0.06666666666666667