0 0.3437116564417178 0.2789473684210526 0.003374233128834356 0.05263157894736842
0 0.49524539877300616 0.4131578947368421 0.003374233128834356 0.04035087719298246
0 0.4541411042944785 0.24298245614035088 0.0027607361963190185 0.04736842105263158
0 0.4717791411042945 0.20350877192982456 0.00245398773006135 0.042105263157894736
0 0.5365030674846626 0.1543859649122807 0.00245398773006135 0.042105263157894736
0 0.5624233128834356 0.23771929824561402 0.003374233128834356 0.04736842105263158
0 0.5242331288343558 0.19298245614035087 0.00245398773006135 0.042105263157894736
0 0.6177914110429448 0.38333333333333336 0.0036809815950920245 0.05789473684210526
0 0.5875766871165644 0.256140350877193 0.0027607361963190185 0.04912280701754386
0 0.5331288343558283 0.27456140350877195 0.003067484662576687 0.05087719298245614
0 0.5542944785276074 0.1675438596491228 0.00245398773006135 0.043859649122807015
0 0.5495398773006135 0.2324561403508772 0.003374233128834356 0.054385964912280704
0 0.7107361963190184 0.30526315789473685 0.003067484662576687 0.0456140350877193
0 0.6110429447852761 0.2710526315789474 0.003067484662576687 0.05087719298245614
0 0.6262269938650307 0.34210526315789475 0.003374233128834356 0.056140350877192984
0 0.5984662576687116 0.2219298245614035 0.004294478527607362 0.06140350877192982
0 0.5911042944785276 0.19210526315789472 0.003067484662576687 0.043859649122807015
0 0.5496932515337424 0.3780701754385965 0.0036809815950920245 0.06140350877192982
0 0.5641104294478527 0.27280701754385966 0.003067484662576687 0.05087719298245614
0 0.5271472392638037 0.22982456140350876 0.0027607361963190185 0.0456140350877193
0 0.555521472392638 0.20701754385964913 0.003067484662576687 0.04912280701754386
0 0.5230061349693251 0.1675438596491228 0.003067484662576687 0.02982456140350877
0 0.4815950920245399 0.2149122807017544 0.003067484662576687 0.05087719298245614