0 0.23849693251533743 0.36403508771929827 0.0027607361963190185 0.05789473684210526
0 0.4105828220858896 0.6973684210526315 0.00705521472392638 0.0824561403508772
0 0.4053680981595092 0.5877192982456141 0.005214723926380368 0.08070175438596491
0 0.38650306748466257 0.45087719298245615 0.004294478527607362 0.06666666666666667
0 0.4032208588957055 0.3236842105263158 0.003374233128834356 0.054385964912280704
0 0.4377300613496933 0.47017543859649125 0.004294478527607362 0.056140350877192984
0 0.4242331288343558 0.656140350877193 0.005521472392638037 0.08771929824561403
0 0.44217791411042945 0.6991228070175438 0.005214723926380368 0.09649122807017543
0 0.5079754601226993 0.5421052631578948 0.0049079754601227 0.07368421052631578
0 0.5180981595092025 0.3798245614035088 0.0036809815950920245 0.05789473684210526
0 0.4363496932515337 0.25087719298245614 0.0027607361963190185 0.03859649122807018
0 0.4128834355828221 0.4921052631578947 0.004294478527607362 0.07894736842105263
0 0.7234662576687116 0.356140350877193 0.003374233128834356 0.04912280701754386
0 0.5480061349693252 0.5675438596491228 0.005214723926380368 0.07894736842105263
0 0.4012269938650307 0.7614035087719299 0.008588957055214725 0.10175438596491228
0 0.555521472392638 0.3684210526315789 0.0036809815950920245 0.05964912280701754
0 0.5056748466257669 0.23333333333333334 0.0027607361963190185 0.0456140350877193
0 0.3973926380368098 0.7447368421052631 0.008895705521472393 0.03684210526315789
0 0.44401840490797545 0.5745614035087719 0.005214723926380368 0.07894736842105263
0 0.40843558282208586 0.5947368421052631 0.003987730061349694 0.07719298245614035
0 0.4584355828220859 0.4956140350877193 0.004601226993865031 0.06491228070175438
0 0.40797546012269936 0.27982456140350875 0.004294478527607362 0.054385964912280704
0 0.34754601226993864 0.5833333333333334 0.0049079754601227 0.08596491228070176