0 0.3584355828220859 0.3175438596491228 0.002147239263803681 0.05263157894736842
0 0.6230061349693251 0.47982456140350876 0.004294478527607362 0.06491228070175438
0 0.5434049079754601 0.34035087719298246 0.003374233128834356 0.056140350877192984
0 0.5262269938650307 0.2596491228070175 0.0027607361963190185 0.04912280701754386
0 0.6246932515337423 0.15964912280701754 0.0027607361963190185 0.03859649122807018
0 0.5662576687116564 0.2026315789473684 0.00245398773006135 0.02982456140350877
0 0.6118098159509202 0.24736842105263157 0.0027607361963190185 0.042105263157894736
0 0.7099693251533742 0.3894736842105263 0.003374233128834356 0.05964912280701754
0 0.674079754601227 0.3368421052631579 0.003374233128834356 0.056140350877192984
0 0.6584355828220859 0.24210526315789474 0.0027607361963190185 0.042105263157894736
0 0.6052147239263803 0.17543859649122806 0.0036809815950920245 0.03508771929824561
0 0.6326687116564417 0.23333333333333334 0.003374233128834356 0.042105263157894736
0 0.7638036809815951 0.3254385964912281 0.0036809815950920245 0.06140350877192982
0 0.6957055214723926 0.3087719298245614 0.004294478527607362 0.04912280701754386
0 0.713957055214724 0.3736842105263158 0.003987730061349694 0.056140350877192984
0 0.6569018404907976 0.22719298245614036 0.0027607361963190185 0.043859649122807015
0 0.6434049079754601 0.1824561403508772 0.003374233128834356 0.03859649122807018
0 0.6829754601226994 0.41228070175438597 0.003987730061349694 0.05263157894736842
0 0.6754601226993865 0.31140350877192985 0.004294478527607362 0.054385964912280704
0 0.5868098159509203 0.20964912280701756 0.0036809815950920245 0.05087719298245614
0 0.6338957055214723 0.256140350877193 0.003987730061349694 0.04912280701754386
0 0.6133435582822085 0.18157894736842106 0.003374233128834356 0.04035087719298246
0 0.5403374233128835 0.30701754385964913 0.003374233128834356 0.05964912280701754