0 0.28773006134969326 0.35526315789473684 0.0036809815950920245 0.04736842105263158
0 0.49079754601226994 0.5973684210526315 0.0049079754601227 0.0824561403508772
0 0.47745398773006137 0.4149122807017544 0.003374233128834356 0.05789473684210526
0 0.4838957055214724 0.3263157894736842 0.003374233128834356 0.056140350877192984
0 0.4920245398773006 0.21228070175438596 0.0036809815950920245 0.05263157894736842
0 0.5430981595092025 0.4070175438596491 0.003987730061349694 0.056140350877192984
0 0.5346625766871166 0.2964912280701754 0.003067484662576687 0.04912280701754386
0 0.5993865030674846 0.519298245614035 0.0049079754601227 0.07368421052631578
0 0.6484662576687117 0.39035087719298245 0.0036809815950920245 0.04736842105263158
0 0.6506134969325154 0.2912280701754386 0.003067484662576687 0.04912280701754386
0 0.5769938650306748 0.21842105263157896 0.00245398773006135 0.04035087719298246
0 0.5375766871165644 0.4070175438596491 0.003374233128834356 0.05263157894736842
0 0.7507668711656442 0.3447368421052632 0.003374233128834356 0.054385964912280704
0 0.7645705521472392 0.512280701754386 0.004601226993865031 0.07368421052631578
0 0.6745398773006135 0.7298245614035088 0.006134969325153374 0.09473684210526316
0 0.6763803680981595 0.2324561403508772 0.003067484662576687 0.03684210526315789
0 0.5674846625766872 0.17719298245614035 0.003067484662576687 0.0456140350877193
0 0.4943251533742331 0.6622807017543859 0.006441717791411043 0.09649122807017543
0 0.5923312883435583 0.4324561403508772 0.004294478527607362 0.06491228070175438
0 0.5050613496932516 0.3385964912280702 0.003374233128834356 0.05263157894736842
0 0.6174846625766871 0.30350877192982456 0.003067484662576687 0.05263157894736842
0 0.4958588957055215 0.1763157894736842 0.003374233128834356 0.043859649122807015
0 0.4776073619631902 0.3973684210526316 0.0036809815950920245 0.06140350877192982