0 0.28865030674846626 0.3631578947368421 0.004294478527607362 0.07017543859649122
0 0.47438650306748464 0.512280701754386 0.003374233128834356 0.05964912280701754
0 0.47822085889570554 0.43333333333333335 0.004294478527607362 0.05964912280701754
0 0.5151840490797546 0.39649122807017545 0.003987730061349694 0.06315789473684211
0 0.469478527607362 0.35350877192982455 0.003987730061349694 0.054385964912280704
0 0.588957055214724 0.45964912280701753 0.004294478527607362 0.07017543859649122
0 0.5427914110429448 0.4105263157894737 0.003987730061349694 0.0456140350877193
0 0.6736196319018405 0.6078947368421053 0.005521472392638037 0.07543859649122807
0 0.6958588957055215 0.5657894736842105 0.005214723926380368 0.07894736842105263
0 0.6875766871165644 0.42894736842105263 0.003987730061349694 0.06140350877192982
0 0.5938650306748466 0.28421052631578947 0.003067484662576687 0.04912280701754386
0 0.5427914110429448 0.3385964912280702 0.003374233128834356 0.06315789473684211
0 0.752760736196319 0.35350877192982455 0.0036809815950920245 0.05789473684210526
0 0.6713190184049079 0.4824561403508772 0.004601226993865031 0.07017543859649122
0 0.6538343558282208 0.5929824561403508 0.005214723926380368 0.07017543859649122
0 0.632361963190184 0.28421052631578947 0.003374233128834356 0.05263157894736842
0 0.5647239263803681 0.21228070175438596 0.0036809815950920245 0.0456140350877193
0 0.4699386503067485 0.5 0.0049079754601227 0.07368421052631578
0 0.5797546012269938 0.43859649122807015 0.0036809815950920245 0.06666666666666667
0 0.5484662576687117 0.4473684210526316 0.004294478527607362 0.06666666666666667
0 0.6073619631901841 0.3868421052631579 0.0036809815950920245 0.06842105263157895
0 0.4756134969325153 0.3543859649122807 0.003987730061349694 0.05964912280701754
0 0.525920245398773 0.40087719298245617 0.004601226993865031 0.06140350877192982