0 0.2837423312883436 0.32280701754385965 0.0036809815950920245 0.05263157894736842
0 0.4742331288343558 0.4421052631578947 0.004294478527607362 0.05263157894736842
0 0.4696319018404908 0.3333333333333333 0.003067484662576687 0.05263157894736842
0 0.47960122699386504 0.2543859649122807 0.0027607361963190185 0.04912280701754386
0 0.47837423312883437 0.18070175438596492 0.002147239263803681 0.03859649122807018
0 0.5248466257668711 0.2929824561403509 0.003067484662576687 0.05263157894736842
0 0.5202453987730061 0.21842105263157896 0.00245398773006135 0.043859649122807015
0 0.5638036809815951 0.39035087719298245 0.0036809815950920245 0.05087719298245614
0 0.5900306748466257 0.256140350877193 0.0027607361963190185 0.042105263157894736
0 0.6253067484662577 0.22982456140350876 0.0027607361963190185 0.042105263157894736
0 0.5978527607361963 0.18596491228070175 0.00245398773006135 0.042105263157894736
0 0.5308282208588957 0.3192982456140351 0.003374233128834356 0.04912280701754386
0 0.7374233128834355 0.306140350877193 0.003067484662576687 0.05087719298245614
0 0.6943251533742332 0.39035087719298245 0.004601226993865031 0.06491228070175438
0 0.6360429447852761 0.5008771929824561 0.004601226993865031 0.06491228070175438
0 0.6691717791411043 0.2043859649122807 0.003374233128834356 0.043859649122807015
0 0.5996932515337423 0.1824561403508772 0.00245398773006135 0.042105263157894736
0 0.48374233128834354 0.4842105263157895 0.004294478527607362 0.07017543859649122
0 0.574079754601227 0.3157894736842105 0.003374233128834356 0.042105263157894736
0 0.5001533742331289 0.2517543859649123 0.0027607361963190185 0.04736842105263158
0 0.5940184049079754 0.23684210526315788 0.0027607361963190185 0.03859649122807018
0 0.4815950920245399 0.17105263157894737 0.003067484662576687 0.04035087719298246
0 0.47162576687116564 0.3263157894736842 0.0027607361963190185 0.05263157894736842