0 0.2874233128834356 0.3482456140350877 0.004294478527607362 0.05789473684210526
0 0.4901840490797546 0.48947368421052634 0.004294478527607362 0.06315789473684211
0 0.48941717791411044 0.3701754385964912 0.003987730061349694 0.06315789473684211
0 0.4929447852760736 0.30526315789473685 0.003067484662576687 0.05263157894736842
0 0.5035276073619632 0.2149122807017544 0.003374233128834356 0.03684210526315789
0 0.6059815950920245 0.32719298245614037 0.003374233128834356 0.043859649122807015
0 0.5380368098159509 0.2912280701754386 0.003067484662576687 0.042105263157894736
0 0.6029141104294479 0.5236842105263158 0.004601226993865031 0.06491228070175438
0 0.7116564417177914 0.35964912280701755 0.0036809815950920245 0.042105263157894736
0 0.6145705521472392 0.2482456140350877 0.0027607361963190185 0.04736842105263158
0 0.5512269938650307 0.22017543859649122 0.00245398773006135 0.043859649122807015
0 0.5320552147239264 0.4 0.003987730061349694 0.07017543859649122
0 0.7177914110429447 0.29912280701754385 0.003067484662576687 0.04035087719298246
0 0.7237730061349693 0.5078947368421053 0.005214723926380368 0.07543859649122807
0 0.629601226993865 0.6596491228070176 0.005828220858895706 0.08070175438596491
0 0.6407975460122699 0.19210526315789472 0.00245398773006135 0.04035087719298246
0 0.5239263803680981 0.1649122807017544 0.003067484662576687 0.031578947368421054
0 0.5012269938650307 0.5605263157894737 0.0049079754601227 0.07894736842105263
0 0.6088957055214724 0.443859649122807 0.004294478527607362 0.06666666666666667
0 0.5188650306748466 0.25877192982456143 0.0027607361963190185 0.043859649122807015
0 0.6200920245398773 0.31666666666666665 0.003374233128834356 0.05087719298245614
0 0.5038343558282209 0.19298245614035087 0.003374233128834356 0.042105263157894736
0 0.48665644171779143 0.32894736842105265 0.003987730061349694 0.06140350877192982