0 0.30598159509202455 0.29912280701754385 0.0027607361963190185 0.05087719298245614
0 0.5319018404907976 0.5324561403508772 0.0049079754601227 0.06491228070175438
0 0.4559815950920245 0.3263157894736842 0.003374233128834356 0.0456140350877193
0 0.45858895705521474 0.19298245614035087 0.00245398773006135 0.042105263157894736
0 0.5133435582822086 0.1631578947368421 0.002147239263803681 0.03859649122807018
0 0.5253067484662577 0.30964912280701756 0.003374233128834356 0.04736842105263158
0 0.5337423312883436 0.20964912280701756 0.0036809815950920245 0.03684210526315789
0 0.5783742331288344 0.4149122807017544 0.003987730061349694 0.06140350877192982
0 0.5840490797546012 0.2789473684210526 0.003067484662576687 0.0456140350877193
0 0.49846625766871167 0.27807017543859647 0.003067484662576687 0.05087719298245614
0 0.563957055214724 0.1763157894736842 0.0027607361963190185 0.03684210526315789
0 0.533282208588957 0.23421052631578948 0.003374233128834356 0.054385964912280704
0 0.7443251533742331 0.32894736842105265 0.003374233128834356 0.04736842105263158
0 0.6104294478527608 0.3 0.003067484662576687 0.0456140350877193
0 0.6 0.39210526315789473 0.0036809815950920245 0.05789473684210526
0 0.5946319018404908 0.2614035087719298 0.0027607361963190185 0.04912280701754386
0 0.576840490797546 0.19298245614035087 0.003987730061349694 0.03859649122807018
0 0.5627300613496933 0.42543859649122806 0.003987730061349694 0.06140350877192982
0 0.5150306748466258 0.2912280701754386 0.003067484662576687 0.03859649122807018
0 0.5096625766871166 0.2131578947368421 0.003374233128834356 0.04736842105263158
0 0.5615030674846626 0.25 0.0027607361963190185 0.04035087719298246
0 0.527760736196319 0.17192982456140352 0.0027607361963190185 0.03859649122807018
0 0.4829754601226994 0.2324561403508772 0.0027607361963190185 0.043859649122807015