0 0.3406441717791411 0.28157894736842104 0.003987730061349694 0.06140350877192982
0 0.49555214723926383 0.4166666666666667 0.003987730061349694 0.04035087719298246
0 0.45475460122699385 0.22719298245614036 0.0027607361963190185 0.043859649122807015
0 0.4766871165644172 0.19736842105263158 0.0036809815950920245 0.05087719298245614
0 0.5556748466257668 0.16228070175438597 0.002147239263803681 0.04035087719298246
0 0.5746932515337423 0.22982456140350876 0.0027607361963190185 0.0456140350877193
0 0.5291411042944786 0.20789473684210527 0.00245398773006135 0.04035087719298246
0 0.6075153374233129 0.4 0.003987730061349694 0.06315789473684211
0 0.598159509202454 0.26228070175438595 0.003067484662576687 0.06491228070175438
0 0.5414110429447853 0.27456140350877195 0.003067484662576687 0.05087719298245614
0 0.5547546012269938 0.18070175438596492 0.002147239263803681 0.031578947368421054
0 0.5510736196319018 0.24035087719298245 0.003374233128834356 0.056140350877192984
0 0.7151840490797546 0.3078947368421053 0.003374233128834356 0.054385964912280704
0 0.630521472392638 0.27631578947368424 0.003374233128834356 0.054385964912280704
0 0.6269938650306749 0.3587719298245614 0.0036809815950920245 0.05789473684210526
0 0.6072085889570552 0.2307017543859649 0.003987730061349694 0.05087719298245614
0 0.6044478527607362 0.20964912280701756 0.003374233128834356 0.04736842105263158
0 0.5516871165644172 0.4017543859649123 0.003987730061349694 0.06315789473684211
0 0.5653374233128834 0.27456140350877195 0.003067484662576687 0.05087719298245614
0 0.532361963190184 0.25 0.0027607361963190185 0.04736842105263158
0 0.5602760736196319 0.21052631578947367 0.0027607361963190185 0.042105263157894736
0 0.504601226993865 0.16228070175438597 0.00245398773006135 0.03684210526315789
0 0.4820552147239264 0.21578947368421053 0.0027607361963190185 0.04912280701754386