0 0.26365030674846623 0.30701754385964913 0.003987730061349694 0.05964912280701754
0 0.4677914110429448 0.7280701754385965 0.006134969325153374 0.08771929824561403
0 0.3610429447852761 0.45526315789473687 0.004294478527607362 0.06140350877192982
0 0.40107361963190186 0.2578947368421053 0.0027607361963190185 0.04912280701754386
0 0.45720858895705524 0.1850877192982456 0.002147239263803681 0.03333333333333333
0 0.4530674846625767 0.31842105263157894 0.0036809815950920245 0.05789473684210526
0 0.4826687116564417 0.2394736842105263 0.0027607361963190185 0.03333333333333333
0 0.5906441717791411 0.4789473684210526 0.003374233128834356 0.07017543859649122
0 0.5647239263803681 0.39210526315789473 0.0036809815950920245 0.05087719298245614
0 0.5641104294478527 0.2964912280701754 0.003067484662576687 0.05263157894736842
0 0.5263803680981595 0.17105263157894737 0.003067484662576687 0.03333333333333333
0 0.5133435582822086 0.2578947368421053 0.0027607361963190185 0.0456140350877193
0 0.7299079754601226 0.3298245614035088 0.003374233128834356 0.056140350877192984
0 0.5766871165644172 0.3605263157894737 0.0036809815950920245 0.05789473684210526
0 0.5938650306748466 0.4605263157894737 0.004294478527607362 0.06842105263157895
0 0.5730061349693252 0.2912280701754386 0.003067484662576687 0.05263157894736842
0 0.558282208588957 0.21929824561403508 0.00245398773006135 0.0456140350877193
0 0.5065950920245399 0.4824561403508772 0.004601226993865031 0.07017543859649122
0 0.535122699386503 0.3385964912280702 0.003374233128834356 0.056140350877192984
0 0.47730061349693254 0.26666666666666666 0.003067484662576687 0.03859649122807018
0 0.5191717791411042 0.26842105263157895 0.003374233128834356 0.04912280701754386
0 0.48021472392638037 0.20789473684210527 0.0027607361963190185 0.043859649122807015
0 0.43696319018404906 0.33421052631578946 0.003374233128834356 0.05087719298245614