0 0.3496932515337423 0.3140350877192982 0.003067484662576687 0.05964912280701754
0 0.553680981595092 0.4482456140350877 0.004294478527607362 0.05789473684210526
0 0.48190184049079754 0.28157894736842104 0.003067484662576687 0.05087719298245614
0 0.5366564417177914 0.23859649122807017 0.003374233128834356 0.0456140350877193
0 0.6530674846625767 0.20877192982456141 0.003067484662576687 0.0456140350877193
0 0.6820552147239264 0.24649122807017543 0.0027607361963190185 0.05087719298245614
0 0.5535276073619632 0.24473684210526317 0.0027607361963190185 0.03684210526315789
0 0.6671779141104295 0.36578947368421055 0.0036809815950920245 0.054385964912280704
0 0.6538343558282208 0.25526315789473686 0.003374233128834356 0.04736842105263158
0 0.6061349693251534 0.27017543859649124 0.003067484662576687 0.04912280701754386
0 0.602760736196319 0.19736842105263158 0.00245398773006135 0.03333333333333333
0 0.6072085889570552 0.2710526315789474 0.003374233128834356 0.05087719298245614
0 0.7559815950920246 0.31666666666666665 0.003374233128834356 0.054385964912280704
0 0.7122699386503067 0.24210526315789474 0.0036809815950920245 0.042105263157894736
0 0.69079754601227 0.3587719298245614 0.0036809815950920245 0.05789473684210526
0 0.6811349693251534 0.2535087719298246 0.003374233128834356 0.054385964912280704
0 0.658282208588957 0.2307017543859649 0.003067484662576687 0.043859649122807015
0 0.5877300613496933 0.47017543859649125 0.004294478527607362 0.07017543859649122
0 0.6187116564417178 0.3017543859649123 0.003067484662576687 0.04912280701754386
0 0.569478527607362 0.2649122807017544 0.0027607361963190185 0.042105263157894736
0 0.6191717791411043 0.22894736842105262 0.004601226993865031 0.054385964912280704
0 0.525920245398773 0.17719298245614035 0.0027607361963190185 0.042105263157894736
0 0.5308282208588957 0.24298245614035088 0.003987730061349694 0.043859649122807015