0 0.24877300613496933 0.35789473684210527 0.0036809815950920245 0.06315789473684211
0 0.3638036809815951 0.6157894736842106 0.005521472392638037 0.06666666666666667
0 0.4098159509202454 0.49473684210526314 0.004294478527607362 0.05964912280701754
0 0.39539877300613496 0.44035087719298244 0.004294478527607362 0.06666666666666667
0 0.4087423312883436 0.31842105263157894 0.003374233128834356 0.05087719298245614
0 0.43803680981595094 0.4324561403508772 0.004294478527607362 0.06491228070175438
0 0.4162576687116564 0.612280701754386 0.005521472392638037 0.07368421052631578
0 0.43282208588957055 0.6850877192982456 0.006134969325153374 0.08947368421052632
0 0.5144171779141105 0.5359649122807018 0.0049079754601227 0.07192982456140351
0 0.5067484662576687 0.3850877192982456 0.0036809815950920245 0.06140350877192982
0 0.44217791411042945 0.25 0.0027607361963190185 0.04736842105263158
0 0.4088957055214724 0.5017543859649123 0.004294478527607362 0.07368421052631578
0 0.7153374233128834 0.35 0.0036809815950920245 0.05789473684210526
0 0.5690184049079755 0.5763157894736842 0.0049079754601227 0.07894736842105263
0 0.36119631901840493 0.7570175438596491 0.007668711656441718 0.10701754385964912
0 0.5668711656441717 0.35526315789473684 0.0036809815950920245 0.05789473684210526
0 0.5050613496932516 0.23421052631578948 0.0027607361963190185 0.043859649122807015
0 0.3932515337423313 0.7043859649122807 0.006134969325153374 0.09298245614035087
0 0.46763803680981597 0.5807017543859649 0.005828220858895706 0.07368421052631578
0 0.4 0.5605263157894737 0.0049079754601227 0.07543859649122807
0 0.46932515337423314 0.393859649122807 0.0036809815950920245 0.043859649122807015
0 0.4246932515337423 0.26228070175438595 0.003374233128834356 0.05087719298245614
0 0.37147239263803683 0.5394736842105263 0.005521472392638037 0.1