0 0.23650306748466257 0.37456140350877193 0.00245398773006135 0.054385964912280704
0 0.32975460122699385 0.5552631578947368 0.0049079754601227 0.054385964912280704
0 0.3665644171779141 0.47192982456140353 0.004294478527607362 0.056140350877192984
0 0.3023006134969325 0.4956140350877193 0.004601226993865031 0.07192982456140351
0 0.3604294478527607 0.3263157894736842 0.004294478527607362 0.056140350877192984
0 0.43604294478527605 0.4052631578947368 0.003987730061349694 0.06315789473684211
0 0.42208588957055215 0.5982456140350877 0.0049079754601227 0.08421052631578947
0 0.4776073619631902 0.593859649122807 0.0049079754601227 0.07543859649122807
0 0.472239263803681 0.5078947368421053 0.004601226993865031 0.06842105263157895
0 0.5211656441717791 0.362280701754386 0.0036809815950920245 0.05087719298245614
0 0.4415644171779141 0.23771929824561402 0.0027607361963190185 0.043859649122807015
0 0.4110429447852761 0.4921052631578947 0.004294478527607362 0.07543859649122807
0 0.7128834355828221 0.35526315789473684 0.0036809815950920245 0.05789473684210526
0 0.5309815950920246 0.5271929824561403 0.0049079754601227 0.07543859649122807
0 0.43236196319018405 0.6412280701754386 0.003987730061349694 0.07543859649122807
0 0.5677914110429448 0.3482456140350877 0.0036809815950920245 0.05789473684210526
0 0.48282208588957054 0.1956140350877193 0.00245398773006135 0.03684210526315789
0 0.36533742331288344 0.606140350877193 0.005521472392638037 0.0824561403508772
0 0.46932515337423314 0.6096491228070176 0.0049079754601227 0.0824561403508772
0 0.4032208588957055 0.5017543859649123 0.004601226993865031 0.06315789473684211
0 0.46671779141104297 0.44035087719298244 0.003987730061349694 0.06666666666666667
0 0.38926380368098157 0.2807017543859649 0.003067484662576687 0.05263157894736842
0 0.29892638036809815 0.5692982456140351 0.005828220858895706 0.07894736842105263