0 0.28236196319018403 0.362280701754386 0.003987730061349694 0.06140350877192982
0 0.4719325153374233 0.5026315789473684 0.004601226993865031 0.054385964912280704
0 0.4682515337423313 0.44473684210526315 0.003374233128834356 0.06140350877192982
0 0.49601226993865033 0.39473684210526316 0.004294478527607362 0.06315789473684211
0 0.46794478527607364 0.40087719298245617 0.003987730061349694 0.05087719298245614
0 0.5492331288343558 0.45263157894736844 0.004601226993865031 0.07368421052631578
0 0.5173312883435582 0.4631578947368421 0.004601226993865031 0.06315789473684211
0 0.6452453987730061 0.5701754385964912 0.005214723926380368 0.07017543859649122
0 0.6751533742331288 0.5517543859649123 0.0049079754601227 0.07192982456140351
0 0.6584355828220859 0.41842105263157897 0.003987730061349694 0.06140350877192982
0 0.5846625766871165 0.2912280701754386 0.003067484662576687 0.04912280701754386
0 0.5352760736196319 0.34385964912280703 0.003067484662576687 0.056140350877192984
0 0.75 0.35 0.0036809815950920245 0.05789473684210526
0 0.6447852760736197 0.4614035087719298 0.004294478527607362 0.06315789473684211
0 0.5949386503067484 0.6008771929824561 0.005214723926380368 0.05789473684210526
0 0.618558282208589 0.3026315789473684 0.003374233128834356 0.054385964912280704
0 0.5473926380368098 0.21666666666666667 0.0027607361963190185 0.043859649122807015
0 0.4549079754601227 0.5359649122807018 0.0049079754601227 0.07192982456140351
0 0.5515337423312884 0.41842105263157897 0.0036809815950920245 0.06491228070175438
0 0.5187116564417178 0.4728070175438597 0.0049079754601227 0.05087719298245614
0 0.5773006134969325 0.362280701754386 0.0036809815950920245 0.054385964912280704
0 0.45766871165644174 0.4105263157894737 0.0036809815950920245 0.05263157894736842
0 0.5168711656441718 0.3894736842105263 0.0036809815950920245 0.05964912280701754