0 0.3098159509202454 0.29385964912280704 0.003067484662576687 0.054385964912280704
0 0.4976993865030675 0.4543859649122807 0.0027607361963190185 0.056140350877192984
0 0.45153374233128835 0.3 0.003067484662576687 0.05263157894736842
0 0.4516871165644172 0.17456140350877192 0.0027607361963190185 0.04035087719298246
0 0.5125766871165645 0.15526315789473685 0.00245398773006135 0.04035087719298246
0 0.5315950920245399 0.2885964912280702 0.003067484662576687 0.05087719298245614
0 0.5081288343558282 0.18333333333333332 0.0027607361963190185 0.02982456140350877
0 0.6026073619631902 0.393859649122807 0.003987730061349694 0.054385964912280704
0 0.568558282208589 0.2517543859649123 0.0027607361963190185 0.03684210526315789
0 0.49371165644171777 0.2596491228070175 0.0027607361963190185 0.0456140350877193
0 0.5523006134969325 0.16666666666666666 0.0027607361963190185 0.03508771929824561
0 0.533282208588957 0.24035087719298245 0.003374233128834356 0.056140350877192984
0 0.7317484662576688 0.31140350877192985 0.003374233128834356 0.054385964912280704
0 0.5957055214723926 0.27456140350877195 0.003067484662576687 0.05087719298245614
0 0.6145705521472392 0.3412280701754386 0.003374233128834356 0.043859649122807015
0 0.5878834355828221 0.23421052631578948 0.0027607361963190185 0.043859649122807015
0 0.5624233128834356 0.17280701754385966 0.003987730061349694 0.03684210526315789
0 0.5306748466257669 0.3798245614035088 0.0036809815950920245 0.06140350877192982
0 0.5384969325153375 0.26666666666666666 0.003374233128834356 0.04912280701754386
0 0.5012269938650307 0.1824561403508772 0.003067484662576687 0.03508771929824561
0 0.5618098159509203 0.21666666666666667 0.0027607361963190185 0.04035087719298246
0 0.5173312883435582 0.16842105263157894 0.0027607361963190185 0.03508771929824561
0 0.4780674846625767 0.21140350877192982 0.0027607361963190185 0.04736842105263158