0 0.3067484662576687 0.3175438596491228 0.003067484662576687 0.04912280701754386
0 0.6225460122699387 0.6552631578947369 0.005828220858895706 0.07543859649122807
0 0.4687116564417178 0.3850877192982456 0.0036809815950920245 0.06140350877192982
0 0.47438650306748464 0.22807017543859648 0.0027607361963190185 0.0456140350877193
0 0.5266871165644171 0.18157894736842106 0.003067484662576687 0.04035087719298246
0 0.5145705521472392 0.37894736842105264 0.0027607361963190185 0.05263157894736842
0 0.5645705521472393 0.23859649122807017 0.0027607361963190185 0.042105263157894736
0 0.5634969325153374 0.45526315789473687 0.004294478527607362 0.05789473684210526
0 0.6200920245398773 0.3307017543859649 0.003987730061349694 0.05789473684210526
0 0.5156441717791411 0.3482456140350877 0.0036809815950920245 0.05789473684210526
0 0.5932515337423313 0.19210526315789472 0.00245398773006135 0.03684210526315789
0 0.5398773006134969 0.24912280701754386 0.003067484662576687 0.04912280701754386
0 0.7631901840490798 0.34649122807017546 0.0036809815950920245 0.05789473684210526
0 0.6377300613496932 0.36666666666666664 0.0036809815950920245 0.05964912280701754
0 0.5868098159509203 0.4421052631578947 0.004294478527607362 0.06666666666666667
0 0.6179447852760737 0.29912280701754385 0.004601226993865031 0.054385964912280704
0 0.6033742331288343 0.22807017543859648 0.004294478527607362 0.03859649122807018
0 0.6064417177914111 0.5429824561403509 0.0049079754601227 0.07192982456140351
0 0.5348159509202454 0.356140350877193 0.003374233128834356 0.03859649122807018
0 0.536042944785276 0.2657894736842105 0.003374233128834356 0.04736842105263158
0 0.5762269938650306 0.3078947368421053 0.0027607361963190185 0.043859649122807015
0 0.5463190184049079 0.1850877192982456 0.003067484662576687 0.04035087719298246
0 0.49263803680981594 0.2868421052631579 0.003067484662576687 0.043859649122807015