0 0.25782208588957056 0.356140350877193 0.004601226993865031 0.07017543859649122
0 0.35644171779141104 0.6517543859649123 0.005521472392638037 0.07192982456140351
0 0.37653374233128833 0.512280701754386 0.004601226993865031 0.07368421052631578
0 0.4119631901840491 0.3929824561403509 0.0036809815950920245 0.05964912280701754
0 0.4107361963190184 0.3087719298245614 0.003067484662576687 0.042105263157894736
0 0.4171779141104294 0.5271929824561403 0.0049079754601227 0.07543859649122807
0 0.4700920245398773 0.4745614035087719 0.004601226993865031 0.06842105263157895
0 0.4329754601226994 0.6771929824561403 0.005214723926380368 0.09473684210526316
0 0.4513803680981595 0.6666666666666666 0.005828220858895706 0.08771929824561403
0 0.5059815950920246 0.41842105263157897 0.003987730061349694 0.06491228070175438
0 0.5029141104294479 0.3140350877192982 0.003374233128834356 0.04912280701754386
0 0.46595092024539875 0.4649122807017544 0.0036809815950920245 0.06315789473684211
0 0.7171779141104294 0.37543859649122807 0.0036809815950920245 0.05964912280701754
0 0.576840490797546 0.5877192982456141 0.005214723926380368 0.08070175438596491
0 0.48773006134969327 0.7263157894736842 0.006134969325153374 0.09473684210526316
0 0.5983128834355829 0.4201754385964912 0.003987730061349694 0.06491228070175438
0 0.5334355828220859 0.29912280701754385 0.003067484662576687 0.04736842105263158
0 0.39539877300613496 0.7035087719298245 0.006134969325153374 0.0912280701754386
0 0.4460122699386503 0.5552631578947368 0.0049079754601227 0.08596491228070176
0 0.45521472392638035 0.37719298245614036 0.0036809815950920245 0.05964912280701754
0 0.49938650306748467 0.5175438596491229 0.0049079754601227 0.07368421052631578
0 0.4377300613496933 0.2833333333333333 0.003067484662576687 0.05087719298245614
0 0.36595092024539877 0.5456140350877193 0.006134969325153374 0.08771929824561403