0 0.33634969325153374 0.3447368421052632 0.003374233128834356 0.05789473684210526
0 0.9779141104294479 0.756140350877193 0.0049079754601227 0.06315789473684211
0 0.5145705521472392 0.4105263157894737 0.003987730061349694 0.06315789473684211
0 0.5119631901840491 0.2929824561403509 0.003067484662576687 0.05263157894736842
0 0.572239263803681 0.20877192982456141 0.0027607361963190185 0.05263157894736842
0 0.5542944785276074 0.39035087719298245 0.0036809815950920245 0.06140350877192982
0 0.6651840490797546 0.3236842105263158 0.003374233128834356 0.054385964912280704
0 0.7030674846625767 0.6175438596491228 0.005521472392638037 0.07719298245614035
0 0.7725460122699387 0.4131578947368421 0.003987730061349694 0.05789473684210526
0 0.6993865030674846 0.3649122807017544 0.003067484662576687 0.0456140350877193
0 0.7147239263803681 0.27982456140350875 0.0036809815950920245 0.043859649122807015
0 0.6470858895705521 0.28421052631578947 0.003987730061349694 0.056140350877192984
0 0.7891104294478528 0.36140350877192984 0.004601226993865031 0.05263157894736842
0 0.7737730061349694 0.393859649122807 0.004601226993865031 0.05789473684210526
0 0.750920245398773 0.5482456140350878 0.0049079754601227 0.07543859649122807
0 0.750920245398773 0.3482456140350877 0.004294478527607362 0.054385964912280704
0 0.7251533742331289 0.3026315789473684 0.0036809815950920245 0.043859649122807015
0 0.902760736196319 0.6342105263157894 0.005521472392638037 0.08596491228070176
0 0.6970858895705522 0.3868421052631579 0.005214723926380368 0.06491228070175438
0 0.6345092024539877 0.31842105263157894 0.003374233128834356 0.05087719298245614
0 0.7003067484662576 0.34385964912280703 0.003067484662576687 0.056140350877192984
0 0.6069018404907975 0.19736842105263158 0.003374233128834356 0.043859649122807015
0 0.5253067484662577 0.3368421052631579 0.003987730061349694 0.0456140350877193