0 0.2556748466257669 0.36403508771929827 0.003374233128834356 0.04736842105263158
0 0.44493865030674845 0.7298245614035088 0.006441717791411043 0.09473684210526316
0 0.4288343558282209 0.48333333333333334 0.0036809815950920245 0.06842105263157895
0 0.4427914110429448 0.3456140350877193 0.003374233128834356 0.05263157894736842
0 0.4621165644171779 0.2517543859649123 0.0027607361963190185 0.04736842105263158
0 0.4888036809815951 0.4780701754385965 0.004601226993865031 0.06491228070175438
0 0.48941717791411044 0.34035087719298246 0.0027607361963190185 0.04912280701754386
0 0.5503067484662577 0.7192982456140351 0.006134969325153374 0.0912280701754386
0 0.6 0.47719298245614034 0.004294478527607362 0.056140350877192984
0 0.5403374233128835 0.34649122807017546 0.003374233128834356 0.054385964912280704
0 0.5182515337423312 0.24210526315789474 0.0027607361963190185 0.03508771929824561
0 0.4785276073619632 0.4649122807017544 0.0036809815950920245 0.06666666666666667
0 0.7381901840490798 0.3587719298245614 0.003374233128834356 0.05789473684210526
0 0.6495398773006135 0.4921052631578947 0.004601226993865031 0.07192982456140351
0 0.5765337423312883 0.7491228070175439 0.006441717791411043 0.09473684210526316
0 0.6039877300613496 0.2868421052631579 0.003067484662576687 0.05087719298245614
0 0.5095092024539877 0.17192982456140352 0.003067484662576687 0.042105263157894736
0 0.44539877300613495 0.7596491228070176 0.006134969325153374 0.0912280701754386
0 0.5443251533742332 0.4359649122807018 0.003987730061349694 0.06491228070175438
0 0.4852760736196319 0.2850877192982456 0.003067484662576687 0.04736842105263158
0 0.46932515337423314 0.35350877192982455 0.0036809815950920245 0.05789473684210526
0 0.46088957055214724 0.19298245614035087 0.0027607361963190185 0.03508771929824561
0 0.4331288343558282 0.44298245614035087 0.004294478527607362 0.06140350877192982