0 0.33680981595092024 0.32894736842105265 0.0036809815950920245 0.06140350877192982
0 0.589877300613497 0.5324561403508772 0.0049079754601227 0.07543859649122807
0 0.533282208588957 0.3587719298245614 0.003374233128834356 0.05789473684210526
0 0.5210122699386504 0.256140350877193 0.0027607361963190185 0.04912280701754386
0 0.7101226993865031 0.193859649122807 0.0036809815950920245 0.04035087719298246
0 0.5734662576687116 0.23684210526315788 0.0027607361963190185 0.0456140350877193
0 0.6122699386503068 0.31842105263157894 0.003067484662576687 0.054385964912280704
0 0.752760736196319 0.3912280701754386 0.0036809815950920245 0.05964912280701754
0 0.6705521472392638 0.27982456140350875 0.003067484662576687 0.04035087719298246
0 0.7323619631901841 0.3201754385964912 0.003374233128834356 0.05087719298245614
0 0.631441717791411 0.18421052631578946 0.002147239263803681 0.017543859649122806
0 0.6460122699386504 0.23771929824561402 0.0036809815950920245 0.054385964912280704
0 0.7734662576687117 0.32456140350877194 0.004601226993865031 0.05263157894736842
0 0.7424846625766871 0.3254385964912281 0.003374233128834356 0.05087719298245614
0 0.7588957055214723 0.3815789473684211 0.0036809815950920245 0.054385964912280704
0 0.727760736196319 0.26052631578947366 0.0027607361963190185 0.05087719298245614
0 0.7088957055214724 0.20701754385964913 0.004294478527607362 0.0456140350877193
0 0.6966257668711656 0.4570175438596491 0.004294478527607362 0.06842105263157895
0 0.7111963190184049 0.306140350877193 0.003987730061349694 0.06140350877192982
0 0.6029141104294479 0.2543859649122807 0.0027607361963190185 0.0456140350877193
0 0.6858895705521473 0.2833333333333333 0.003067484662576687 0.04736842105263158
0 0.6495398773006135 0.193859649122807 0.003987730061349694 0.05087719298245614
0 0.5467791411042945 0.35526315789473684 0.003987730061349694 0.05087719298245614