0 0.3365030674846626 0.32894736842105265 0.0036809815950920245 0.06140350877192982
0 0.5895705521472393 0.5324561403508772 0.0049079754601227 0.07543859649122807
0 0.533282208588957 0.3587719298245614 0.003374233128834356 0.05789473684210526
0 0.520398773006135 0.256140350877193 0.0027607361963190185 0.04912280701754386
0 0.7095092024539877 0.193859649122807 0.0036809815950920245 0.04035087719298246
0 0.5734662576687116 0.23684210526315788 0.0027607361963190185 0.0456140350877193
0 0.6118098159509202 0.31842105263157894 0.003374233128834356 0.054385964912280704
0 0.7523006134969326 0.3912280701754386 0.003374233128834356 0.05964912280701754
0 0.6714723926380368 0.2771929824561403 0.003067484662576687 0.042105263157894736
0 0.729601226993865 0.3175438596491228 0.003374233128834356 0.0456140350877193
0 0.6308282208588957 0.1850877192982456 0.002147239263803681 0.02280701754385965
0 0.6452453987730061 0.23684210526315788 0.003987730061349694 0.05263157894736842
0 0.7734662576687117 0.32456140350877194 0.004601226993865031 0.05263157894736842
0 0.7420245398773007 0.3263157894736842 0.003067484662576687 0.05263157894736842
0 0.7584355828220859 0.38070175438596493 0.003987730061349694 0.056140350877192984
0 0.7266871165644172 0.26052631578947366 0.00245398773006135 0.05087719298245614
0 0.7079754601226994 0.20701754385964913 0.004294478527607362 0.0456140350877193
0 0.6966257668711656 0.45789473684210524 0.004294478527607362 0.06666666666666667
0 0.7104294478527607 0.30701754385964913 0.004294478527607362 0.06315789473684211
0 0.6026073619631902 0.256140350877193 0.0027607361963190185 0.04912280701754386
0 0.6852760736196319 0.2833333333333333 0.003067484662576687 0.05087719298245614
0 0.6489263803680981 0.193859649122807 0.003987730061349694 0.05087719298245614
0 0.5464723926380368 0.35526315789473684 0.003987730061349694 0.05087719298245614