0 0.2338957055214724 0.4 0.003374233128834356 0.06666666666666667
0 0.26042944785276073 0.6166666666666667 0.005521472392638037 0.06842105263157895
0 0.2766871165644172 0.5096491228070176 0.006134969325153374 0.06140350877192982
0 0.3478527607361963 0.26666666666666666 0.003067484662576687 0.04912280701754386
0 0.4392638036809816 0.2026315789473684 0.00245398773006135 0.04035087719298246
0 0.3924846625766871 0.3456140350877193 0.003374233128834356 0.056140350877192984
0 0.44401840490797545 0.5017543859649123 0.004601226993865031 0.06666666666666667
0 0.5476993865030675 0.5736842105263158 0.005214723926380368 0.07719298245614035
0 0.5179447852760736 0.4087719298245614 0.003987730061349694 0.06315789473684211
0 0.5052147239263803 0.35 0.0036809815950920245 0.05789473684210526
0 0.5004601226993866 0.22631578947368422 0.0027607361963190185 0.0456140350877193
0 0.48849693251533743 0.2894736842105263 0.003987730061349694 0.05964912280701754
0 0.7141104294478527 0.34649122807017546 0.0036809815950920245 0.05789473684210526
0 0.5684049079754602 0.443859649122807 0.004294478527607362 0.06666666666666667
0 0.558282208588957 0.5728070175438597 0.0049079754601227 0.07894736842105263
0 0.5407975460122699 0.35350877192982455 0.0036809815950920245 0.05789473684210526
0 0.5297546012269939 0.27280701754385966 0.003067484662576687 0.05087719298245614
0 0.4076687116564417 0.6114035087719298 0.005521472392638037 0.0824561403508772
0 0.5052147239263803 0.46578947368421053 0.004294478527607362 0.06842105263157895
0 0.41411042944785276 0.47719298245614034 0.004294478527607362 0.06666666666666667
0 0.47791411042944787 0.34649122807017546 0.0036809815950920245 0.05789473684210526
0 0.3978527607361963 0.26403508771929823 0.003067484662576687 0.05087719298245614
0 0.27975460122699386 0.5219298245614035 0.004294478527607362 0.07894736842105263