0 0.28328220858895703 0.3219298245614035 0.003987730061349694 0.054385964912280704
0 0.4677914110429448 0.44298245614035087 0.004294478527607362 0.05789473684210526
0 0.4653374233128834 0.34385964912280703 0.004294478527607362 0.056140350877192984
0 0.47868098159509204 0.2543859649122807 0.0027607361963190185 0.04912280701754386
0 0.4799079754601227 0.17894736842105263 0.002147239263803681 0.03508771929824561
0 0.5196319018404908 0.2912280701754386 0.003067484662576687 0.05263157894736842
0 0.5193251533742331 0.21403508771929824 0.00245398773006135 0.042105263157894736
0 0.5661042944785276 0.40614035087719297 0.003987730061349694 0.05789473684210526
0 0.5897239263803681 0.2614035087719298 0.0027607361963190185 0.0456140350877193
0 0.61579754601227 0.24035087719298245 0.0027607361963190185 0.0456140350877193
0 0.592638036809816 0.18596491228070175 0.00245398773006135 0.042105263157894736
0 0.5271472392638037 0.3263157894736842 0.003374233128834356 0.056140350877192984
0 0.7400306748466258 0.306140350877193 0.003374233128834356 0.054385964912280704
0 0.6803680981595092 0.3912280701754386 0.004294478527607362 0.07368421052631578
0 0.6375766871165645 0.4982456140350877 0.004601226993865031 0.07017543859649122
0 0.6604294478527607 0.2131578947368421 0.00245398773006135 0.04035087719298246
0 0.6003067484662576 0.1824561403508772 0.00245398773006135 0.03508771929824561
0 0.4840490797546012 0.47017543859649125 0.004294478527607362 0.07017543859649122
0 0.5710122699386503 0.3236842105263158 0.003374233128834356 0.054385964912280704
0 0.5001533742331289 0.23771929824561402 0.0027607361963190185 0.043859649122807015
0 0.5989263803680982 0.2517543859649123 0.0027607361963190185 0.04736842105263158
0 0.48588957055214727 0.17280701754385966 0.004294478527607362 0.03684210526315789
0 0.46717791411042947 0.33421052631578946 0.003067484662576687 0.05789473684210526