0 0.3512269938650307 0.30701754385964913 0.003067484662576687 0.05964912280701754
0 0.5276073619631901 0.43508771929824563 0.004294478527607362 0.06666666666666667
0 0.48113496932515337 0.2631578947368421 0.0027607361963190185 0.0456140350877193
0 0.5352760736196319 0.21403508771929824 0.003067484662576687 0.042105263157894736
0 0.6349693251533742 0.2026315789473684 0.00245398773006135 0.03684210526315789
0 0.6587423312883436 0.23771929824561402 0.003374233128834356 0.04736842105263158
0 0.5526073619631902 0.23157894736842105 0.0027607361963190185 0.042105263157894736
0 0.647239263803681 0.3736842105263158 0.0036809815950920245 0.056140350877192984
0 0.6406441717791411 0.26052631578947366 0.0027607361963190185 0.04035087719298246
0 0.592638036809816 0.27456140350877195 0.003067484662576687 0.05087719298245614
0 0.588957055214724 0.20614035087719298 0.00245398773006135 0.03333333333333333
0 0.5865030674846625 0.2789473684210526 0.0036809815950920245 0.056140350877192984
0 0.7553680981595092 0.3280701754385965 0.003374233128834356 0.056140350877192984
0 0.701840490797546 0.2535087719298246 0.0036809815950920245 0.043859649122807015
0 0.6708588957055215 0.37280701754385964 0.0036809815950920245 0.054385964912280704
0 0.6625766871165644 0.24649122807017543 0.0036809815950920245 0.04736842105263158
0 0.6475460122699387 0.22982456140350876 0.003067484662576687 0.0456140350877193
0 0.5598159509202454 0.4570175438596491 0.004294478527607362 0.06842105263157895
0 0.6024539877300613 0.2964912280701754 0.003067484662576687 0.05263157894736842
0 0.56579754601227 0.26228070175438595 0.0027607361963190185 0.04035087719298246
0 0.5923312883435583 0.21666666666666667 0.004294478527607362 0.054385964912280704
0 0.5095092024539877 0.17456140350877192 0.00245398773006135 0.04035087719298246
0 0.5303680981595092 0.24035087719298245 0.0049079754601227 0.0456140350877193