0 0.23328220858895707 0.3219298245614035 0.003374233128834356 0.054385964912280704
0 0.33404907975460124 0.5140350877192983 0.0049079754601227 0.07017543859649122
0 0.35230061349693254 0.4105263157894737 0.003987730061349694 0.056140350877192984
0 0.36993865030674844 0.2929824561403509 0.003067484662576687 0.04912280701754386
0 0.37208588957055216 0.21228070175438596 0.00245398773006135 0.03859649122807018
0 0.3960122699386503 0.3719298245614035 0.0036809815950920245 0.04912280701754386
0 0.4196319018404908 0.2850877192982456 0.003067484662576687 0.03684210526315789
0 0.45720858895705524 0.5868421052631579 0.005214723926380368 0.07192982456140351
0 0.537883435582822 0.4166666666666667 0.003987730061349694 0.06491228070175438
0 0.48374233128834354 0.37719298245614036 0.0036809815950920245 0.05964912280701754
0 0.4030674846625767 0.22982456140350876 0.0036809815950920245 0.0456140350877193
0 0.4199386503067485 0.40087719298245617 0.004294478527607362 0.07192982456140351
0 0.7076687116564417 0.33596491228070174 0.003067484662576687 0.054385964912280704
0 0.5523006134969325 0.42894736842105263 0.003987730061349694 0.06491228070175438
0 0.48144171779141104 0.5807017543859649 0.005214723926380368 0.07719298245614035
0 0.5414110429447853 0.27982456140350875 0.003067484662576687 0.05087719298245614
0 0.503680981595092 0.21754385964912282 0.00245398773006135 0.042105263157894736
0 0.33220858895705524 0.525438596491228 0.0049079754601227 0.07894736842105263
0 0.4317484662576687 0.35175438596491226 0.003374233128834356 0.05789473684210526
0 0.4269938650306748 0.3131578947368421 0.003067484662576687 0.04736842105263158
0 0.5067484662576687 0.3482456140350877 0.0036809815950920245 0.05789473684210526
0 0.3829754601226994 0.17982456140350878 0.003374233128834356 0.04035087719298246
0 0.3392638036809816 0.4842105263157895 0.0049079754601227 0.08070175438596491