0 0.2556748466257669 0.36403508771929827 0.003374233128834356 0.04736842105263158
0 0.44493865030674845 0.7298245614035088 0.006441717791411043 0.09473684210526316
0 0.4289877300613497 0.4842105263157895 0.003987730061349694 0.07017543859649122
0 0.4434049079754601 0.34385964912280703 0.003374233128834356 0.04912280701754386
0 0.4624233128834356 0.25087719298245614 0.0027607361963190185 0.0456140350877193
0 0.48849693251533743 0.4763157894736842 0.004601226993865031 0.06842105263157895
0 0.48957055214723927 0.34035087719298246 0.003067484662576687 0.04912280701754386
0 0.5487730061349694 0.7192982456140351 0.006134969325153374 0.0912280701754386
0 0.5996932515337423 0.4789473684210526 0.004294478527607362 0.05964912280701754
0 0.5400306748466258 0.34649122807017546 0.003374233128834356 0.054385964912280704
0 0.5182515337423312 0.24210526315789474 0.0027607361963190185 0.03508771929824561
0 0.47837423312883437 0.4649122807017544 0.003987730061349694 0.06666666666666667
0 0.7378834355828221 0.3570175438596491 0.003374233128834356 0.054385964912280704
0 0.6486196319018405 0.4903508771929825 0.004601226993865031 0.07192982456140351
0 0.5765337423312883 0.7464912280701754 0.006441717791411043 0.09298245614035087
0 0.6039877300613496 0.2868421052631579 0.003067484662576687 0.05087719298245614
0 0.5095092024539877 0.17105263157894737 0.003067484662576687 0.043859649122807015
0 0.44539877300613495 0.7596491228070176 0.006134969325153374 0.0912280701754386
0 0.5437116564417178 0.43508771929824563 0.003987730061349694 0.06666666666666667
0 0.4855828220858896 0.2833333333333333 0.003067484662576687 0.043859649122807015
0 0.46932515337423314 0.35175438596491226 0.0036809815950920245 0.05789473684210526
0 0.46088957055214724 0.193859649122807 0.0027607361963190185 0.03684210526315789
0 0.43328220858895705 0.4421052631578947 0.004601226993865031 0.06315789473684211