0 0.2532208588957055 0.3649122807017544 0.003374233128834356 0.05263157894736842
0 0.4200920245398773 0.6052631578947368 0.003987730061349694 0.08421052631578947
0 0.4133435582822086 0.5324561403508772 0.005214723926380368 0.07894736842105263
0 0.4297546012269939 0.3868421052631579 0.0036809815950920245 0.06140350877192982
0 0.4331288343558282 0.28157894736842104 0.003067484662576687 0.04736842105263158
0 0.49877300613496933 0.5140350877192983 0.0049079754601227 0.07368421052631578
0 0.4803680981595092 0.4456140350877193 0.004294478527607362 0.06315789473684211
0 0.5319018404907976 0.6114035087719298 0.005521472392638037 0.07543859649122807
0 0.6044478527607362 0.5771929824561404 0.005214723926380368 0.07719298245614035
0 0.5495398773006135 0.46842105263157896 0.004601226993865031 0.05964912280701754
0 0.48680981595092027 0.2631578947368421 0.003067484662576687 0.04912280701754386
0 0.45812883435582824 0.4692982456140351 0.003987730061349694 0.06842105263157895
0 0.7220858895705522 0.3587719298245614 0.0036809815950920245 0.05789473684210526
0 0.623159509202454 0.5070175438596491 0.004601226993865031 0.07368421052631578
0 0.36012269938650304 0.6991228070175438 0.006134969325153374 0.08596491228070176
0 0.6179447852760737 0.32894736842105265 0.003374233128834356 0.054385964912280704
0 0.5391104294478528 0.22280701754385965 0.0027607361963190185 0.042105263157894736
0 0.4196319018404908 0.5456140350877193 0.0049079754601227 0.07719298245614035
0 0.5530674846625767 0.4692982456140351 0.005521472392638037 0.07192982456140351
0 0.47530674846625764 0.3333333333333333 0.003374233128834356 0.056140350877192984
0 0.5256134969325154 0.4017543859649123 0.003987730061349694 0.06315789473684211
0 0.449079754601227 0.18947368421052632 0.00245398773006135 0.042105263157894736
0 0.4642638036809816 0.6877192982456141 0.00705521472392638 0.0912280701754386