0 0.1960122699386503 0.3991228070175439 0.003067484662576687 0.054385964912280704
0 0.1659509202453988 0.543859649122807 0.0049079754601227 0.07719298245614035
0 0.3145705521472393 0.5052631578947369 0.004601226993865031 0.07368421052631578
0 0.27883435582822086 0.3649122807017544 0.0036809815950920245 0.056140350877192984
0 0.3576687116564417 0.27456140350877195 0.003067484662576687 0.054385964912280704
0 0.38558282208588956 0.36666666666666664 0.0036809815950920245 0.05964912280701754
0 0.4208588957055215 0.5508771929824562 0.0049079754601227 0.07017543859649122
0 0.4708588957055215 0.6096491228070176 0.005521472392638037 0.07192982456140351
0 0.5069018404907976 0.4842105263157895 0.004601226993865031 0.07017543859649122
0 0.49401840490797544 0.38859649122807016 0.003987730061349694 0.06140350877192982
0 0.47530674846625764 0.24473684210526317 0.0027607361963190185 0.04736842105263158
0 0.41886503067484665 0.41403508771929826 0.004601226993865031 0.07719298245614035
0 0.6861963190184049 0.35175438596491226 0.0036809815950920245 0.05789473684210526
0 0.5532208588957055 0.5026315789473684 0.004601226993865031 0.07192982456140351
0 0.49279141104294477 0.6640350877192982 0.005828220858895706 0.08596491228070176
0 0.5432515337423313 0.3649122807017544 0.0036809815950920245 0.05964912280701754
0 0.5026073619631902 0.26228070175438595 0.0027607361963190185 0.04736842105263158
0 0.33542944785276074 0.6614035087719298 0.005828220858895706 0.08771929824561403
0 0.49693251533742333 0.5289473684210526 0.0049079754601227 0.07543859649122807
0 0.3588957055214724 0.525438596491228 0.0049079754601227 0.06842105263157895
0 0.44079754601226995 0.37543859649122807 0.0036809815950920245 0.05964912280701754
0 0.35276073619631904 0.29035087719298247 0.0036809815950920245 0.05789473684210526
0 0.1691717791411043 0.5456140350877193 0.006441717791411043 0.07368421052631578