0 0.2558282208588957 0.3447368421052632 0.003067484662576687 0.054385964912280704
0 0.3815950920245399 0.5640350877192982 0.0049079754601227 0.054385964912280704
0 0.42116564417177915 0.3824561403508772 0.0036809815950920245 0.05964912280701754
0 0.4208588957055215 0.3307017543859649 0.0036809815950920245 0.054385964912280704
0 0.426840490797546 0.25 0.0027607361963190185 0.04736842105263158
0 0.4516871165644172 0.42719298245614035 0.003987730061349694 0.06491228070175438
0 0.4605828220858896 0.3157894736842105 0.003374233128834356 0.04912280701754386
0 0.4653374233128834 0.5885964912280702 0.004294478527607362 0.07894736842105263
0 0.5013803680981596 0.42105263157894735 0.003987730061349694 0.05964912280701754
0 0.5115030674846626 0.3350877192982456 0.003374233128834356 0.056140350877192984
0 0.48865030674846627 0.22894736842105262 0.0036809815950920245 0.04035087719298246
0 0.4639570552147239 0.47017543859649125 0.003987730061349694 0.07368421052631578
0 0.7118098159509203 0.3368421052631579 0.003374233128834356 0.056140350877192984
0 0.5912576687116564 0.4842105263157895 0.004601226993865031 0.07017543859649122
0 0.47822085889570554 0.7131578947368421 0.006134969325153374 0.09298245614035087
0 0.5865030674846625 0.2850877192982456 0.003067484662576687 0.05087719298245614
0 0.5168711656441718 0.1850877192982456 0.00245398773006135 0.04035087719298246
0 0.3638036809815951 0.7096491228070175 0.006134969325153374 0.09298245614035087
0 0.452760736196319 0.45526315789473687 0.003067484662576687 0.06491228070175438
0 0.4915644171779141 0.26842105263157895 0.003987730061349694 0.042105263157894736
0 0.5271472392638037 0.4219298245614035 0.003987730061349694 0.06491228070175438
0 0.44217791411042945 0.17456140350877192 0.002147239263803681 0.04035087719298246
0 0.44923312883435584 0.3543859649122807 0.003987730061349694 0.06315789473684211