0 0.27254601226993863 0.3482456140350877 0.003374233128834356 0.04736842105263158
0 0.44401840490797545 0.5359649122807018 0.003987730061349694 0.06491228070175438
0 0.46365030674846625 0.4087719298245614 0.003987730061349694 0.06315789473684211
0 0.4653374233128834 0.2964912280701754 0.003067484662576687 0.05263157894736842
0 0.47208588957055214 0.22105263157894736 0.00245398773006135 0.0456140350877193
0 0.49325153374233127 0.36666666666666664 0.0036809815950920245 0.05964912280701754
0 0.50920245398773 0.27280701754385966 0.0036809815950920245 0.043859649122807015
0 0.4897239263803681 0.49912280701754386 0.004601226993865031 0.06491228070175438
0 0.554601226993865 0.393859649122807 0.0036809815950920245 0.06140350877192982
0 0.5440184049079755 0.31666666666666665 0.003374233128834356 0.054385964912280704
0 0.5196319018404908 0.21666666666666667 0.00245398773006135 0.043859649122807015
0 0.4835889570552147 0.42543859649122806 0.003987730061349694 0.06491228070175438
0 0.723159509202454 0.3280701754385965 0.003374233128834356 0.056140350877192984
0 0.6265337423312883 0.41842105263157897 0.003987730061349694 0.06491228070175438
0 0.566717791411043 0.7324561403508771 0.006441717791411043 0.08947368421052632
0 0.6039877300613496 0.27456140350877195 0.003067484662576687 0.05087719298245614
0 0.5207055214723927 0.1675438596491228 0.0027607361963190185 0.04736842105263158
0 0.44877300613496934 0.656140350877193 0.005521472392638037 0.08771929824561403
0 0.551840490797546 0.35 0.0036809815950920245 0.05789473684210526
0 0.505521472392638 0.23421052631578948 0.003067484662576687 0.03684210526315789
0 0.4825153374233129 0.2964912280701754 0.003067484662576687 0.05263157894736842
0 0.47254601226993864 0.17192982456140352 0.0027607361963190185 0.03859649122807018
0 0.45291411042944785 0.4105263157894737 0.003374233128834356 0.06315789473684211