0 0.3473926380368098 0.3307017543859649 0.0027607361963190185 0.05789473684210526
0 0.6035276073619632 0.5070175438596491 0.004601226993865031 0.07368421052631578
0 0.5426380368098159 0.35350877192982455 0.0036809815950920245 0.05789473684210526
0 0.5280674846625767 0.2614035087719298 0.0027607361963190185 0.04912280701754386
0 0.7111963190184049 0.1868421052631579 0.003987730061349694 0.02982456140350877
0 0.5851226993865031 0.23684210526315788 0.0027607361963190185 0.03859649122807018
0 0.625920245398773 0.3157894736842105 0.003374233128834356 0.05263157894736842
0 0.7506134969325153 0.36403508771929827 0.0036809815950920245 0.06491228070175438
0 0.6858895705521473 0.3 0.003067484662576687 0.05263157894736842
0 0.7346625766871165 0.2850877192982456 0.0036809815950920245 0.05087719298245614
0 0.6446319018404908 0.18333333333333332 0.002147239263803681 0.02982456140350877
0 0.6677914110429448 0.2324561403508772 0.0036809815950920245 0.05087719298245614
0 0.7734662576687117 0.3254385964912281 0.004601226993865031 0.054385964912280704
0 0.7430981595092024 0.2956140350877193 0.004601226993865031 0.054385964912280704
0 0.7605828220858896 0.3701754385964912 0.003987730061349694 0.05964912280701754
0 0.7354294478527608 0.25877192982456143 0.002147239263803681 0.04035087719298246
0 0.7127300613496933 0.2 0.003987730061349694 0.042105263157894736
0 0.7131901840490797 0.44035087719298244 0.004294478527607362 0.06666666666666667
0 0.725920245398773 0.2868421052631579 0.003374233128834356 0.054385964912280704
0 0.619478527607362 0.2543859649122807 0.0027607361963190185 0.04912280701754386
0 0.7003067484662576 0.2885964912280702 0.003067484662576687 0.05087719298245614
0 0.6723926380368098 0.18859649122807018 0.004294478527607362 0.043859649122807015
0 0.5489263803680982 0.3570175438596491 0.003374233128834356 0.05789473684210526