0 0.2843558282208589 0.34385964912280703 0.004294478527607362 0.056140350877192984
0 0.4852760736196319 0.4666666666666667 0.004294478527607362 0.06315789473684211
0 0.4865030674846626 0.362280701754386 0.003067484662576687 0.05789473684210526
0 0.4929447852760736 0.29473684210526313 0.003067484662576687 0.05263157894736842
0 0.5006134969325153 0.21052631578947367 0.003067484662576687 0.031578947368421054
0 0.5814417177914111 0.32280701754385965 0.003374233128834356 0.03508771929824561
0 0.5334355828220859 0.2789473684210526 0.003067484662576687 0.03859649122807018
0 0.5799079754601227 0.5105263157894737 0.004601226993865031 0.06666666666666667
0 0.6955521472392638 0.3333333333333333 0.003374233128834356 0.05263157894736842
0 0.6124233128834355 0.24736842105263157 0.0027607361963190185 0.0456140350877193
0 0.5506134969325154 0.21140350877192982 0.00245398773006135 0.04035087719298246
0 0.5236196319018405 0.4 0.0036809815950920245 0.07017543859649122
0 0.6995398773006135 0.30964912280701756 0.003374233128834356 0.054385964912280704
0 0.7122699386503067 0.47543859649122805 0.0049079754601227 0.07017543859649122
0 0.6156441717791411 0.6578947368421053 0.005521472392638037 0.08771929824561403
0 0.6374233128834356 0.19649122807017544 0.00245398773006135 0.042105263157894736
0 0.5236196319018405 0.1675438596491228 0.003067484662576687 0.03333333333333333
0 0.49447852760736194 0.543859649122807 0.0049079754601227 0.07719298245614035
0 0.5834355828220859 0.4368421052631579 0.004294478527607362 0.06666666666666667
0 0.5139570552147239 0.25701754385964914 0.0027607361963190185 0.04736842105263158
0 0.5938650306748466 0.3078947368421053 0.004294478527607362 0.05789473684210526
0 0.5007668711656442 0.193859649122807 0.003374233128834356 0.04035087719298246
0 0.4843558282208589 0.31842105263157894 0.0036809815950920245 0.05789473684210526