0 0.2901840490797546 0.3675438596491228 0.0036809815950920245 0.06491228070175438
0 0.48895705521472393 0.537719298245614 0.0049079754601227 0.07192982456140351
0 0.48466257668711654 0.4473684210526316 0.004294478527607362 0.06666666666666667
0 0.5121165644171779 0.4105263157894737 0.003987730061349694 0.06315789473684211
0 0.47868098159509204 0.3298245614035088 0.003987730061349694 0.05263157894736842
0 0.6084355828220859 0.4649122807017544 0.006441717791411043 0.09824561403508772
0 0.5480061349693252 0.39210526315789473 0.003987730061349694 0.06140350877192982
0 0.6852760736196319 0.631578947368421 0.005521472392638037 0.08070175438596491
0 0.7090490797546012 0.5675438596491228 0.005214723926380368 0.07894736842105263
0 0.7006134969325153 0.43333333333333335 0.004294478527607362 0.06666666666666667
0 0.5957055214723926 0.28157894736842104 0.003067484662576687 0.05087719298245614
0 0.5467791411042945 0.3482456140350877 0.0027607361963190185 0.05789473684210526
0 0.7613496932515338 0.38596491228070173 0.0036809815950920245 0.021052631578947368
0 0.6846625766871166 0.48947368421052634 0.005521472392638037 0.07719298245614035
0 0.6742331288343558 0.6157894736842106 0.0049079754601227 0.09473684210526316
0 0.6391104294478528 0.27631578947368424 0.003374233128834356 0.05087719298245614
0 0.5710122699386503 0.21140350877192982 0.003374233128834356 0.043859649122807015
0 0.4947852760736196 0.5219298245614035 0.0049079754601227 0.07192982456140351
0 0.5978527607361963 0.45614035087719296 0.0036809815950920245 0.06666666666666667
0 0.5475460122699386 0.45614035087719296 0.004294478527607362 0.06315789473684211
0 0.625920245398773 0.40087719298245617 0.003374233128834356 0.06491228070175438
0 0.4848159509202454 0.33421052631578946 0.003987730061349694 0.05789473684210526
0 0.5170245398773006 0.4087719298245614 0.004601226993865031 0.06315789473684211