0 0.28021472392638036 0.35350877192982455 0.0027607361963190185 0.06140350877192982
0 0.4420245398773006 0.6885964912280702 0.006134969325153374 0.08947368421052632
0 0.41503067484662576 0.4570175438596491 0.004294478527607362 0.06842105263157895
0 0.44217791411042945 0.24473684210526317 0.0027607361963190185 0.04736842105263158
0 0.5265337423312884 0.1763157894736842 0.003987730061349694 0.04035087719298246
0 0.4662576687116564 0.2964912280701754 0.003067484662576687 0.05263157894736842
0 0.4865030674846626 0.47719298245614034 0.005521472392638037 0.07719298245614035
0 0.5904907975460123 0.5026315789473684 0.004294478527607362 0.06491228070175438
0 0.5937116564417177 0.47192982456140353 0.004601226993865031 0.07017543859649122
0 0.5716257668711656 0.3394736842105263 0.003374233128834356 0.05789473684210526
0 0.4719325153374233 0.39035087719298245 0.003374233128834356 0.06140350877192982
0 0.5340490797546013 0.29473684210526313 0.004294478527607362 0.05964912280701754
0 0.7358895705521472 0.34649122807017546 0.0036809815950920245 0.05789473684210526
0 0.6211656441717791 0.44912280701754387 0.004294478527607362 0.06666666666666667
0 0.5941717791411043 0.5131578947368421 0.0049079754601227 0.07543859649122807
0 0.6038343558282209 0.34210526315789475 0.003374233128834356 0.056140350877192984
0 0.5808282208588957 0.2482456140350877 0.0027607361963190185 0.04736842105263158
0 0.5355828220858896 0.6026315789473684 0.005521472392638037 0.0824561403508772
0 0.555521472392638 0.443859649122807 0.004294478527607362 0.06666666666666667
0 0.49647239263803683 0.39649122807017545 0.003987730061349694 0.056140350877192984
0 0.5748466257668712 0.35964912280701755 0.0049079754601227 0.056140350877192984
0 0.5190184049079755 0.29912280701754385 0.003067484662576687 0.043859649122807015
0 0.475 0.46228070175438596 0.003987730061349694 0.06491228070175438