0 0.25996932515337423 0.33596491228070174 0.003987730061349694 0.06140350877192982
0 0.47960122699386504 0.7578947368421053 0.006441717791411043 0.09473684210526316
0 0.4139570552147239 0.41228070175438597 0.003987730061349694 0.06315789473684211
0 0.4236196319018405 0.2964912280701754 0.003067484662576687 0.05263157894736842
0 0.4484662576687117 0.2043859649122807 0.0036809815950920245 0.04736842105263158
0 0.4464723926380368 0.35526315789473684 0.003374233128834356 0.05789473684210526
0 0.4516871165644172 0.3219298245614035 0.003374233128834356 0.054385964912280704
0 0.49969325153374233 0.5070175438596491 0.004294478527607362 0.07368421052631578
0 0.5010736196319019 0.3333333333333333 0.003374233128834356 0.056140350877192984
0 0.496319018404908 0.27456140350877195 0.003067484662576687 0.05087719298245614
0 0.500920245398773 0.20614035087719298 0.00245398773006135 0.043859649122807015
0 0.4719325153374233 0.25701754385964914 0.0027607361963190185 0.04736842105263158
0 0.7473926380368098 0.3368421052631579 0.003374233128834356 0.056140350877192984
0 0.6331288343558282 0.3719298245614035 0.0036809815950920245 0.05964912280701754
0 0.6151840490797545 0.493859649122807 0.004601226993865031 0.07192982456140351
0 0.6052147239263803 0.2912280701754386 0.003067484662576687 0.05263157894736842
0 0.5924846625766871 0.2649122807017544 0.0027607361963190185 0.04912280701754386
0 0.5581288343558283 0.5342105263157895 0.004601226993865031 0.07543859649122807
0 0.5684049079754602 0.37543859649122807 0.0036809815950920245 0.05964912280701754
0 0.5411042944785276 0.38070175438596493 0.0036809815950920245 0.05964912280701754
0 0.5407975460122699 0.2982456140350877 0.003067484662576687 0.05263157894736842
0 0.5403374233128835 0.23157894736842105 0.0027607361963190185 0.0456140350877193
0 0.49831288343558283 0.4219298245614035 0.003987730061349694 0.06491228070175438