0 0.3504601226993865 0.3131578947368421 0.002147239263803681 0.05087719298245614
0 0.618558282208589 0.493859649122807 0.004601226993865031 0.07192982456140351
0 0.5483128834355828 0.33771929824561403 0.003374233128834356 0.054385964912280704
0 0.5182515337423312 0.25 0.0027607361963190185 0.04736842105263158
0 0.6095092024539878 0.16140350877192983 0.003067484662576687 0.04912280701754386
0 0.5788343558282208 0.20877192982456141 0.003067484662576687 0.03508771929824561
0 0.5927914110429447 0.23333333333333334 0.0027607361963190185 0.03859649122807018
0 0.6966257668711656 0.39473684210526316 0.004294478527607362 0.05964912280701754
0 0.6720858895705522 0.34385964912280703 0.0049079754601227 0.06666666666666667
0 0.6516871165644171 0.25087719298245614 0.003374233128834356 0.0456140350877193
0 0.5773006134969325 0.17192982456140352 0.00245398773006135 0.03859649122807018
0 0.6142638036809815 0.22982456140350876 0.003374233128834356 0.0456140350877193
0 0.7605828220858896 0.34210526315789475 0.003374233128834356 0.056140350877192984
0 0.673159509202454 0.312280701754386 0.003374233128834356 0.05263157894736842
0 0.7027607361963191 0.37719298245614036 0.004294478527607362 0.05964912280701754
0 0.6411042944785276 0.22894736842105262 0.003067484662576687 0.05087719298245614
0 0.6285276073619632 0.1912280701754386 0.0036809815950920245 0.03859649122807018
0 0.6547546012269939 0.41754385964912283 0.003987730061349694 0.06315789473684211
0 0.6553680981595092 0.31842105263157894 0.003374233128834356 0.054385964912280704
0 0.5736196319018405 0.2131578947368421 0.003067484662576687 0.04035087719298246
0 0.6065950920245399 0.23596491228070177 0.003374233128834356 0.04736842105263158
0 0.5831288343558282 0.1850877192982456 0.0036809815950920245 0.043859649122807015
0 0.5340490797546013 0.2964912280701754 0.004294478527607362 0.05263157894736842