0 0.2130368098159509 0.3868421052631579 0.003374233128834356 0.06842105263157895
0 0.2437116564417178 0.5131578947368421 0.004601226993865031 0.05789473684210526
0 0.3469325153374233 0.49736842105263157 0.0049079754601227 0.06842105263157895
0 0.27561349693251536 0.44035087719298244 0.003374233128834356 0.07017543859649122
0 0.3357361963190184 0.3368421052631579 0.003374233128834356 0.056140350877192984
0 0.4035276073619632 0.39649122807017545 0.003987730061349694 0.06315789473684211
0 0.42208588957055215 0.5614035087719298 0.0049079754601227 0.07368421052631578
0 0.4242331288343558 0.6131578947368421 0.005521472392638037 0.0824561403508772
0 0.5173312883435582 0.5245614035087719 0.004601226993865031 0.07368421052631578
0 0.49003067484662577 0.3929824561403509 0.003987730061349694 0.056140350877192984
0 0.4489263803680982 0.24385964912280703 0.0027607361963190185 0.042105263157894736
0 0.39570552147239263 0.45087719298245615 0.004294478527607362 0.07368421052631578
0 0.6866564417177914 0.34210526315789475 0.003374233128834356 0.056140350877192984
0 0.5611963190184049 0.5622807017543859 0.005214723926380368 0.07894736842105263
0 0.44677914110429445 0.7140350877192982 0.005214723926380368 0.10175438596491228
0 0.5569018404907975 0.3447368421052632 0.003374233128834356 0.05789473684210526
0 0.4986196319018405 0.24561403508771928 0.0027607361963190185 0.042105263157894736
0 0.3309815950920245 0.6894736842105263 0.006134969325153374 0.0912280701754386
0 0.46671779141104297 0.5587719298245614 0.005214723926380368 0.07894736842105263
0 0.350920245398773 0.5394736842105263 0.004294478527607362 0.06842105263157895
0 0.43144171779141105 0.4087719298245614 0.003987730061349694 0.06315789473684211
0 0.36809815950920244 0.2824561403508772 0.004294478527607362 0.056140350877192984
0 0.2303680981595092 0.5210526315789473 0.0049079754601227 0.07017543859649122