0 0.2616564417177914 0.3394736842105263 0.0036809815950920245 0.06491228070175438
0 0.40245398773006136 0.5307017543859649 0.0049079754601227 0.07543859649122807
0 0.425 0.3675438596491228 0.003374233128834356 0.054385964912280704
0 0.426840490797546 0.3140350877192982 0.003374233128834356 0.056140350877192984
0 0.4265337423312883 0.22807017543859648 0.0027607361963190185 0.0456140350877193
0 0.45015337423312884 0.39649122807017545 0.003987730061349694 0.06315789473684211
0 0.4628834355828221 0.30350877192982456 0.003067484662576687 0.0456140350877193
0 0.46503067484662575 0.5508771929824562 0.0049079754601227 0.07017543859649122
0 0.5072085889570552 0.38859649122807016 0.003987730061349694 0.06140350877192982
0 0.5139570552147239 0.30964912280701756 0.003374233128834356 0.054385964912280704
0 0.4878834355828221 0.2236842105263158 0.0027607361963190185 0.043859649122807015
0 0.4726993865030675 0.437719298245614 0.0036809815950920245 0.06842105263157895
0 0.7075153374233129 0.3219298245614035 0.003374233128834356 0.054385964912280704
0 0.595398773006135 0.46578947368421053 0.004294478527607362 0.06842105263157895
0 0.4785276073619632 0.7096491228070175 0.006134969325153374 0.09298245614035087
0 0.5717791411042945 0.2649122807017544 0.003067484662576687 0.04912280701754386
0 0.5148773006134969 0.17894736842105263 0.002147239263803681 0.028070175438596492
0 0.37515337423312883 0.6877192982456141 0.006134969325153374 0.0912280701754386
0 0.4358895705521472 0.4570175438596491 0.003067484662576687 0.06842105263157895
0 0.5081288343558282 0.24385964912280703 0.0027607361963190185 0.03859649122807018
0 0.5253067484662577 0.39035087719298245 0.003987730061349694 0.06140350877192982
0 0.4415644171779141 0.1649122807017544 0.002147239263803681 0.042105263157894736
0 0.45291411042944785 0.3307017543859649 0.003374233128834356 0.05789473684210526