0 0.33220858895705524 0.29035087719298247 0.0036809815950920245 0.06842105263157895
0 0.49555214723926383 0.4166666666666667 0.003987730061349694 0.04035087719298246
0 0.46180981595092024 0.22807017543859648 0.0027607361963190185 0.0456140350877193
0 0.4831288343558282 0.1912280701754386 0.003067484662576687 0.03859649122807018
0 0.5760736196319018 0.17719298245614035 0.003067484662576687 0.03859649122807018
0 0.5927914110429447 0.22982456140350876 0.0027607361963190185 0.0456140350877193
0 0.5337423312883436 0.20964912280701756 0.00245398773006135 0.03684210526315789
0 0.6038343558282209 0.39649122807017545 0.003987730061349694 0.06315789473684211
0 0.6065950920245399 0.2631578947368421 0.0027607361963190185 0.05964912280701754
0 0.5503067484662577 0.2710526315789474 0.003067484662576687 0.05087719298245614
0 0.5570552147239264 0.18596491228070175 0.003067484662576687 0.03859649122807018
0 0.5487730061349694 0.24736842105263157 0.003067484662576687 0.04912280701754386
0 0.7274539877300613 0.30964912280701756 0.003374233128834356 0.054385964912280704
0 0.6475460122699387 0.2719298245614035 0.0036809815950920245 0.0456140350877193
0 0.6282208588957056 0.37543859649122807 0.0036809815950920245 0.05964912280701754
0 0.6191717791411043 0.23508771929824562 0.003987730061349694 0.04912280701754386
0 0.6148773006134969 0.21578947368421053 0.003374233128834356 0.0456140350877193
0 0.5483128834355828 0.4219298245614035 0.003987730061349694 0.06491228070175438
0 0.5745398773006135 0.27982456140350875 0.003067484662576687 0.05087719298245614
0 0.536963190184049 0.2631578947368421 0.0027607361963190185 0.042105263157894736
0 0.5567484662576687 0.20701754385964913 0.003067484662576687 0.04912280701754386
0 0.49401840490797544 0.16403508771929826 0.0027607361963190185 0.04035087719298246
0 0.48726993865030677 0.22017543859649122 0.0027607361963190185 0.04736842105263158