0 0.2700920245398773 0.3736842105263158 0.004601226993865031 0.07017543859649122
0 0.4317484662576687 0.5964912280701754 0.003374233128834356 0.07368421052631578
0 0.4450920245398773 0.5017543859649123 0.004294478527607362 0.07719298245614035
0 0.4395705521472393 0.38596491228070173 0.0036809815950920245 0.0456140350877193
0 0.4395705521472393 0.4070175438596491 0.0036809815950920245 0.056140350877192984
0 0.5061349693251533 0.45087719298245615 0.0036809815950920245 0.07368421052631578
0 0.4803680981595092 0.5394736842105263 0.006748466257668712 0.05789473684210526
0 0.5664110429447853 0.5894736842105263 0.005214723926380368 0.07368421052631578
0 0.6358895705521472 0.5464912280701755 0.0049079754601227 0.06491228070175438
0 0.6105828220858895 0.41403508771929826 0.003987730061349694 0.05964912280701754
0 0.5496932515337424 0.2912280701754386 0.003067484662576687 0.03859649122807018
0 0.473159509202454 0.38859649122807016 0.0027607361963190185 0.054385964912280704
0 0.7343558282208589 0.3570175438596491 0.0036809815950920245 0.05789473684210526
0 0.6041411042944785 0.493859649122807 0.004601226993865031 0.07192982456140351
0 0.5139570552147239 0.6447368421052632 0.005828220858895706 0.0824561403508772
0 0.5924846625766871 0.3263157894736842 0.003374233128834356 0.056140350877192984
0 0.5397239263803681 0.23684210526315788 0.0027607361963190185 0.0456140350877193
0 0.4210122699386503 0.6929824561403509 0.005828220858895706 0.0912280701754386
0 0.5279141104294478 0.47017543859649125 0.004294478527607362 0.07017543859649122
0 0.5067484662576687 0.5271929824561403 0.0049079754601227 0.05789473684210526
0 0.5453987730061349 0.3850877192982456 0.0036809815950920245 0.06140350877192982
0 0.45337423312883435 0.4763157894736842 0.004294478527607362 0.06491228070175438
0 0.4633435582822086 0.41842105263157897 0.003374233128834356 0.054385964912280704