0 0.2513803680981595 0.35526315789473684 0.003987730061349694 0.05789473684210526
0 0.39631901840490796 0.5868421052631579 0.004294478527607362 0.07192982456140351
0 0.4110429447852761 0.4666666666666667 0.004294478527607362 0.06666666666666667
0 0.4058282208588957 0.41403508771929826 0.004294478527607362 0.06315789473684211
0 0.42484662576687116 0.32280701754385965 0.003067484662576687 0.05964912280701754
0 0.4771472392638037 0.3956140350877193 0.003987730061349694 0.06140350877192982
0 0.46226993865030674 0.5175438596491229 0.0049079754601227 0.07368421052631578
0 0.4503067484662577 0.6096491228070176 0.005521472392638037 0.07894736842105263
0 0.5461656441717792 0.5087719298245614 0.004601226993865031 0.07017543859649122
0 0.526840490797546 0.39824561403508774 0.003987730061349694 0.06315789473684211
0 0.4558282208588957 0.2754385964912281 0.003067484662576687 0.0456140350877193
0 0.4378834355828221 0.44649122807017544 0.002147239263803681 0.05789473684210526
0 0.7024539877300614 0.35175438596491226 0.0036809815950920245 0.05789473684210526
0 0.5647239263803681 0.5447368421052632 0.004294478527607362 0.06842105263157895
0 0.452760736196319 0.6850877192982456 0.006134969325153374 0.08947368421052632
0 0.5812883435582822 0.2929824561403509 0.003067484662576687 0.05263157894736842
0 0.47653374233128837 0.20350877192982456 0.0027607361963190185 0.0456140350877193
0 0.37607361963190183 0.7333333333333333 0.006134969325153374 0.09473684210526316
0 0.5039877300613497 0.5289473684210526 0.0049079754601227 0.07543859649122807
0 0.4653374233128834 0.5131578947368421 0.0049079754601227 0.06842105263157895
0 0.5079754601226993 0.3719298245614035 0.0036809815950920245 0.05964912280701754
0 0.43420245398773005 0.3219298245614035 0.003374233128834356 0.054385964912280704
0 0.423159509202454 0.44473684210526315 0.003987730061349694 0.06842105263157895