0 0.23957055214723927 0.3912280701754386 0.0036809815950920245 0.07368421052631578
0 0.27515337423312886 0.6324561403508772 0.005521472392638037 0.07192982456140351
0 0.2903374233128834 0.5008771929824561 0.004601226993865031 0.07894736842105263
0 0.35567484662576687 0.2596491228070175 0.0027607361963190185 0.04912280701754386
0 0.4450920245398773 0.19298245614035087 0.00245398773006135 0.042105263157894736
0 0.38282208588957056 0.3570175438596491 0.0036809815950920245 0.05789473684210526
0 0.4461656441717791 0.493859649122807 0.004601226993865031 0.06491228070175438
0 0.5547546012269938 0.5657894736842105 0.005214723926380368 0.07543859649122807
0 0.5225460122699387 0.4017543859649123 0.003987730061349694 0.06315789473684211
0 0.5104294478527608 0.34649122807017546 0.0036809815950920245 0.05789473684210526
0 0.5 0.22456140350877193 0.00245398773006135 0.0456140350877193
0 0.49371165644171777 0.2833333333333333 0.003987730061349694 0.06491228070175438
0 0.7159509202453987 0.35175438596491226 0.0036809815950920245 0.05789473684210526
0 0.5717791411042945 0.43859649122807015 0.004294478527607362 0.06666666666666667
0 0.5659509202453987 0.5622807017543859 0.0049079754601227 0.07894736842105263
0 0.5435582822085889 0.3482456140350877 0.0036809815950920245 0.05789473684210526
0 0.5340490797546013 0.27017543859649124 0.003067484662576687 0.04912280701754386
0 0.41687116564417176 0.6131578947368421 0.005521472392638037 0.0824561403508772
0 0.5119631901840491 0.46228070175438596 0.004294478527607362 0.06842105263157895
0 0.42208588957055215 0.46403508771929824 0.004294478527607362 0.06842105263157895
0 0.48282208588957054 0.3482456140350877 0.0036809815950920245 0.05789473684210526
0 0.4032208588957055 0.26052631578947366 0.003374233128834356 0.05087719298245614
0 0.297239263803681 0.5114035087719299 0.0049079754601227 0.07543859649122807