0 0.26579754601226996 0.3429824561403509 0.003374233128834356 0.07192982456140351
0 0.3924846625766871 0.6526315789473685 0.005828220858895706 0.08421052631578947
0 0.37883435582822084 0.4631578947368421 0.004294478527607362 0.05964912280701754
0 0.40659509202453986 0.23771929824561402 0.0027607361963190185 0.04736842105263158
0 0.5159509202453988 0.17017543859649123 0.0036809815950920245 0.04912280701754386
0 0.43374233128834355 0.2929824561403509 0.003067484662576687 0.0456140350877193
0 0.4582822085889571 0.44649122807017544 0.004294478527607362 0.06491228070175438
0 0.5961656441717792 0.5771929824561404 0.005214723926380368 0.08070175438596491
0 0.5604294478527607 0.3684210526315789 0.0036809815950920245 0.05964912280701754
0 0.5403374233128835 0.3219298245614035 0.003374233128834356 0.054385964912280704
0 0.4633435582822086 0.3026315789473684 0.003987730061349694 0.05087719298245614
0 0.522239263803681 0.2649122807017544 0.003987730061349694 0.06315789473684211
0 0.714877300613497 0.3280701754385965 0.003374233128834356 0.056140350877192984
0 0.59079754601227 0.3798245614035088 0.0036809815950920245 0.06140350877192982
0 0.6006134969325153 0.5219298245614035 0.0049079754601227 0.07192982456140351
0 0.573159509202454 0.3201754385964912 0.003374233128834356 0.054385964912280704
0 0.5507668711656442 0.22719298245614036 0.0027607361963190185 0.04035087719298246
0 0.5012269938650307 0.5403508771929825 0.0049079754601227 0.07017543859649122
0 0.5345092024539877 0.39210526315789473 0.003987730061349694 0.06140350877192982
0 0.4728527607361963 0.3385964912280702 0.003374233128834356 0.05263157894736842
0 0.5243865030674847 0.30350877192982456 0.004601226993865031 0.04912280701754386
0 0.48067484662576687 0.2692982456140351 0.003067484662576687 0.04736842105263158
0 0.4294478527607362 0.46578947368421053 0.005521472392638037 0.07543859649122807