0 0.3191717791411043 0.34210526315789475 0.003374233128834356 0.05263157894736842
0 0.8392638036809816 0.6833333333333333 0.0049079754601227 0.06842105263157895
0 0.49616564417177916 0.4236842105263158 0.003987730061349694 0.06491228070175438
0 0.49892638036809817 0.2631578947368421 0.0027607361963190185 0.04912280701754386
0 0.5501533742331288 0.1912280701754386 0.0027607361963190185 0.03859649122807018
0 0.5319018404907976 0.3956140350877193 0.0036809815950920245 0.05087719298245614
0 0.6199386503067484 0.2807017543859649 0.003067484662576687 0.042105263157894736
0 0.6105828220858895 0.5657894736842105 0.005214723926380368 0.07192982456140351
0 0.7049079754601227 0.3570175438596491 0.0036809815950920245 0.05789473684210526
0 0.6019938650306749 0.3605263157894737 0.003987730061349694 0.04736842105263158
0 0.6535276073619631 0.23596491228070177 0.003374233128834356 0.04035087719298246
0 0.5932515337423313 0.2850877192982456 0.0049079754601227 0.054385964912280704
0 0.7837423312883436 0.3543859649122807 0.0036809815950920245 0.05263157894736842
0 0.7236196319018405 0.393859649122807 0.004294478527607362 0.06491228070175438
0 0.6532208588957055 0.5052631578947369 0.004601226993865031 0.07017543859649122
0 0.698159509202454 0.3307017543859649 0.0036809815950920245 0.06140350877192982
0 0.6544478527607362 0.26666666666666666 0.004601226993865031 0.042105263157894736
0 0.7803680981595092 0.5666666666666667 0.0049079754601227 0.07368421052631578
0 0.6059815950920245 0.39210526315789473 0.0027607361963190185 0.06140350877192982
0 0.5966257668711656 0.2956140350877193 0.003067484662576687 0.04736842105263158
0 0.6455521472392638 0.33771929824561403 0.003374233128834356 0.054385964912280704
0 0.5773006134969325 0.18947368421052632 0.003067484662576687 0.042105263157894736
0 0.5113496932515338 0.3219298245614035 0.0036809815950920245 0.06140350877192982