0 0.2733128834355828 0.36666666666666664 0.0036809815950920245 0.05263157894736842
0 0.4849693251533742 0.7175438596491228 0.006134969325153374 0.07368421052631578
0 0.4523006134969325 0.5017543859649123 0.003374233128834356 0.07368421052631578
0 0.47638036809815953 0.36666666666666664 0.0036809815950920245 0.05964912280701754
0 0.4915644171779141 0.23684210526315788 0.0027607361963190185 0.03859649122807018
0 0.6125766871165644 0.5578947368421052 0.0049079754601227 0.05964912280701754
0 0.535122699386503 0.39035087719298245 0.003987730061349694 0.06140350877192982
0 0.6596625766871166 0.762280701754386 0.006441717791411043 0.07543859649122807
0 0.7030674846625767 0.5236842105263158 0.0049079754601227 0.06491228070175438
0 0.6297546012269939 0.3675438596491228 0.0036809815950920245 0.04736842105263158
0 0.568558282208589 0.2535087719298246 0.0027607361963190185 0.04736842105263158
0 0.536042944785276 0.4631578947368421 0.004601226993865031 0.07017543859649122
0 0.758282208588957 0.3719298245614035 0.0036809815950920245 0.05964912280701754
0 0.7746932515337424 0.5877192982456141 0.005214723926380368 0.08070175438596491
0 0.6745398773006135 0.7903508771929825 0.006748466257668712 0.08596491228070176
0 0.6734662576687117 0.2517543859649123 0.0027607361963190185 0.04736842105263158
0 0.5642638036809816 0.1850877192982456 0.0027607361963190185 0.04035087719298246
0 0.4869631901840491 0.7701754385964912 0.006441717791411043 0.08421052631578947
0 0.6391104294478528 0.5728070175438597 0.005214723926380368 0.07894736842105263
0 0.5144171779141105 0.356140350877193 0.0036809815950920245 0.056140350877192984
0 0.6180981595092024 0.3868421052631579 0.0036809815950920245 0.06140350877192982
0 0.49003067484662577 0.19298245614035087 0.0027607361963190185 0.0456140350877193
0 0.4569018404907976 0.4964912280701754 0.004601226993865031 0.06315789473684211