0 0.3214723926380368 0.3192982456140351 0.003067484662576687 0.056140350877192984
0 0.5529141104294478 0.5973684210526315 0.005214723926380368 0.0824561403508772
0 0.507361963190184 0.37543859649122807 0.0036809815950920245 0.05964912280701754
0 0.5035276073619632 0.2517543859649123 0.0027607361963190185 0.04736842105263158
0 0.6328220858895706 0.17894736842105263 0.0036809815950920245 0.03859649122807018
0 0.537883435582822 0.2236842105263158 0.0027607361963190185 0.043859649122807015
0 0.554601226993865 0.30701754385964913 0.003067484662576687 0.03859649122807018
0 0.7053680981595092 0.4394736842105263 0.004601226993865031 0.06842105263157895
0 0.6219325153374233 0.2394736842105263 0.0027607361963190185 0.03333333333333333
0 0.6572085889570553 0.3105263157894737 0.003987730061349694 0.05964912280701754
0 0.5986196319018405 0.19736842105263158 0.003374233128834356 0.04035087719298246
0 0.592638036809816 0.2324561403508772 0.0036809815950920245 0.04736842105263158
0 0.769478527607362 0.3280701754385965 0.003374233128834356 0.056140350877192984
0 0.6815950920245398 0.3131578947368421 0.0036809815950920245 0.05087719298245614
0 0.7 0.3973684210526316 0.0049079754601227 0.06491228070175438
0 0.6461656441717791 0.23508771929824562 0.003374233128834356 0.04912280701754386
0 0.6320552147239263 0.21578947368421053 0.003374233128834356 0.03508771929824561
0 0.6434049079754601 0.5210526315789473 0.004601226993865031 0.07368421052631578
0 0.6421779141104295 0.3087719298245614 0.003374233128834356 0.04912280701754386
0 0.570398773006135 0.2631578947368421 0.0027607361963190185 0.04912280701754386
0 0.619478527607362 0.2578947368421053 0.003374233128834356 0.0456140350877193
0 0.6029141104294479 0.20877192982456141 0.0027607361963190185 0.0456140350877193
0 0.5357361963190184 0.35175438596491226 0.003987730061349694 0.05789473684210526