0 0.2907975460122699 0.3298245614035088 0.006134969325153374 0.06666666666666667
0 0.48588957055214727 0.5491228070175439 0.0049079754601227 0.07719298245614035
0 0.47929447852760737 0.4114035087719298 0.003987730061349694 0.06140350877192982
0 0.48849693251533743 0.306140350877193 0.003374233128834356 0.054385964912280704
0 0.4812883435582822 0.21578947368421053 0.00245398773006135 0.03859649122807018
0 0.5331288343558283 0.35350877192982455 0.0036809815950920245 0.05789473684210526
0 0.5570552147239264 0.27807017543859647 0.003067484662576687 0.043859649122807015
0 0.6346625766871166 0.5166666666666667 0.0049079754601227 0.07192982456140351
0 0.6113496932515338 0.31491228070175437 0.0036809815950920245 0.05087719298245614
0 0.6458588957055215 0.31491228070175437 0.003374233128834356 0.054385964912280704
0 0.5915644171779141 0.23859649122807017 0.0027607361963190185 0.03508771929824561
0 0.5441717791411043 0.3719298245614035 0.0036809815950920245 0.05964912280701754
0 0.7510736196319019 0.3236842105263158 0.003374233128834356 0.054385964912280704
0 0.6992331288343558 0.4666666666666667 0.004601226993865031 0.07719298245614035
0 0.675920245398773 0.5692982456140351 0.005214723926380368 0.07894736842105263
0 0.6441717791411042 0.2807017543859649 0.0036809815950920245 0.0456140350877193
0 0.601840490797546 0.18596491228070175 0.00245398773006135 0.03508771929824561
0 0.49831288343558283 0.5728070175438597 0.005214723926380368 0.07894736842105263
0 0.6026073619631902 0.40350877192982454 0.003987730061349694 0.06315789473684211
0 0.5315950920245399 0.26842105263157895 0.003067484662576687 0.04912280701754386
0 0.6372699386503068 0.3447368421052632 0.003374233128834356 0.05789473684210526
0 0.48941717791411044 0.19035087719298247 0.0027607361963190185 0.04736842105263158
0 0.47791411042944787 0.43508771929824563 0.004294478527607362 0.06666666666666667