0 0.3067484662576687 0.3175438596491228 0.003067484662576687 0.04912280701754386
0 0.6171779141104294 0.6578947368421053 0.005521472392638037 0.08070175438596491
0 0.46809815950920247 0.37719298245614036 0.0036809815950920245 0.04912280701754386
0 0.4737730061349693 0.22631578947368422 0.0027607361963190185 0.0456140350877193
0 0.5263803680981595 0.18070175438596492 0.003067484662576687 0.042105263157894736
0 0.5162576687116565 0.3719298245614035 0.0036809815950920245 0.05964912280701754
0 0.5636503067484663 0.23684210526315788 0.0027607361963190185 0.03859649122807018
0 0.5662576687116564 0.4535087719298246 0.004294478527607362 0.06491228070175438
0 0.6188650306748467 0.3263157894736842 0.003987730061349694 0.05263157894736842
0 0.5139570552147239 0.3447368421052632 0.003374233128834356 0.05789473684210526
0 0.5923312883435583 0.19473684210526315 0.00245398773006135 0.031578947368421054
0 0.5395705521472393 0.24912280701754386 0.003067484662576687 0.04912280701754386
0 0.7627300613496932 0.3447368421052632 0.003374233128834356 0.05789473684210526
0 0.6368098159509202 0.36666666666666664 0.0036809815950920245 0.05964912280701754
0 0.5895705521472393 0.44473684210526315 0.004294478527607362 0.06491228070175438
0 0.6170245398773007 0.2956140350877193 0.004601226993865031 0.054385964912280704
0 0.6021472392638036 0.22631578947368422 0.004294478527607362 0.03859649122807018
0 0.6035276073619632 0.5333333333333333 0.005214723926380368 0.08070175438596491
0 0.5354294478527607 0.34912280701754383 0.003374233128834356 0.042105263157894736
0 0.5338957055214724 0.2631578947368421 0.003374233128834356 0.04912280701754386
0 0.575 0.306140350877193 0.0027607361963190185 0.043859649122807015
0 0.5455521472392638 0.18421052631578946 0.0027607361963190185 0.03859649122807018
0 0.49217791411042944 0.28157894736842104 0.003374233128834356 0.043859649122807015