0 0.36993865030674844 0.3201754385964912 0.003067484662576687 0.06491228070175438
0 0.6269938650306749 0.45789473684210524 0.004294478527607362 0.05964912280701754
0 0.5262269938650307 0.3280701754385965 0.003374233128834356 0.056140350877192984
0 0.5200920245398774 0.25 0.003374233128834356 0.043859649122807015
0 0.6736196319018405 0.21842105263157896 0.00245398773006135 0.043859649122807015
0 0.7104294478527607 0.26228070175438595 0.005521472392638037 0.02631578947368421
0 0.5927914110429447 0.24912280701754386 0.0027607361963190185 0.042105263157894736
0 0.7237730061349693 0.35350877192982455 0.0027607361963190185 0.05789473684210526
0 0.7046012269938651 0.28596491228070176 0.004294478527607362 0.056140350877192984
0 0.6457055214723927 0.2833333333333333 0.003067484662576687 0.05087719298245614
0 0.6021472392638036 0.19649122807017544 0.00245398773006135 0.03859649122807018
0 0.6702453987730062 0.24473684210526317 0.003067484662576687 0.04035087719298246
0 0.7420245398773007 0.2719298245614035 0.003067484662576687 0.04912280701754386
0 0.7223926380368099 0.21842105263157896 0.0049079754601227 0.06140350877192982
0 0.7493865030674847 0.3570175438596491 0.0049079754601227 0.05789473684210526
0 0.7038343558282208 0.2578947368421053 0.003374233128834356 0.05263157894736842
0 0.6921779141104294 0.24035087719298245 0.0027607361963190185 0.0456140350877193
0 0.6943251533742332 0.48771929824561405 0.004601226993865031 0.07017543859649122
0 0.6636503067484663 0.3078947368421053 0.003374233128834356 0.054385964912280704
0 0.6354294478527608 0.2649122807017544 0.003374233128834356 0.04912280701754386
0 0.6348159509202455 0.22807017543859648 0.0027607361963190185 0.0456140350877193
0 0.5995398773006135 0.17280701754385966 0.003374233128834356 0.04035087719298246
0 0.5243865030674847 0.2833333333333333 0.003987730061349694 0.054385964912280704