0 0.2670245398773006 0.3385964912280702 0.003374233128834356 0.06315789473684211
0 0.4512269938650307 0.4543859649122807 0.004294478527607362 0.05964912280701754
0 0.4644171779141104 0.362280701754386 0.0036809815950920245 0.054385964912280704
0 0.4717791411042945 0.3 0.003067484662576687 0.04912280701754386
0 0.4733128834355828 0.21754385964912282 0.003067484662576687 0.0456140350877193
0 0.49923312883435583 0.387719298245614 0.003374233128834356 0.05964912280701754
0 0.5067484662576687 0.2789473684210526 0.003067484662576687 0.0456140350877193
0 0.5151840490797546 0.5078947368421053 0.004601226993865031 0.07192982456140351
0 0.618558282208589 0.3368421052631579 0.003374233128834356 0.056140350877192984
0 0.5851226993865031 0.2692982456140351 0.003374233128834356 0.05087719298245614
0 0.5288343558282208 0.20877192982456141 0.00245398773006135 0.03859649122807018
0 0.4915644171779141 0.4192982456140351 0.003374233128834356 0.07719298245614035
0 0.712116564417178 0.31491228070175437 0.003374233128834356 0.054385964912280704
0 0.6214723926380368 0.3570175438596491 0.0036809815950920245 0.05789473684210526
0 0.5638036809815951 0.6964912280701754 0.006134969325153374 0.0912280701754386
0 0.6096625766871165 0.2394736842105263 0.0027607361963190185 0.04736842105263158
0 0.5207055214723927 0.16403508771929826 0.0027607361963190185 0.04035087719298246
0 0.4340490797546012 0.531578947368421 0.0049079754601227 0.06666666666666667
0 0.504601226993865 0.4605263157894737 0.004294478527607362 0.06842105263157895
0 0.496319018404908 0.2692982456140351 0.003067484662576687 0.05087719298245614
0 0.49049079754601227 0.3350877192982456 0.004294478527607362 0.05964912280701754
0 0.4677914110429448 0.19035087719298247 0.003067484662576687 0.043859649122807015
0 0.44969325153374234 0.32719298245614037 0.004294478527607362 0.06140350877192982