0 0.2950920245398773 0.31666666666666665 0.003067484662576687 0.05789473684210526
0 0.49524539877300616 0.656140350877193 0.005828220858895706 0.08421052631578947
0 0.4464723926380368 0.4219298245614035 0.003987730061349694 0.06491228070175438
0 0.46932515337423314 0.21929824561403508 0.00245398773006135 0.0456140350877193
0 0.5243865030674847 0.17105263157894737 0.003374233128834356 0.043859649122807015
0 0.49984662576687117 0.25 0.0027607361963190185 0.04736842105263158
0 0.5210122699386504 0.42719298245614035 0.003987730061349694 0.06491228070175438
0 0.6377300613496932 0.5350877192982456 0.0049079754601227 0.07017543859649122
0 0.6125766871165644 0.3736842105263158 0.0036809815950920245 0.05263157894736842
0 0.5949386503067484 0.3026315789473684 0.003374233128834356 0.06140350877192982
0 0.5510736196319018 0.2789473684210526 0.003374233128834356 0.04912280701754386
0 0.5397239263803681 0.25526315789473686 0.003374233128834356 0.05087719298245614
0 0.7455521472392638 0.32280701754385965 0.003374233128834356 0.0456140350877193
0 0.6395705521472392 0.3701754385964912 0.0036809815950920245 0.05964912280701754
0 0.6397239263803681 0.4649122807017544 0.004601226993865031 0.07368421052631578
0 0.6271472392638037 0.2885964912280702 0.003987730061349694 0.05789473684210526
0 0.5641104294478527 0.1956140350877193 0.00245398773006135 0.04035087719298246
0 0.569478527607362 0.5359649122807018 0.004601226993865031 0.07543859649122807
0 0.5852760736196319 0.3605263157894737 0.0036809815950920245 0.05789473684210526
0 0.5429447852760736 0.28596491228070176 0.003067484662576687 0.04912280701754386
0 0.5884969325153374 0.2675438596491228 0.003987730061349694 0.05789473684210526
0 0.5248466257668711 0.2236842105263158 0.004294478527607362 0.054385964912280704
0 0.49171779141104294 0.40964912280701754 0.004294478527607362 0.06842105263157895