0 0.21779141104294478 0.39473684210526316 0.0036809815950920245 0.06315789473684211
0 0.25260736196319017 0.7701754385964912 0.005214723926380368 0.09824561403508772
0 0.23773006134969324 0.6228070175438597 0.005521472392638037 0.08421052631578947
0 0.3355828220858896 0.4605263157894737 0.004294478527607362 0.06842105263157895
0 0.36349693251533743 0.3605263157894737 0.0036809815950920245 0.05789473684210526
0 0.3053680981595092 0.6456140350877193 0.005828220858895706 0.08421052631578947
0 0.3745398773006135 0.55 0.0049079754601227 0.07192982456140351
0 0.4111963190184049 0.6605263157894737 0.005828220858895706 0.08947368421052632
0 0.47024539877300614 0.7017543859649122 0.006134969325153374 0.08771929824561403
0 0.47776073619631904 0.42719298245614035 0.003987730061349694 0.06491228070175438
0 0.49708588957055216 0.34210526315789475 0.003374233128834356 0.056140350877192984
0 0.4288343558282209 0.48771929824561405 0.004294478527607362 0.07719298245614035
0 0.7055214723926381 0.3798245614035088 0.0036809815950920245 0.06140350877192982
0 0.5065950920245399 0.6745614035087719 0.005828220858895706 0.08947368421052632
0 0.45475460122699385 0.6964912280701754 0.005828220858895706 0.0912280701754386
0 0.5276073619631901 0.47719298245614034 0.004294478527607362 0.07017543859649122
0 0.5042944785276073 0.3429824561403509 0.003067484662576687 0.054385964912280704
0 0.3904907975460123 0.7131578947368421 0.006134969325153374 0.09298245614035087
0 0.3226993865030675 0.6552631578947369 0.0049079754601227 0.08596491228070176
0 0.3553680981595092 0.4789473684210526 0.004601226993865031 0.06666666666666667
0 0.39923312883435585 0.5622807017543859 0.005214723926380368 0.07192982456140351
0 0.376840490797546 0.37456140350877193 0.003374233128834356 0.06140350877192982
0 0.26042944785276073 0.6114035087719298 0.007361963190184049 0.08596491228070176