0 0.2556748466257669 0.34649122807017546 0.0027607361963190185 0.05087719298245614
0 0.3895705521472393 0.5473684210526316 0.0049079754601227 0.06666666666666667
0 0.4174846625766871 0.3912280701754386 0.0036809815950920245 0.05964912280701754
0 0.41840490797546015 0.33157894736842103 0.0036809815950920245 0.05964912280701754
0 0.4335889570552147 0.2394736842105263 0.0027607361963190185 0.04035087719298246
0 0.4539877300613497 0.4324561403508772 0.004294478527607362 0.06491228070175438
0 0.46273006134969324 0.29385964912280704 0.003374233128834356 0.04736842105263158
0 0.46809815950920247 0.5877192982456141 0.0049079754601227 0.08070175438596491
0 0.49141104294478527 0.45789473684210524 0.004294478527607362 0.06315789473684211
0 0.5145705521472392 0.33157894736842103 0.003374233128834356 0.04912280701754386
0 0.49800613496932516 0.2394736842105263 0.0027607361963190185 0.043859649122807015
0 0.46748466257668714 0.46403508771929824 0.0036809815950920245 0.06842105263157895
0 0.7118098159509203 0.3333333333333333 0.003374233128834356 0.056140350877192984
0 0.5943251533742331 0.47719298245614034 0.004601226993865031 0.07017543859649122
0 0.48803680981595093 0.724561403508772 0.006134969325153374 0.09473684210526316
0 0.5892638036809816 0.29473684210526313 0.003067484662576687 0.05263157894736842
0 0.5233128834355828 0.18333333333333332 0.00245398773006135 0.03684210526315789
0 0.3754601226993865 0.7166666666666667 0.006134969325153374 0.09298245614035087
0 0.4610429447852761 0.4456140350877193 0.0036809815950920245 0.07017543859649122
0 0.4834355828220859 0.2692982456140351 0.004294478527607362 0.043859649122807015
0 0.5282208588957055 0.4412280701754386 0.005521472392638037 0.06842105263157895
0 0.44585889570552145 0.1780701754385965 0.002147239263803681 0.04035087719298246
0 0.4343558282208589 0.3587719298245614 0.0036809815950920245 0.05789473684210526