0 0.31349693251533745 0.29912280701754385 0.00245398773006135 0.054385964912280704
0 0.496319018404908 0.4166666666666667 0.003067484662576687 0.054385964912280704
0 0.4610429447852761 0.2833333333333333 0.003067484662576687 0.05087719298245614
0 0.4611963190184049 0.17543859649122806 0.0027607361963190185 0.042105263157894736
0 0.5187116564417178 0.15526315789473685 0.0018404907975460123 0.04035087719298246
0 0.5407975460122699 0.2833333333333333 0.003067484662576687 0.05087719298245614
0 0.5065950920245399 0.16842105263157894 0.003374233128834356 0.0456140350877193
0 0.6042944785276073 0.37280701754385964 0.0036809815950920245 0.05789473684210526
0 0.574079754601227 0.24736842105263157 0.0027607361963190185 0.0456140350877193
0 0.5093558282208589 0.256140350877193 0.0027607361963190185 0.04912280701754386
0 0.556441717791411 0.16140350877192983 0.003067484662576687 0.03508771929824561
0 0.5389570552147239 0.24298245614035088 0.003067484662576687 0.054385964912280704
0 0.727760736196319 0.3078947368421053 0.003374233128834356 0.054385964912280704
0 0.601840490797546 0.2710526315789474 0.003067484662576687 0.05087719298245614
0 0.6228527607361963 0.3298245614035088 0.003374233128834356 0.056140350877192984
0 0.5975460122699386 0.22543859649122808 0.003067484662576687 0.05087719298245614
0 0.5679447852760736 0.16842105263157894 0.0027607361963190185 0.042105263157894736
0 0.5340490797546013 0.36666666666666664 0.0036809815950920245 0.05964912280701754
0 0.560122699386503 0.26666666666666666 0.003067484662576687 0.04912280701754386
0 0.5110429447852761 0.17982456140350878 0.0036809815950920245 0.03333333333333333
0 0.570398773006135 0.2131578947368421 0.003987730061349694 0.04736842105263158
0 0.527760736196319 0.16403508771929826 0.003374233128834356 0.043859649122807015
0 0.48098159509202454 0.20789473684210527 0.003067484662576687 0.05087719298245614