0 0.3023006134969325 0.38596491228070173 0.003987730061349694 0.06666666666666667
0 0.5693251533742332 0.7105263157894737 0.006134969325153374 0.0912280701754386
0 0.49739263803680983 0.5929824561403508 0.005214723926380368 0.08070175438596491
0 0.4950920245398773 0.4307017543859649 0.004294478527607362 0.06491228070175438
0 0.5111963190184049 0.2596491228070175 0.0027607361963190185 0.042105263157894736
0 0.592638036809816 0.5622807017543859 0.004294478527607362 0.07894736842105263
0 0.5950920245398773 0.4692982456140351 0.004294478527607362 0.06491228070175438
0 0.7670245398773006 0.5868421052631579 0.005214723926380368 0.05087719298245614
0 0.6923312883435583 0.5710526315789474 0.005521472392638037 0.08596491228070176
0 0.7058282208588957 0.5605263157894737 0.0049079754601227 0.07543859649122807
0 0.6187116564417178 0.312280701754386 0.003067484662576687 0.04912280701754386
0 0.5915644171779141 0.4298245614035088 0.003987730061349694 0.06315789473684211
0 0.7720858895705521 0.3570175438596491 0.0036809815950920245 0.05789473684210526
0 0.8226993865030675 0.6359649122807017 0.005521472392638037 0.07543859649122807
0 0.7753067484662577 0.7394736842105263 0.006441717791411043 0.09649122807017543
0 0.7173312883435583 0.4070175438596491 0.003987730061349694 0.06315789473684211
0 0.6475460122699387 0.26842105263157895 0.003067484662576687 0.04912280701754386
0 0.5878834355828221 0.7517543859649123 0.006441717791411043 0.09649122807017543
0 0.6989263803680982 0.5517543859649123 0.004601226993865031 0.06842105263157895
0 0.5651840490797546 0.4982456140350877 0.004601226993865031 0.07017543859649122
0 0.6861963190184049 0.4745614035087719 0.004294478527607362 0.05789473684210526
0 0.535122699386503 0.23684210526315788 0.004601226993865031 0.04912280701754386
0 0.5098159509202455 0.5973684210526315 0.005521472392638037 0.0824561403508772