0 0.25858895705521473 0.3456140350877193 0.0049079754601227 0.05964912280701754
0 0.46180981595092024 0.7508771929824561 0.006441717791411043 0.08421052631578947
0 0.4219325153374233 0.525438596491228 0.004601226993865031 0.07543859649122807
0 0.42914110429447855 0.3 0.003067484662576687 0.05263157894736842
0 0.48006134969325154 0.19035087719298247 0.00245398773006135 0.03684210526315789
0 0.45674846625766874 0.42719298245614035 0.0036809815950920245 0.05087719298245614
0 0.49739263803680983 0.2833333333333333 0.0027607361963190185 0.04035087719298246
0 0.5651840490797546 0.5666666666666667 0.005214723926380368 0.06315789473684211
0 0.605521472392638 0.5236842105263158 0.0049079754601227 0.06491228070175438
0 0.5808282208588957 0.3482456140350877 0.003374233128834356 0.05087719298245614
0 0.5593558282208589 0.21140350877192982 0.003374233128834356 0.04736842105263158
0 0.5263803680981595 0.3043859649122807 0.003067484662576687 0.04035087719298246
0 0.7358895705521472 0.35350877192982455 0.0036809815950920245 0.054385964912280704
0 0.6154907975460123 0.4842105263157895 0.004601226993865031 0.07017543859649122
0 0.5710122699386503 0.5622807017543859 0.003987730061349694 0.05789473684210526
0 0.5996932515337423 0.3605263157894737 0.0036809815950920245 0.05789473684210526
0 0.5791411042944785 0.2657894736842105 0.003067484662576687 0.04736842105263158
0 0.5124233128834356 0.5912280701754385 0.005214723926380368 0.056140350877192984
0 0.5457055214723926 0.47192982456140353 0.004294478527607362 0.07017543859649122
0 0.47699386503067487 0.38421052631578945 0.0036809815950920245 0.05263157894736842
0 0.5515337423312884 0.3605263157894737 0.0036809815950920245 0.05789473684210526
0 0.5173312883435582 0.2412280701754386 0.003374233128834356 0.04736842105263158
0 0.43742331288343556 0.47719298245614034 0.004294478527607362 0.07017543859649122