0 0.23006134969325154 0.38859649122807016 0.004294478527607362 0.06842105263157895
0 0.28773006134969326 0.7464912280701754 0.006134969325153374 0.09298245614035087
0 0.2892638036809816 0.6078947368421053 0.0049079754601227 0.07894736842105263
0 0.3595092024539877 0.46228070175438596 0.004294478527607362 0.06842105263157895
0 0.38420245398773006 0.36666666666666664 0.003374233128834356 0.04912280701754386
0 0.3441717791411043 0.624561403508772 0.004294478527607362 0.08070175438596491
0 0.39432515337423313 0.5692982456140351 0.005214723926380368 0.07543859649122807
0 0.36119631901840493 0.7052631578947368 0.005214723926380368 0.0912280701754386
0 0.4208588957055215 0.7385964912280701 0.004294478527607362 0.0912280701754386
0 0.47438650306748464 0.42280701754385963 0.003987730061349694 0.056140350877192984
0 0.49371165644171777 0.35526315789473684 0.003374233128834356 0.054385964912280704
0 0.4386503067484663 0.4570175438596491 0.004294478527607362 0.07192982456140351
0 0.7021472392638037 0.38333333333333336 0.0036809815950920245 0.06140350877192982
0 0.5322085889570553 0.6263157894736842 0.005521472392638037 0.08421052631578947
0 0.42622699386503066 0.7254385964912281 0.004601226993865031 0.09298245614035087
0 0.5256134969325154 0.4921052631578947 0.004601226993865031 0.07192982456140351
0 0.5075153374233129 0.3631578947368421 0.003987730061349694 0.06666666666666667
0 0.38052147239263806 0.7315789473684211 0.006441717791411043 0.08771929824561403
0 0.36303680981595093 0.6368421052631579 0.004601226993865031 0.08421052631578947
0 0.3806748466257669 0.4868421052631579 0.004294478527607362 0.06842105263157895
0 0.4260736196319018 0.6271929824561403 0.005521472392638037 0.0824561403508772
0 0.40843558282208586 0.39824561403508774 0.003987730061349694 0.06315789473684211
0 0.2937116564417178 0.6192982456140351 0.005214723926380368 0.07719298245614035