0 0.24171779141104294 0.36929824561403507 0.00245398773006135 0.054385964912280704
0 0.348159509202454 0.5289473684210526 0.0049079754601227 0.07543859649122807
0 0.374079754601227 0.48596491228070177 0.004601226993865031 0.07017543859649122
0 0.3323619631901841 0.4807017543859649 0.004601226993865031 0.07017543859649122
0 0.38358895705521473 0.3043859649122807 0.003987730061349694 0.05789473684210526
0 0.4541411042944785 0.3973684210526316 0.003987730061349694 0.054385964912280704
0 0.4312883435582822 0.5096491228070176 0.004294478527607362 0.07192982456140351
0 0.453680981595092 0.6070175438596491 0.005521472392638037 0.07719298245614035
0 0.4605828220858896 0.5140350877192983 0.004601226993865031 0.07368421052631578
0 0.5226993865030675 0.3701754385964912 0.0036809815950920245 0.05964912280701754
0 0.44033742331288345 0.2307017543859649 0.0027607361963190185 0.043859649122807015
0 0.4081288343558282 0.5429824561403509 0.004601226993865031 0.09298245614035087
0 0.7174846625766871 0.3482456140350877 0.0036809815950920245 0.05789473684210526
0 0.5101226993865031 0.5140350877192983 0.0049079754601227 0.07368421052631578
0 0.4191717791411043 0.7394736842105263 0.005214723926380368 0.10350877192982456
0 0.6019938650306749 0.3157894736842105 0.003374233128834356 0.04912280701754386
0 0.475920245398773 0.17982456140350878 0.002147239263803681 0.03333333333333333
0 0.33174846625766874 0.6754385964912281 0.005828220858895706 0.08070175438596491
0 0.48711656441717793 0.6359649122807017 0.005521472392638037 0.08596491228070176
0 0.4116564417177914 0.44035087719298244 0.004294478527607362 0.04912280701754386
0 0.49371165644171777 0.42894736842105263 0.003987730061349694 0.06491228070175438
0 0.4058282208588957 0.26403508771929823 0.003067484662576687 0.05087719298245614
0 0.3441717791411043 0.4885964912280702 0.0049079754601227 0.06491228070175438