0 0.2665644171779141 0.3429824561403509 0.003067484662576687 0.054385964912280704
0 0.405521472392638 0.5324561403508772 0.0036809815950920245 0.07543859649122807
0 0.41978527607361965 0.4070175438596491 0.003987730061349694 0.06315789473684211
0 0.4354294478527607 0.3157894736842105 0.003374233128834356 0.05964912280701754
0 0.43803680981595094 0.22280701754385965 0.00245398773006135 0.031578947368421054
0 0.4569018404907976 0.42719298245614035 0.003987730061349694 0.06491228070175438
0 0.4737730061349693 0.2929824561403509 0.004601226993865031 0.06315789473684211
0 0.46549079754601225 0.5771929824561404 0.004601226993865031 0.07368421052631578
0 0.48052147239263804 0.4903508771929825 0.004601226993865031 0.07192982456140351
0 0.5228527607361964 0.3236842105263158 0.003374233128834356 0.054385964912280704
0 0.5121165644171779 0.24385964912280703 0.0027607361963190185 0.0456140350877193
0 0.48190184049079754 0.43333333333333335 0.0036809815950920245 0.06666666666666667
0 0.7102760736196319 0.3298245614035088 0.003374233128834356 0.056140350877192984
0 0.6096625766871165 0.4885964912280702 0.004601226993865031 0.07192982456140351
0 0.5038343558282209 0.706140350877193 0.005828220858895706 0.09298245614035087
0 0.5915644171779141 0.3219298245614035 0.003374233128834356 0.054385964912280704
0 0.5380368098159509 0.19649122807017544 0.00245398773006135 0.042105263157894736
0 0.39401840490797546 0.6745614035087719 0.005828220858895706 0.08947368421052632
0 0.46978527607361964 0.437719298245614 0.003374233128834356 0.06491228070175438
0 0.48420245398773004 0.2535087719298246 0.0027607361963190185 0.03684210526315789
0 0.5504601226993865 0.4236842105263158 0.003987730061349694 0.06140350877192982
0 0.4558282208588957 0.1850877192982456 0.00245398773006135 0.03333333333333333
0 0.4167177914110429 0.3973684210526316 0.004601226993865031 0.06842105263157895