0 0.2464723926380368 0.35526315789473684 0.003374233128834356 0.06140350877192982
0 0.37760736196319017 0.6228070175438597 0.005521472392638037 0.08070175438596491
0 0.421319018404908 0.5008771929824561 0.004601226993865031 0.07192982456140351
0 0.39677914110429446 0.443859649122807 0.003987730061349694 0.06666666666666667
0 0.41088957055214725 0.32280701754385965 0.003374233128834356 0.042105263157894736
0 0.4414110429447853 0.44649122807017544 0.004294478527607362 0.05789473684210526
0 0.4156441717791411 0.6271929824561403 0.005521472392638037 0.0824561403508772
0 0.44785276073619634 0.6868421052631579 0.006134969325153374 0.0824561403508772
0 0.5084355828220859 0.5359649122807018 0.003987730061349694 0.07543859649122807
0 0.5107361963190185 0.3798245614035088 0.0036809815950920245 0.06140350877192982
0 0.4381901840490798 0.25087719298245614 0.0027607361963190185 0.0456140350877193
0 0.40705521472392636 0.49912280701754386 0.0036809815950920245 0.06842105263157895
0 0.7214723926380369 0.35175438596491226 0.0036809815950920245 0.05789473684210526
0 0.5515337423312884 0.5517543859649123 0.0049079754601227 0.07543859649122807
0 0.37193251533742333 0.7412280701754386 0.007668711656441718 0.10350877192982456
0 0.5598159509202454 0.3605263157894737 0.0036809815950920245 0.05789473684210526
0 0.5041411042944786 0.23508771929824562 0.0027607361963190185 0.042105263157894736
0 0.39539877300613496 0.6982456140350877 0.006134969325153374 0.0912280701754386
0 0.455521472392638 0.5403508771929825 0.005521472392638037 0.07017543859649122
0 0.3964723926380368 0.5649122807017544 0.004601226993865031 0.07017543859649122
0 0.46134969325153374 0.4298245614035088 0.004294478527607362 0.06666666666666667
0 0.4226993865030675 0.2710526315789474 0.004294478527607362 0.054385964912280704
0 0.36671779141104294 0.5631578947368421 0.005828220858895706 0.10175438596491228