0 0.2651840490797546 0.39035087719298245 0.005214723926380368 0.05789473684210526
0 0.5934049079754601 0.6824561403508772 0.004601226993865031 0.07368421052631578
0 0.4578220858895706 0.5605263157894737 0.005214723926380368 0.07894736842105263
0 0.48236196319018404 0.3570175438596491 0.003374233128834356 0.05789473684210526
0 0.5033742331288343 0.20877192982456141 0.00245398773006135 0.03508771929824561
0 0.5504601226993865 0.5649122807017544 0.004601226993865031 0.08421052631578947
0 0.556441717791411 0.393859649122807 0.0036809815950920245 0.05789473684210526
0 0.7099693251533742 0.5578947368421052 0.005214723926380368 0.07719298245614035
0 0.7746932515337424 0.7885964912280702 0.00705521472392638 0.1
0 0.6119631901840491 0.3736842105263158 0.0036809815950920245 0.05964912280701754
0 0.6090490797546012 0.26228070175438595 0.0027607361963190185 0.043859649122807015
0 0.5872699386503067 0.3736842105263158 0.003374233128834356 0.05263157894736842
0 0.7687116564417178 0.3649122807017544 0.0036809815950920245 0.05964912280701754
0 0.745398773006135 0.5473684210526316 0.0049079754601227 0.07719298245614035
0 0.7812883435582823 0.7833333333333333 0.006748466257668712 0.08596491228070176
0 0.7013803680981595 0.4166666666666667 0.003987730061349694 0.06491228070175438
0 0.6420245398773006 0.2964912280701754 0.003067484662576687 0.05263157894736842
0 0.617638036809816 0.7263157894736842 0.006441717791411043 0.09473684210526316
0 0.6550613496932516 0.5956140350877193 0.005214723926380368 0.07192982456140351
0 0.5489263803680982 0.5324561403508772 0.005214723926380368 0.07543859649122807
0 0.6386503067484662 0.4570175438596491 0.004294478527607362 0.06842105263157895
0 0.5700920245398773 0.26842105263157895 0.003374233128834356 0.0456140350877193
0 0.49616564417177916 0.5824561403508772 0.005214723926380368 0.08070175438596491