0 0.35828220858895704 0.3254385964912281 0.003067484662576687 0.07192982456140351
0 0.6108895705521472 0.4842105263157895 0.004601226993865031 0.07017543859649122
0 0.5417177914110429 0.34649122807017546 0.0036809815950920245 0.05789473684210526
0 0.5283742331288344 0.2614035087719298 0.0027607361963190185 0.04912280701754386
0 0.7 0.17543859649122806 0.0036809815950920245 0.03508771929824561
0 0.5894171779141104 0.22719298245614036 0.0027607361963190185 0.04035087719298246
0 0.6345092024539877 0.31140350877192985 0.003374233128834356 0.05087719298245614
0 0.7343558282208589 0.3543859649122807 0.0036809815950920245 0.056140350877192984
0 0.6843558282208589 0.30350877192982456 0.003067484662576687 0.042105263157894736
0 0.7125766871165644 0.25 0.004294478527607362 0.054385964912280704
0 0.6523006134969325 0.18157894736842106 0.002147239263803681 0.03333333333333333
0 0.6687116564417178 0.22894736842105262 0.0036809815950920245 0.05087719298245614
0 0.7751533742331288 0.32280701754385965 0.004294478527607362 0.056140350877192984
0 0.7400306748466258 0.3 0.003987730061349694 0.04912280701754386
0 0.7461656441717791 0.3570175438596491 0.005214723926380368 0.06491228070175438
0 0.7239263803680982 0.25701754385964914 0.00245398773006135 0.04736842105263158
0 0.700920245398773 0.18157894736842106 0.0036809815950920245 0.03684210526315789
0 0.7115030674846625 0.42543859649122806 0.003987730061349694 0.06491228070175438
0 0.7153374233128834 0.28157894736842104 0.004294478527607362 0.054385964912280704
0 0.6283742331288343 0.23859649122807017 0.0027607361963190185 0.0456140350877193
0 0.6886503067484663 0.27017543859649124 0.003067484662576687 0.04912280701754386
0 0.675920245398773 0.18333333333333332 0.003987730061349694 0.04035087719298246
0 0.5486196319018405 0.35350877192982455 0.003374233128834356 0.06140350877192982