0 0.3056748466257669 0.3201754385964912 0.003374233128834356 0.05087719298245614
0 0.5857361963190184 0.5666666666666667 0.004601226993865031 0.07719298245614035
0 0.48190184049079754 0.3587719298245614 0.0036809815950920245 0.05789473684210526
0 0.48236196319018404 0.29210526315789476 0.002147239263803681 0.043859649122807015
0 0.5210122699386504 0.1912280701754386 0.0027607361963190185 0.042105263157894736
0 0.550920245398773 0.35175438596491226 0.0036809815950920245 0.05789473684210526
0 0.594478527607362 0.2736842105263158 0.003067484662576687 0.04912280701754386
0 0.4855828220858896 0.45964912280701753 0.004294478527607362 0.06666666666666667
0 0.6849693251533743 0.3719298245614035 0.0036809815950920245 0.028070175438596492
0 0.6236196319018404 0.35526315789473684 0.0036809815950920245 0.05789473684210526
0 0.6426380368098159 0.23684210526315788 0.003067484662576687 0.0456140350877193
0 0.5684049079754602 0.43157894736842106 0.004294478527607362 0.07017543859649122
0 0.7239263803680982 0.312280701754386 0.0036809815950920245 0.04912280701754386
0 0.7377300613496932 0.44912280701754387 0.004294478527607362 0.06666666666666667
0 0.6521472392638037 0.6210526315789474 0.005521472392638037 0.08421052631578947
0 0.6650306748466258 0.22807017543859648 0.003067484662576687 0.042105263157894736
0 0.6397239263803681 0.25263157894736843 0.003374233128834356 0.04912280701754386
0 0.5679447852760736 0.6447368421052632 0.005828220858895706 0.08596491228070176
0 0.5989263803680982 0.38859649122807016 0.003987730061349694 0.06140350877192982
0 0.5407975460122699 0.2912280701754386 0.003067484662576687 0.04912280701754386
0 0.6188650306748467 0.2824561403508772 0.003374233128834356 0.0456140350877193
0 0.5357361963190184 0.18070175438596492 0.003374233128834356 0.042105263157894736
0 0.4799079754601227 0.3236842105263158 0.003374233128834356 0.06140350877192982