0 0.35414110429447854 0.3219298245614035 0.0027607361963190185 0.06491228070175438
0 0.5791411042944785 0.45964912280701753 0.004294478527607362 0.04912280701754386
0 0.4938650306748466 0.29385964912280704 0.003067484662576687 0.05087719298245614
0 0.5164110429447852 0.23684210526315788 0.003374233128834356 0.03508771929824561
0 0.6682515337423313 0.2131578947368421 0.0027607361963190185 0.04035087719298246
0 0.6960122699386503 0.25263157894736843 0.0036809815950920245 0.056140350877192984
0 0.5682515337423313 0.23859649122807017 0.0027607361963190185 0.03508771929824561
0 0.6846625766871166 0.36666666666666664 0.0036809815950920245 0.05964912280701754
0 0.6677914110429448 0.25263157894736843 0.004294478527607362 0.042105263157894736
0 0.6193251533742331 0.26842105263157895 0.003067484662576687 0.04912280701754386
0 0.6067484662576688 0.19824561403508772 0.00245398773006135 0.042105263157894736
0 0.627760736196319 0.2614035087719298 0.003374233128834356 0.0456140350877193
0 0.7599693251533742 0.31140350877192985 0.003374233128834356 0.054385964912280704
0 0.7144171779141104 0.23157894736842105 0.0036809815950920245 0.0456140350877193
0 0.7110429447852761 0.3719298245614035 0.0036809815950920245 0.042105263157894736
0 0.6943251533742332 0.2535087719298246 0.003374233128834356 0.054385964912280704
0 0.6665644171779141 0.2324561403508772 0.003067484662576687 0.043859649122807015
0 0.6207055214723927 0.4824561403508772 0.004601226993865031 0.05263157894736842
0 0.6349693251533742 0.3026315789473684 0.003067484662576687 0.05087719298245614
0 0.5875766871165644 0.2631578947368421 0.0027607361963190185 0.0456140350877193
0 0.63420245398773 0.22894736842105262 0.004601226993865031 0.05789473684210526
0 0.5475460122699386 0.1763157894736842 0.00245398773006135 0.04035087719298246
0 0.5165644171779141 0.2517543859649123 0.0036809815950920245 0.043859649122807015