0 0.2929447852760736 0.34385964912280703 0.005521472392638037 0.06666666666666667
0 0.5029141104294479 0.5912280701754385 0.005214723926380368 0.07017543859649122
0 0.4817484662576687 0.4517543859649123 0.003987730061349694 0.06491228070175438
0 0.4946319018404908 0.3368421052631579 0.003374233128834356 0.056140350877192984
0 0.49033742331288344 0.23333333333333334 0.0027607361963190185 0.0456140350877193
0 0.5458588957055215 0.3929824561403509 0.003987730061349694 0.05263157894736842
0 0.5783742331288344 0.3307017543859649 0.003374233128834356 0.04736842105263158
0 0.6696319018404908 0.5350877192982456 0.0049079754601227 0.05964912280701754
0 0.626840490797546 0.36578947368421055 0.003987730061349694 0.054385964912280704
0 0.6684049079754601 0.37719298245614036 0.0036809815950920245 0.05964912280701754
0 0.6010736196319019 0.2631578947368421 0.0027607361963190185 0.0456140350877193
0 0.5579754601226994 0.3850877192982456 0.0036809815950920245 0.06140350877192982
0 0.7602760736196319 0.3385964912280702 0.003374233128834356 0.056140350877192984
0 0.7280674846625766 0.5052631578947369 0.006441717791411043 0.08421052631578947
0 0.700920245398773 0.6026315789473684 0.005521472392638037 0.0824561403508772
0 0.6707055214723926 0.3131578947368421 0.003374233128834356 0.05087719298245614
0 0.6159509202453988 0.2026315789473684 0.00245398773006135 0.04035087719298246
0 0.5257668711656441 0.637719298245614 0.005521472392638037 0.08596491228070176
0 0.6265337423312883 0.43333333333333335 0.003987730061349694 0.05263157894736842
0 0.5424846625766871 0.3175438596491228 0.003374233128834356 0.05263157894736842
0 0.651840490797546 0.3631578947368421 0.0036809815950920245 0.05263157894736842
0 0.5065950920245399 0.19210526315789472 0.003374233128834356 0.043859649122807015
0 0.4835889570552147 0.47368421052631576 0.004601226993865031 0.07017543859649122