0 0.29233128834355826 0.3298245614035088 0.003067484662576687 0.06666666666666667
0 0.48021472392638037 0.6763157894736842 0.005828220858895706 0.08947368421052632
0 0.4335889570552147 0.42543859649122806 0.003987730061349694 0.06491228070175438
0 0.4633435582822086 0.22982456140350876 0.0027607361963190185 0.0456140350877193
0 0.5210122699386504 0.1675438596491228 0.0027607361963190185 0.043859649122807015
0 0.48895705521472393 0.27982456140350875 0.003067484662576687 0.05087719298245614
0 0.5134969325153375 0.4456140350877193 0.004294478527607362 0.06315789473684211
0 0.6184049079754601 0.5412280701754386 0.0049079754601227 0.07543859649122807
0 0.6035276073619632 0.4105263157894737 0.003987730061349694 0.06315789473684211
0 0.5846625766871165 0.3105263157894737 0.003067484662576687 0.05263157894736842
0 0.530521472392638 0.3280701754385965 0.003374233128834356 0.04912280701754386
0 0.5358895705521473 0.26842105263157895 0.003067484662576687 0.04912280701754386
0 0.7366564417177914 0.3157894736842105 0.003374233128834356 0.03859649122807018
0 0.6283742331288343 0.39210526315789473 0.003987730061349694 0.06140350877192982
0 0.6271472392638037 0.47719298245614034 0.004601226993865031 0.07017543859649122
0 0.6093558282208589 0.3140350877192982 0.003374233128834356 0.05263157894736842
0 0.5714723926380368 0.21754385964912282 0.00245398773006135 0.03859649122807018
0 0.5581288343558283 0.5578947368421052 0.005214723926380368 0.07719298245614035
0 0.5725460122699386 0.38859649122807016 0.003987730061349694 0.06140350877192982
0 0.5196319018404908 0.3105263157894737 0.003067484662576687 0.056140350877192984
0 0.5855828220858895 0.2894736842105263 0.003067484662576687 0.05263157894736842
0 0.5026073619631902 0.2482456140350877 0.003374233128834356 0.05087719298245614
0 0.48634969325153377 0.42894736842105263 0.004601226993865031 0.07192982456140351