0 0.253680981595092 0.387719298245614 0.005521472392638037 0.05964912280701754
0 0.5412576687116565 0.6903508771929825 0.005214723926380368 0.08596491228070176
0 0.42300613496932515 0.5543859649122806 0.0049079754601227 0.07719298245614035
0 0.46273006134969324 0.3333333333333333 0.003374233128834356 0.056140350877192984
0 0.495398773006135 0.20877192982456141 0.00245398773006135 0.042105263157894736
0 0.5144171779141105 0.5605263157894737 0.0049079754601227 0.0824561403508772
0 0.5300613496932516 0.36403508771929827 0.0036809815950920245 0.05087719298245614
0 0.6696319018404908 0.5570175438596491 0.0049079754601227 0.07192982456140351
0 0.6901840490797546 0.7631578947368421 0.006134969325153374 0.08771929824561403
0 0.6 0.3719298245614035 0.0036809815950920245 0.05964912280701754
0 0.59079754601227 0.24035087719298245 0.0049079754601227 0.05263157894736842
0 0.5607361963190184 0.36578947368421055 0.003067484662576687 0.05087719298245614
0 0.7542944785276073 0.35526315789473684 0.0036809815950920245 0.05789473684210526
0 0.6973926380368098 0.5578947368421052 0.005214723926380368 0.07719298245614035
0 0.686042944785276 0.7359649122807017 0.005828220858895706 0.07192982456140351
0 0.6682515337423313 0.4219298245614035 0.003987730061349694 0.06491228070175438
0 0.6196319018404908 0.2929824561403509 0.003067484662576687 0.05263157894736842
0 0.5730061349693252 0.7149122807017544 0.006134969325153374 0.09298245614035087
0 0.6099693251533742 0.593859649122807 0.005214723926380368 0.07543859649122807
0 0.5164110429447852 0.5403508771929825 0.005214723926380368 0.07719298245614035
0 0.5978527607361963 0.443859649122807 0.004294478527607362 0.056140350877192984
0 0.5553680981595092 0.2719298245614035 0.003374233128834356 0.0456140350877193
0 0.47684049079754603 0.5763157894736842 0.005214723926380368 0.07894736842105263