0 0.26180981595092023 0.3350877192982456 0.003987730061349694 0.05964912280701754
0 0.48098159509202454 0.7517543859649123 0.006134969325153374 0.0824561403508772
0 0.4121165644171779 0.41228070175438597 0.003987730061349694 0.06315789473684211
0 0.42392638036809815 0.2885964912280702 0.003067484662576687 0.05087719298245614
0 0.44785276073619634 0.19736842105263158 0.00245398773006135 0.03333333333333333
0 0.44355828220858895 0.362280701754386 0.0036809815950920245 0.05789473684210526
0 0.4526073619631902 0.3219298245614035 0.003374233128834356 0.054385964912280704
0 0.5038343558282209 0.5078947368421053 0.004601226993865031 0.06491228070175438
0 0.5013803680981596 0.3447368421052632 0.003374233128834356 0.04736842105263158
0 0.5 0.27280701754385966 0.003067484662576687 0.05087719298245614
0 0.500920245398773 0.2 0.00245398773006135 0.042105263157894736
0 0.47837423312883437 0.2517543859649123 0.0027607361963190185 0.043859649122807015
0 0.7467791411042944 0.3368421052631579 0.003374233128834356 0.056140350877192984
0 0.6306748466257669 0.3701754385964912 0.0036809815950920245 0.05964912280701754
0 0.6133435582822085 0.49736842105263157 0.004601226993865031 0.07192982456140351
0 0.6039877300613496 0.2912280701754386 0.003067484662576687 0.05263157894736842
0 0.5900306748466257 0.26666666666666666 0.0027607361963190185 0.04912280701754386
0 0.5588957055214724 0.5359649122807018 0.0049079754601227 0.07543859649122807
0 0.5662576687116564 0.3815789473684211 0.0036809815950920245 0.06140350877192982
0 0.5340490797546013 0.37719298245614036 0.0036809815950920245 0.04912280701754386
0 0.5371165644171779 0.30087719298245613 0.003067484662576687 0.05087719298245614
0 0.5437116564417178 0.22631578947368422 0.0027607361963190185 0.0456140350877193
0 0.48420245398773004 0.4166666666666667 0.003987730061349694 0.06140350877192982