0 0.35138036809815953 0.3140350877192982 0.002147239263803681 0.05263157894736842
0 0.6159509202453988 0.47192982456140353 0.004294478527607362 0.06666666666666667
0 0.5498466257668712 0.3385964912280702 0.003374233128834356 0.056140350877192984
0 0.519478527607362 0.25263157894736843 0.0027607361963190185 0.04912280701754386
0 0.6319018404907976 0.19035087719298247 0.003067484662576687 0.04035087719298246
0 0.6411042944785276 0.22719298245614036 0.0036809815950920245 0.03684210526315789
0 0.5872699386503067 0.2394736842105263 0.0027607361963190185 0.04035087719298246
0 0.683282208588957 0.387719298245614 0.003987730061349694 0.06666666666666667
0 0.688957055214724 0.3333333333333333 0.003067484662576687 0.0456140350877193
0 0.6386503067484662 0.27631578947368424 0.003067484662576687 0.05087719298245614
0 0.576840490797546 0.17894736842105263 0.0027607361963190185 0.03859649122807018
0 0.6145705521472392 0.23508771929824562 0.003987730061349694 0.05263157894736842
0 0.7753067484662577 0.33421052631578946 0.003987730061349694 0.043859649122807015
0 0.6806748466257668 0.2964912280701754 0.003067484662576687 0.05263157894736842
0 0.7055214723926381 0.38070175438596493 0.0049079754601227 0.06666666666666667
0 0.6588957055214724 0.24561403508771928 0.004294478527607362 0.04912280701754386
0 0.6427914110429448 0.2149122807017544 0.0027607361963190185 0.03684210526315789
0 0.657361963190184 0.443859649122807 0.004294478527607362 0.06666666666666667
0 0.6556748466257669 0.30964912280701756 0.003374233128834356 0.054385964912280704
0 0.6154907975460123 0.2324561403508772 0.002147239263803681 0.03333333333333333
0 0.6139570552147239 0.20877192982456141 0.003374233128834356 0.03859649122807018
0 0.5900306748466257 0.18421052631578946 0.003374233128834356 0.042105263157894736
0 0.5299079754601227 0.2929824561403509 0.003374233128834356 0.05263157894736842