0 0.36165644171779143 0.3201754385964912 0.0036809815950920245 0.05789473684210526
0 0.6337423312883436 0.4605263157894737 0.004294478527607362 0.06842105263157895
0 0.5406441717791411 0.34210526315789475 0.003374233128834356 0.056140350877192984
0 0.526840490797546 0.2631578947368421 0.0027607361963190185 0.04912280701754386
0 0.6774539877300614 0.22807017543859648 0.0027607361963190185 0.0456140350877193
0 0.7119631901840491 0.2692982456140351 0.0049079754601227 0.02280701754385965
0 0.5958588957055214 0.2578947368421053 0.0027607361963190185 0.04912280701754386
0 0.7348159509202454 0.3631578947368421 0.003374233128834356 0.06315789473684211
0 0.7171779141104294 0.3087719298245614 0.004294478527607362 0.05964912280701754
0 0.650920245398773 0.2929824561403509 0.003067484662576687 0.05263157894736842
0 0.5923312883435583 0.193859649122807 0.0018404907975460123 0.043859649122807015
0 0.6656441717791411 0.24561403508771928 0.003067484662576687 0.056140350877192984
0 0.7480061349693251 0.2771929824561403 0.003374233128834356 0.06315789473684211
0 0.7374233128834355 0.24912280701754386 0.0049079754601227 0.04912280701754386
0 0.7526073619631902 0.3482456140350877 0.004601226993865031 0.054385964912280704
0 0.7032208588957055 0.2578947368421053 0.003374233128834356 0.04912280701754386
0 0.6970858895705522 0.24035087719298245 0.003374233128834356 0.03859649122807018
0 0.7055214723926381 0.4570175438596491 0.004294478527607362 0.06842105263157895
0 0.6677914110429448 0.3 0.003067484662576687 0.05263157894736842
0 0.65920245398773 0.26666666666666666 0.004294478527607362 0.04912280701754386
0 0.6366564417177915 0.23157894736842105 0.003374233128834356 0.0456140350877193
0 0.6101226993865031 0.18333333333333332 0.003067484662576687 0.03684210526315789
0 0.5300613496932516 0.2912280701754386 0.0036809815950920245 0.056140350877192984