0 0.3483128834355828 0.3368421052631579 0.003374233128834356 0.056140350877192984
0 0.8779141104294479 0.7149122807017544 0.007361963190184049 0.10350877192982456
0 0.5039877300613497 0.3868421052631579 0.0036809815950920245 0.06140350877192982
0 0.49325153374233127 0.3078947368421053 0.003067484662576687 0.05087719298245614
0 0.5687116564417178 0.21052631578947367 0.0036809815950920245 0.04912280701754386
0 0.5677914110429448 0.35175438596491226 0.0036809815950920245 0.05087719298245614
0 0.6392638036809816 0.2868421052631579 0.003067484662576687 0.04736842105263158
0 0.6032208588957055 0.4982456140350877 0.004601226993865031 0.056140350877192984
0 0.7611963190184049 0.4087719298245614 0.004601226993865031 0.07017543859649122
0 0.7478527607361963 0.37105263157894736 0.005521472392638037 0.06491228070175438
0 0.694478527607362 0.2824561403508772 0.0036809815950920245 0.05263157894736842
0 0.6595092024539877 0.35964912280701755 0.0036809815950920245 0.06315789473684211
0 0.7102760736196319 0.2833333333333333 0.004601226993865031 0.054385964912280704
0 0.7357361963190184 0.3736842105263158 0.005214723926380368 0.07368421052631578
0 0.7230061349693252 0.537719298245614 0.0049079754601227 0.07543859649122807
0 0.6987730061349693 0.2578947368421053 0.003067484662576687 0.04912280701754386
0 0.7248466257668712 0.3026315789473684 0.004294478527607362 0.05789473684210526
0 0.8291411042944785 0.6368421052631579 0.005521472392638037 0.05964912280701754
0 0.6940184049079755 0.3649122807017544 0.003987730061349694 0.06315789473684211
0 0.6072085889570552 0.30964912280701756 0.003374233128834356 0.054385964912280704
0 0.6590490797546013 0.2710526315789474 0.003987730061349694 0.05789473684210526
0 0.600920245398773 0.17017543859649123 0.003067484662576687 0.0456140350877193
0 0.49662576687116566 0.34649122807017546 0.0036809815950920245 0.054385964912280704