0 0.2682515337423313 0.3780701754385965 0.003987730061349694 0.06491228070175438
0 0.44969325153374234 0.543859649122807 0.0049079754601227 0.05964912280701754
0 0.45659509202453985 0.49298245614035086 0.003987730061349694 0.07368421052631578
0 0.46549079754601225 0.387719298245614 0.004601226993865031 0.07017543859649122
0 0.46365030674846625 0.41842105263157897 0.003374233128834356 0.043859649122807015
0 0.525 0.45 0.003374233128834356 0.06842105263157895
0 0.4838957055214724 0.5456140350877193 0.007668711656441718 0.042105263157894736
0 0.6148773006134969 0.5719298245614035 0.005214723926380368 0.06315789473684211
0 0.6588957055214724 0.5508771929824562 0.0049079754601227 0.07719298245614035
0 0.6394171779141105 0.4149122807017544 0.003987730061349694 0.05789473684210526
0 0.5742331288343558 0.29473684210526313 0.003067484662576687 0.04912280701754386
0 0.5122699386503068 0.362280701754386 0.003067484662576687 0.05789473684210526
0 0.7447852760736197 0.35175438596491226 0.0036809815950920245 0.05789473684210526
0 0.6243865030674847 0.4807017543859649 0.004601226993865031 0.07017543859649122
0 0.5334355828220859 0.637719298245614 0.005521472392638037 0.07894736842105263
0 0.6081288343558282 0.3131578947368421 0.003374233128834356 0.054385964912280704
0 0.5395705521472393 0.22631578947368422 0.003067484662576687 0.0456140350877193
0 0.4455521472392638 0.6105263157894737 0.005214723926380368 0.08421052631578947
0 0.5325153374233129 0.4219298245614035 0.004294478527607362 0.06842105263157895
0 0.49125766871165644 0.5421052631578948 0.004601226993865031 0.0456140350877193
0 0.5588957055214724 0.3675438596491228 0.0036809815950920245 0.05789473684210526
0 0.45429447852760735 0.4649122807017544 0.0049079754601227 0.056140350877192984
0 0.495398773006135 0.39473684210526316 0.0036809815950920245 0.06315789473684211