0 0.22392638036809817 0.39210526315789473 0.004294478527607362 0.06842105263157895
0 0.26104294478527607 0.7684210526315789 0.005521472392638037 0.09824561403508772
0 0.25552147239263806 0.6175438596491228 0.005521472392638037 0.08421052631578947
0 0.3441717791411043 0.46578947368421053 0.004294478527607362 0.06842105263157895
0 0.3696319018404908 0.3701754385964912 0.0036809815950920245 0.05964912280701754
0 0.3098159509202454 0.6210526315789474 0.005521472392638037 0.06315789473684211
0 0.37668711656441717 0.5543859649122806 0.0049079754601227 0.07368421052631578
0 0.3791411042944785 0.6982456140350877 0.0049079754601227 0.07719298245614035
0 0.43895705521472395 0.7210526315789474 0.005521472392638037 0.11929824561403508
0 0.4736196319018405 0.4324561403508772 0.004294478527607362 0.06491228070175438
0 0.496319018404908 0.3482456140350877 0.0036809815950920245 0.05789473684210526
0 0.43328220858895705 0.47719298245614034 0.005214723926380368 0.08070175438596491
0 0.7046012269938651 0.3815789473684211 0.0036809815950920245 0.06140350877192982
0 0.5157975460122699 0.6464912280701754 0.005828220858895706 0.08596491228070176
0 0.44539877300613495 0.7087719298245614 0.004294478527607362 0.08771929824561403
0 0.524079754601227 0.493859649122807 0.004601226993865031 0.07192982456140351
0 0.503680981595092 0.3447368421052632 0.003067484662576687 0.054385964912280704
0 0.37806748466257667 0.7228070175438597 0.00705521472392638 0.09824561403508772
0 0.32085889570552145 0.6447368421052632 0.005521472392638037 0.09649122807017543
0 0.3651840490797546 0.4807017543859649 0.004601226993865031 0.06666666666666667
0 0.4053680981595092 0.5763157894736842 0.005214723926380368 0.07894736842105263
0 0.38742331288343557 0.3868421052631579 0.0036809815950920245 0.06140350877192982
0 0.26993865030674846 0.6166666666666667 0.005521472392638037 0.07894736842105263