0 0.2285276073619632 0.36929824561403507 0.0036809815950920245 0.05789473684210526
0 0.2460122699386503 0.7157894736842105 0.006134969325153374 0.056140350877192984
0 0.327760736196319 0.5210526315789473 0.004601226993865031 0.06666666666666667
0 0.37806748466257667 0.3912280701754386 0.003374233128834356 0.05263157894736842
0 0.4208588957055215 0.2964912280701754 0.003067484662576687 0.031578947368421054
0 0.5035276073619632 0.5657894736842105 0.005214723926380368 0.07543859649122807
0 0.4381901840490798 0.41754385964912283 0.004601226993865031 0.06315789473684211
0 0.48144171779141104 0.6342105263157894 0.003987730061349694 0.09298245614035087
0 0.621319018404908 0.5622807017543859 0.005214723926380368 0.07894736842105263
0 0.5404907975460123 0.35 0.0036809815950920245 0.05789473684210526
0 0.5263803680981595 0.2719298245614035 0.003067484662576687 0.0456140350877193
0 0.42116564417177915 0.4789473684210526 0.0036809815950920245 0.07368421052631578
0 0.7251533742331289 0.35526315789473684 0.0036809815950920245 0.05789473684210526
0 0.6202453987730061 0.5824561403508772 0.0049079754601227 0.08771929824561403
0 0.5174846625766871 0.6868421052631579 0.006134969325153374 0.07894736842105263
0 0.5866564417177914 0.306140350877193 0.003374233128834356 0.054385964912280704
0 0.5211656441717791 0.19649122807017544 0.00245398773006135 0.03508771929824561
0 0.23021472392638037 0.7394736842105263 0.006441717791411043 0.08596491228070176
0 0.5357361963190184 0.48596491228070177 0.004601226993865031 0.07017543859649122
0 0.4434049079754601 0.3350877192982456 0.003374233128834356 0.05263157894736842
0 0.4434049079754601 0.4394736842105263 0.003987730061349694 0.05087719298245614
0 0.4162576687116564 0.22894736842105262 0.003067484662576687 0.043859649122807015
0 0.3599693251533742 0.5219298245614035 0.005214723926380368 0.07192982456140351