0 0.25168711656441717 0.37105263157894736 0.004601226993865031 0.05789473684210526
0 0.5012269938650307 0.7228070175438597 0.006134969325153374 0.07017543859649122
0 0.4067484662576687 0.537719298245614 0.0049079754601227 0.07543859649122807
0 0.448159509202454 0.31666666666666665 0.003067484662576687 0.054385964912280704
0 0.48895705521472393 0.20350877192982456 0.00245398773006135 0.042105263157894736
0 0.4831288343558282 0.5333333333333333 0.0036809815950920245 0.06315789473684211
0 0.5130368098159509 0.33771929824561403 0.003374233128834356 0.054385964912280704
0 0.6202453987730061 0.5578947368421052 0.0049079754601227 0.07017543859649122
0 0.6420245398773006 0.7043859649122807 0.006134969325153374 0.07543859649122807
0 0.5904907975460123 0.36929824561403507 0.0036809815950920245 0.05789473684210526
0 0.5717791411042945 0.2236842105263158 0.003067484662576687 0.043859649122807015
0 0.5435582822085889 0.35175438596491226 0.0036809815950920245 0.054385964912280704
0 0.742638036809816 0.3570175438596491 0.0036809815950920245 0.05789473684210526
0 0.6608895705521473 0.5649122807017544 0.005214723926380368 0.07719298245614035
0 0.6211656441717791 0.6833333333333333 0.006748466257668712 0.07543859649122807
0 0.6326687116564417 0.40350877192982454 0.003987730061349694 0.05964912280701754
0 0.6006134969325153 0.28596491228070176 0.003067484662576687 0.04912280701754386
0 0.5256134969325154 0.7342105263157894 0.006441717791411043 0.08947368421052632
0 0.567638036809816 0.5754385964912281 0.004601226993865031 0.07017543859649122
0 0.48911042944785277 0.5166666666666667 0.004601226993865031 0.07192982456140351
0 0.564877300613497 0.42894736842105263 0.003987730061349694 0.06491228070175438
0 0.5411042944785276 0.2596491228070175 0.003067484662576687 0.0456140350877193
0 0.4558282208588957 0.5622807017543859 0.0049079754601227 0.07894736842105263