0 0.21855828220858894 0.4026315789473684 0.003987730061349694 0.06140350877192982
0 0.21733128834355828 0.5798245614035088 0.005214723926380368 0.07543859649122807
0 0.2967791411042945 0.49122807017543857 0.004601226993865031 0.06315789473684211
0 0.3220858895705521 0.29473684210526313 0.003067484662576687 0.05263157894736842
0 0.4102760736196319 0.22631578947368422 0.0027607361963190185 0.0456140350877193
0 0.39401840490797546 0.34035087719298246 0.003374233128834356 0.04912280701754386
0 0.43006134969325155 0.5228070175438596 0.0049079754601227 0.06666666666666667
0 0.5193251533742331 0.5982456140350877 0.005521472392638037 0.08070175438596491
0 0.5081288343558282 0.4368421052631579 0.004601226993865031 0.07368421052631578
0 0.498159509202454 0.37543859649122807 0.0036809815950920245 0.05964912280701754
0 0.49892638036809817 0.23771929824561402 0.0027607361963190185 0.04736842105263158
0 0.4602760736196319 0.3219298245614035 0.003374233128834356 0.054385964912280704
0 0.7053680981595092 0.34649122807017546 0.003374233128834356 0.05789473684210526
0 0.55920245398773 0.45526315789473687 0.004294478527607362 0.06842105263157895
0 0.5361963190184049 0.6131578947368421 0.005521472392638037 0.0824561403508772
0 0.5361963190184049 0.3684210526315789 0.0036809815950920245 0.05964912280701754
0 0.5180981595092025 0.26666666666666666 0.003067484662576687 0.04912280701754386
0 0.38006134969325156 0.6078947368421053 0.005521472392638037 0.0824561403508772
0 0.5032208588957056 0.4903508771929825 0.004601226993865031 0.07192982456140351
0 0.3934049079754601 0.5008771929824561 0.004601226993865031 0.06842105263157895
0 0.4628834355828221 0.3631578947368421 0.0036809815950920245 0.05964912280701754
0 0.379601226993865 0.2692982456140351 0.003374233128834356 0.054385964912280704
0 0.225 0.5403508771929825 0.007668711656441718 0.08421052631578947