0 0.25904907975460123 0.3412280701754386 0.003374233128834356 0.05789473684210526
0 0.3929447852760736 0.5473684210526316 0.0049079754601227 0.07368421052631578
0 0.4245398773006135 0.37280701754385964 0.0036809815950920245 0.06140350877192982
0 0.425 0.32280701754385965 0.003374233128834356 0.05263157894736842
0 0.423159509202454 0.23596491228070177 0.0027607361963190185 0.04035087719298246
0 0.4507668711656442 0.41403508771929826 0.003987730061349694 0.06315789473684211
0 0.4615030674846626 0.3105263157894737 0.003374233128834356 0.05263157894736842
0 0.46503067484662575 0.5719298245614035 0.0049079754601227 0.07719298245614035
0 0.5050613496932516 0.4043859649122807 0.003987730061349694 0.06140350877192982
0 0.5118098159509202 0.3236842105263158 0.003374233128834356 0.054385964912280704
0 0.48680981595092027 0.22543859649122808 0.00245398773006135 0.03333333333333333
0 0.46794478527607364 0.45087719298245615 0.003987730061349694 0.07017543859649122
0 0.7087423312883435 0.33421052631578946 0.003374233128834356 0.054385964912280704
0 0.5930981595092024 0.47543859649122805 0.004601226993865031 0.07017543859649122
0 0.4762269938650307 0.7078947368421052 0.005828220858895706 0.09298245614035087
0 0.5797546012269938 0.27631578947368424 0.003067484662576687 0.05087719298245614
0 0.5164110429447852 0.18157894736842106 0.002147239263803681 0.03333333333333333
0 0.36625766871165644 0.6991228070175438 0.006134969325153374 0.08947368421052632
0 0.4415644171779141 0.4614035087719298 0.003374233128834356 0.07017543859649122
0 0.5032208588957056 0.25263157894736843 0.0027607361963190185 0.0456140350877193
0 0.525920245398773 0.40350877192982454 0.003987730061349694 0.06315789473684211
0 0.4406441717791411 0.1675438596491228 0.002147239263803681 0.04035087719298246
0 0.45337423312883435 0.34385964912280703 0.0036809815950920245 0.06666666666666667