0 0.25904907975460123 0.33596491228070174 0.003374233128834356 0.05789473684210526
0 0.40521472392638036 0.4710526315789474 0.004294478527607362 0.05789473684210526
0 0.42714723926380366 0.3456140350877193 0.003374233128834356 0.05964912280701754
0 0.4254601226993865 0.27456140350877195 0.0036809815950920245 0.054385964912280704
0 0.44309815950920245 0.17543859649122806 0.002147239263803681 0.028070175438596492
0 0.4579754601226994 0.35964912280701755 0.0036809815950920245 0.056140350877192984
0 0.47530674846625764 0.24736842105263157 0.0027607361963190185 0.0456140350877193
0 0.4785276073619632 0.46578947368421053 0.0036809815950920245 0.06491228070175438
0 0.5095092024539877 0.31842105263157894 0.003067484662576687 0.04736842105263158
0 0.524079754601227 0.23596491228070177 0.0027607361963190185 0.03684210526315789
0 0.48773006134969327 0.1956140350877193 0.00245398773006135 0.04035087719298246
0 0.4733128834355828 0.38070175438596493 0.003067484662576687 0.06315789473684211
0 0.695398773006135 0.3017543859649123 0.003067484662576687 0.05263157894736842
0 0.6026073619631902 0.4166666666666667 0.003987730061349694 0.06491228070175438
0 0.49831288343558283 0.6877192982456141 0.005828220858895706 0.0912280701754386
0 0.5529141104294478 0.2324561403508772 0.0027607361963190185 0.04035087719298246
0 0.5078220858895706 0.1587719298245614 0.0027607361963190185 0.03684210526315789
0 0.3932515337423313 0.6114035087719298 0.005521472392638037 0.0824561403508772
0 0.4728527607361963 0.39473684210526316 0.003987730061349694 0.05964912280701754
0 0.49984662576687117 0.22543859649122808 0.0027607361963190185 0.043859649122807015
0 0.5226993865030675 0.2956140350877193 0.003067484662576687 0.04736842105263158
0 0.46978527607361964 0.1587719298245614 0.003374233128834356 0.043859649122807015
0 0.4352760736196319 0.2850877192982456 0.003067484662576687 0.05087719298245614