0 0.2838957055214724 0.362280701754386 0.003987730061349694 0.06140350877192982
0 0.47300613496932514 0.5070175438596491 0.004294478527607362 0.06666666666666667
0 0.4687116564417178 0.4412280701754386 0.003067484662576687 0.05789473684210526
0 0.5007668711656442 0.39473684210526316 0.005214723926380368 0.05964912280701754
0 0.4661042944785276 0.39473684210526316 0.003987730061349694 0.04912280701754386
0 0.5541411042944785 0.4517543859649123 0.003987730061349694 0.07192982456140351
0 0.5220858895705521 0.4605263157894737 0.004294478527607362 0.05789473684210526
0 0.6473926380368098 0.5763157894736842 0.005214723926380368 0.07192982456140351
0 0.6766871165644172 0.5543859649122806 0.0049079754601227 0.07719298245614035
0 0.6605828220858896 0.41403508771929826 0.003987730061349694 0.056140350877192984
0 0.5858895705521472 0.2912280701754386 0.003067484662576687 0.05263157894736842
0 0.5377300613496933 0.34210526315789475 0.003067484662576687 0.056140350877192984
0 0.7503067484662577 0.35 0.0036809815950920245 0.05789473684210526
0 0.6466257668711657 0.46403508771929824 0.004294478527607362 0.06842105263157895
0 0.6019938650306749 0.5964912280701754 0.005214723926380368 0.05263157894736842
0 0.6197852760736197 0.30087719298245613 0.003374233128834356 0.054385964912280704
0 0.5492331288343558 0.21666666666666667 0.0027607361963190185 0.04035087719298246
0 0.454601226993865 0.525438596491228 0.0049079754601227 0.06491228070175438
0 0.5541411042944785 0.4149122807017544 0.003987730061349694 0.06842105263157895
0 0.5243865030674847 0.47192982456140353 0.003987730061349694 0.05263157894736842
0 0.5803680981595092 0.3649122807017544 0.0036809815950920245 0.05964912280701754
0 0.4588957055214724 0.40614035087719297 0.0036809815950920245 0.054385964912280704
0 0.5193251533742331 0.3868421052631579 0.0036809815950920245 0.06140350877192982