0 0.3467791411042945 0.33157894736842103 0.003374233128834356 0.05964912280701754
0 0.6032208588957055 0.5070175438596491 0.004601226993865031 0.07368421052631578
0 0.5426380368098159 0.35350877192982455 0.0036809815950920245 0.05789473684210526
0 0.5280674846625767 0.2631578947368421 0.0027607361963190185 0.04912280701754386
0 0.7124233128834356 0.1868421052631579 0.003987730061349694 0.03333333333333333
0 0.5851226993865031 0.2412280701754386 0.0027607361963190185 0.04736842105263158
0 0.6253067484662577 0.31666666666666665 0.003374233128834356 0.05087719298245614
0 0.7513803680981596 0.36578947368421055 0.003374233128834356 0.06140350877192982
0 0.6858895705521473 0.29912280701754385 0.003067484662576687 0.05087719298245614
0 0.7352760736196319 0.28596491228070176 0.0036809815950920245 0.04912280701754386
0 0.6443251533742331 0.18333333333333332 0.002147239263803681 0.02982456140350877
0 0.6674846625766871 0.23333333333333334 0.0036809815950920245 0.04912280701754386
0 0.7734662576687117 0.3254385964912281 0.004601226993865031 0.054385964912280704
0 0.7434049079754601 0.29473684210526313 0.004601226993865031 0.056140350877192984
0 0.7608895705521472 0.3719298245614035 0.003987730061349694 0.05964912280701754
0 0.7361963190184049 0.25877192982456143 0.00245398773006135 0.043859649122807015
0 0.713957055214724 0.20175438596491227 0.003987730061349694 0.042105263157894736
0 0.7128834355828221 0.44035087719298244 0.004294478527607362 0.06666666666666667
0 0.7262269938650306 0.2885964912280702 0.003374233128834356 0.054385964912280704
0 0.619478527607362 0.2543859649122807 0.0027607361963190185 0.0456140350877193
0 0.7003067484662576 0.29210526315789476 0.003067484662576687 0.05087719298245614
0 0.6702453987730062 0.1912280701754386 0.0036809815950920245 0.0456140350877193
0 0.5489263803680982 0.35789473684210527 0.003374233128834356 0.056140350877192984