0 0.22668711656441717 0.32894736842105265 0.003067484662576687 0.05087719298245614
0 0.2926380368098159 0.4666666666666667 0.004294478527607362 0.06666666666666667
0 0.30122699386503066 0.3868421052631579 0.0036809815950920245 0.054385964912280704
0 0.31855828220858895 0.2912280701754386 0.003374233128834356 0.05263157894736842
0 0.34049079754601225 0.2043859649122807 0.00245398773006135 0.043859649122807015
0 0.35460122699386504 0.35 0.0036809815950920245 0.054385964912280704
0 0.36595092024539877 0.2894736842105263 0.0036809815950920245 0.04912280701754386
0 0.4144171779141104 0.5535087719298246 0.0049079754601227 0.06491228070175438
0 0.5219325153374234 0.4043859649122807 0.003987730061349694 0.06140350877192982
0 0.4521472392638037 0.3508771929824561 0.0036809815950920245 0.05263157894736842
0 0.35920245398773004 0.21228070175438596 0.00245398773006135 0.031578947368421054
0 0.38420245398773006 0.38421052631578945 0.003987730061349694 0.07017543859649122
0 0.6949386503067485 0.3219298245614035 0.003374233128834356 0.05789473684210526
0 0.5311349693251534 0.4017543859649123 0.003987730061349694 0.06315789473684211
0 0.45521472392638035 0.5447368421052632 0.0049079754601227 0.07543859649122807
0 0.5214723926380368 0.27456140350877195 0.003067484662576687 0.05087719298245614
0 0.4754601226993865 0.20614035087719298 0.00245398773006135 0.04035087719298246
0 0.3033742331288344 0.4631578947368421 0.0049079754601227 0.07368421052631578
0 0.39662576687116563 0.3350877192982456 0.0036809815950920245 0.056140350877192984
0 0.3638036809815951 0.3131578947368421 0.003067484662576687 0.04736842105263158
0 0.46656441717791414 0.30350877192982456 0.003067484662576687 0.05263157894736842
0 0.34708588957055214 0.18333333333333332 0.003374233128834356 0.04035087719298246
0 0.2992331288343558 0.4307017543859649 0.003374233128834356 0.06491228070175438