0 0.25966257668711656 0.33245614035087717 0.003374233128834356 0.05789473684210526
0 0.40828220858895703 0.47017543859649125 0.004294478527607362 0.07017543859649122
0 0.4200920245398773 0.35175438596491226 0.003374233128834356 0.054385964912280704
0 0.4219325153374233 0.2789473684210526 0.003374233128834356 0.05263157894736842
0 0.4358895705521472 0.1912280701754386 0.00245398773006135 0.042105263157894736
0 0.4498466257668712 0.34649122807017546 0.003374233128834356 0.05087719298245614
0 0.46794478527607364 0.2578947368421053 0.0027607361963190185 0.0456140350877193
0 0.46794478527607364 0.4842105263157895 0.004601226993865031 0.07017543859649122
0 0.5056748466257669 0.34385964912280703 0.003374233128834356 0.05263157894736842
0 0.5087423312883436 0.2535087719298246 0.0027607361963190185 0.04736842105263158
0 0.49171779141104294 0.19912280701754387 0.00245398773006135 0.043859649122807015
0 0.47776073619631904 0.38070175438596493 0.003374233128834356 0.06315789473684211
0 0.6970858895705522 0.306140350877193 0.003374233128834356 0.054385964912280704
0 0.5986196319018405 0.42719298245614035 0.003987730061349694 0.06491228070175438
0 0.49187116564417177 0.6798245614035088 0.005828220858895706 0.08947368421052632
0 0.5513803680981595 0.23157894736842105 0.0027607361963190185 0.0456140350877193
0 0.5021472392638037 0.16228070175438597 0.00245398773006135 0.03684210526315789
0 0.38926380368098157 0.6052631578947368 0.005521472392638037 0.08070175438596491
0 0.4486196319018405 0.40350877192982454 0.003987730061349694 0.06315789473684211
0 0.4958588957055215 0.22807017543859648 0.0027607361963190185 0.0456140350877193
0 0.526840490797546 0.3447368421052632 0.003374233128834356 0.05789473684210526
0 0.4639570552147239 0.1631578947368421 0.0027607361963190185 0.03859649122807018
0 0.4391104294478528 0.28771929824561404 0.003987730061349694 0.05964912280701754