0 0.22668711656441717 0.3298245614035088 0.003067484662576687 0.04912280701754386
0 0.301840490797546 0.4728070175438597 0.0049079754601227 0.07543859649122807
0 0.31303680981595094 0.4017543859649123 0.003987730061349694 0.06315789473684211
0 0.3303680981595092 0.28771929824561404 0.003067484662576687 0.04912280701754386
0 0.3496932515337423 0.2043859649122807 0.00245398773006135 0.03684210526315789
0 0.36411042944785277 0.3508771929824561 0.0036809815950920245 0.04912280701754386
0 0.37806748466257667 0.28596491228070176 0.003374233128834356 0.042105263157894736
0 0.4246932515337423 0.5657894736842105 0.005214723926380368 0.06842105263157895
0 0.5256134969325154 0.4087719298245614 0.003987730061349694 0.06315789473684211
0 0.4607361963190184 0.35964912280701755 0.0036809815950920245 0.05263157894736842
0 0.3696319018404908 0.21578947368421053 0.00245398773006135 0.03859649122807018
0 0.3932515337423313 0.38596491228070173 0.004294478527607362 0.07368421052631578
0 0.6986196319018405 0.3263157894736842 0.003987730061349694 0.06666666666666667
0 0.53420245398773 0.4070175438596491 0.003987730061349694 0.06315789473684211
0 0.4638036809815951 0.5473684210526316 0.0049079754601227 0.07017543859649122
0 0.5260736196319018 0.27631578947368424 0.003067484662576687 0.05087719298245614
0 0.48190184049079754 0.20964912280701756 0.00245398773006135 0.043859649122807015
0 0.3118098159509202 0.4728070175438597 0.004601226993865031 0.07192982456140351
0 0.404601226993865 0.33771929824561403 0.0036809815950920245 0.05789473684210526
0 0.37975460122699384 0.3131578947368421 0.003067484662576687 0.04736842105263158
0 0.47730061349693254 0.30526315789473685 0.003067484662576687 0.042105263157894736
0 0.3570552147239264 0.18596491228070175 0.0036809815950920245 0.042105263157894736
0 0.30874233128834355 0.4421052631578947 0.003987730061349694 0.06666666666666667