0 0.2598159509202454 0.33245614035087717 0.004294478527607362 0.06140350877192982
0 0.4745398773006135 0.7543859649122807 0.006134969325153374 0.09473684210526316
0 0.3983128834355828 0.4307017543859649 0.003987730061349694 0.06491228070175438
0 0.4223926380368098 0.26842105263157895 0.003067484662576687 0.04912280701754386
0 0.4484662576687117 0.19824561403508772 0.00245398773006135 0.03508771929824561
0 0.4411042944785276 0.35964912280701755 0.0036809815950920245 0.0456140350877193
0 0.45812883435582824 0.3140350877192982 0.003374233128834356 0.04912280701754386
0 0.5234662576687117 0.5 0.004601226993865031 0.06666666666666667
0 0.5130368098159509 0.3447368421052632 0.003374233128834356 0.05789473684210526
0 0.5104294478527608 0.2771929824561403 0.003067484662576687 0.04912280701754386
0 0.499079754601227 0.18947368421052632 0.00245398773006135 0.042105263157894736
0 0.49616564417177916 0.25087719298245614 0.0027607361963190185 0.031578947368421054
0 0.7388036809815951 0.33157894736842103 0.003374233128834356 0.056140350877192984
0 0.6245398773006134 0.37543859649122807 0.0036809815950920245 0.05964912280701754
0 0.6078220858895705 0.5008771929824561 0.004601226993865031 0.07192982456140351
0 0.5984662576687116 0.2982456140350877 0.003067484662576687 0.05263157894736842
0 0.5808282208588957 0.256140350877193 0.0027607361963190185 0.04912280701754386
0 0.5487730061349694 0.5359649122807018 0.0049079754601227 0.07543859649122807
0 0.5533742331288344 0.3850877192982456 0.0036809815950920245 0.06140350877192982
0 0.5019938650306749 0.3605263157894737 0.003374233128834356 0.05087719298245614
0 0.5233128834355828 0.2964912280701754 0.003067484662576687 0.05263157894736842
0 0.5453987730061349 0.21754385964912282 0.00245398773006135 0.042105263157894736
0 0.4539877300613497 0.37719298245614036 0.0036809815950920245 0.05964912280701754