0 0.1995398773006135 0.3815789473684211 0.003374233128834356 0.06140350877192982
0 0.17438650306748466 0.5289473684210526 0.004601226993865031 0.05789473684210526
0 0.33113496932515335 0.5 0.004601226993865031 0.07017543859649122
0 0.248159509202454 0.41842105263157897 0.004294478527607362 0.05789473684210526
0 0.32745398773006135 0.3131578947368421 0.003374233128834356 0.05087719298245614
0 0.39447852760736196 0.37543859649122807 0.0036809815950920245 0.06315789473684211
0 0.4196319018404908 0.5649122807017544 0.0049079754601227 0.06666666666666667
0 0.43987730061349695 0.6131578947368421 0.005521472392638037 0.07192982456140351
0 0.5081288343558282 0.5105263157894737 0.004601226993865031 0.06666666666666667
0 0.49079754601226994 0.38859649122807016 0.0036809815950920245 0.06140350877192982
0 0.4596625766871166 0.24649122807017543 0.0027607361963190185 0.04736842105263158
0 0.4 0.4412280701754386 0.0049079754601227 0.0824561403508772
0 0.6802147239263804 0.34210526315789475 0.003374233128834356 0.056140350877192984
0 0.556441717791411 0.5421052631578948 0.0049079754601227 0.07719298245614035
0 0.46457055214723925 0.6912280701754386 0.005828220858895706 0.08771929824561403
0 0.5487730061349694 0.35350877192982455 0.0036809815950920245 0.05789473684210526
0 0.49739263803680983 0.25263157894736843 0.0027607361963190185 0.0456140350877193
0 0.31104294478527605 0.6850877192982456 0.006134969325153374 0.08947368421052632
0 0.475 0.5342105263157895 0.004601226993865031 0.0824561403508772
0 0.3478527607361963 0.5324561403508772 0.0049079754601227 0.07192982456140351
0 0.4326687116564417 0.39649122807017545 0.003987730061349694 0.06315789473684211
0 0.3406441717791411 0.3 0.003374233128834356 0.056140350877192984
0 0.16717791411042945 0.5429824561403509 0.0049079754601227 0.07192982456140351