0 0.2983128834355828 0.3105263157894737 0.003374233128834356 0.06315789473684211
0 0.5095092024539877 0.6394736842105263 0.005521472392638037 0.08596491228070176
0 0.4596625766871166 0.4052631578947368 0.003987730061349694 0.06315789473684211
0 0.47730061349693254 0.2149122807017544 0.00245398773006135 0.043859649122807015
0 0.5326687116564417 0.16842105263157894 0.003374233128834356 0.03508771929824561
0 0.5084355828220859 0.22456140350877193 0.0027607361963190185 0.0456140350877193
0 0.5262269938650307 0.40350877192982454 0.003987730061349694 0.06315789473684211
0 0.6579754601226994 0.5149122807017544 0.004294478527607362 0.06140350877192982
0 0.631441717791411 0.3333333333333333 0.003374233128834356 0.056140350877192984
0 0.6010736196319019 0.29736842105263156 0.003374233128834356 0.06140350877192982
0 0.5636503067484663 0.2307017543859649 0.003374233128834356 0.043859649122807015
0 0.5495398773006135 0.2482456140350877 0.003374233128834356 0.054385964912280704
0 0.752760736196319 0.3105263157894737 0.003067484662576687 0.031578947368421054
0 0.6521472392638037 0.34649122807017546 0.0036809815950920245 0.05789473684210526
0 0.6587423312883436 0.45 0.005214723926380368 0.07543859649122807
0 0.6441717791411042 0.2754385964912281 0.0036809815950920245 0.05263157894736842
0 0.55920245398773 0.1780701754385965 0.003067484662576687 0.04035087719298246
0 0.5815950920245399 0.5175438596491229 0.0049079754601227 0.07368421052631578
0 0.5980061349693252 0.34035087719298246 0.003374233128834356 0.056140350877192984
0 0.563957055214724 0.2649122807017544 0.003374233128834356 0.05263157894736842
0 0.5881901840490797 0.2412280701754386 0.003987730061349694 0.054385964912280704
0 0.5559815950920245 0.20350877192982456 0.003374233128834356 0.0456140350877193
0 0.5021472392638037 0.39035087719298245 0.0036809815950920245 0.06842105263157895