0 0.2630368098159509 0.33771929824561403 0.003987730061349694 0.06842105263157895
0 0.40751533742331286 0.5035087719298246 0.004601226993865031 0.07017543859649122
0 0.425 0.3605263157894737 0.003374233128834356 0.054385964912280704
0 0.425920245398773 0.3017543859649123 0.003374233128834356 0.056140350877192984
0 0.4322085889570552 0.2149122807017544 0.00245398773006135 0.043859649122807015
0 0.44969325153374234 0.38333333333333336 0.0036809815950920245 0.06140350877192982
0 0.4644171779141104 0.28771929824561404 0.003067484662576687 0.042105263157894736
0 0.4662576687116564 0.5263157894736842 0.0049079754601227 0.07017543859649122
0 0.5085889570552147 0.37543859649122807 0.0036809815950920245 0.05964912280701754
0 0.5144171779141105 0.2929824561403509 0.003067484662576687 0.05263157894736842
0 0.4911042944785276 0.21754385964912282 0.00245398773006135 0.042105263157894736
0 0.4780674846625767 0.4166666666666667 0.003987730061349694 0.06842105263157895
0 0.7038343558282208 0.3236842105263158 0.003374233128834356 0.054385964912280704
0 0.5960122699386503 0.45087719298245615 0.004294478527607362 0.06666666666666667
0 0.4822085889570552 0.7078947368421052 0.006134969325153374 0.09298245614035087
0 0.5636503067484663 0.25 0.0027607361963190185 0.04736842105263158
0 0.50920245398773 0.16842105263157894 0.003067484662576687 0.03508771929824561
0 0.3857361963190184 0.6649122807017543 0.005828220858895706 0.08771929824561403
0 0.43512269938650305 0.44035087719298244 0.003374233128834356 0.07017543859649122
0 0.5032208588957056 0.23421052631578948 0.0027607361963190185 0.043859649122807015
0 0.5260736196319018 0.3719298245614035 0.0036809815950920245 0.05964912280701754
0 0.4476993865030675 0.16403508771929826 0.002147239263803681 0.03333333333333333
0 0.44831288343558284 0.3131578947368421 0.003987730061349694 0.05789473684210526