0 0.2437116564417178 0.38596491228070173 0.003374233128834356 0.07368421052631578
0 0.2866564417177914 0.6491228070175439 0.005828220858895706 0.08421052631578947
0 0.29754601226993865 0.48157894736842105 0.005521472392638037 0.09649122807017543
0 0.3615030674846626 0.2543859649122807 0.0027607361963190185 0.04912280701754386
0 0.4503067484662577 0.18596491228070175 0.00245398773006135 0.028070175438596492
0 0.37883435582822084 0.35964912280701755 0.0036809815950920245 0.056140350877192984
0 0.4470858895705521 0.48947368421052634 0.004601226993865031 0.06666666666666667
0 0.5611963190184049 0.5587719298245614 0.005214723926380368 0.07543859649122807
0 0.5274539877300614 0.39824561403508774 0.003987730061349694 0.06315789473684211
0 0.5133435582822086 0.3385964912280702 0.003374233128834356 0.056140350877192984
0 0.49570552147239266 0.22719298245614036 0.00245398773006135 0.03684210526315789
0 0.49708588957055216 0.27982456140350875 0.003987730061349694 0.06491228070175438
0 0.71579754601227 0.35175438596491226 0.003374233128834356 0.05789473684210526
0 0.5714723926380368 0.43508771929824563 0.004294478527607362 0.06666666666666667
0 0.5728527607361963 0.5640350877192982 0.005214723926380368 0.07894736842105263
0 0.5449386503067485 0.3447368421052632 0.003374233128834356 0.05789473684210526
0 0.5358895705521473 0.2675438596491228 0.003067484662576687 0.04736842105263158
0 0.42300613496932515 0.6192982456140351 0.005521472392638037 0.08421052631578947
0 0.5171779141104295 0.4605263157894737 0.004294478527607362 0.06842105263157895
0 0.4285276073619632 0.4517543859649123 0.004294478527607362 0.06491228070175438
0 0.48726993865030677 0.3429824561403509 0.003374233128834356 0.05789473684210526
0 0.40782208588957053 0.2578947368421053 0.0027607361963190185 0.0456140350877193
0 0.3098159509202454 0.5035087719298246 0.0049079754601227 0.07368421052631578