0 0.24616564417177914 0.356140350877193 0.003374233128834356 0.05964912280701754
0 0.37852760736196317 0.6228070175438597 0.005521472392638037 0.08070175438596491
0 0.421319018404908 0.5087719298245614 0.004601226993865031 0.07368421052631578
0 0.39677914110429446 0.443859649122807 0.003987730061349694 0.06666666666666667
0 0.41088957055214725 0.3298245614035088 0.003374233128834356 0.056140350877192984
0 0.44171779141104295 0.45526315789473687 0.004294478527607362 0.06842105263157895
0 0.4156441717791411 0.6289473684210526 0.005521472392638037 0.0824561403508772
0 0.4476993865030675 0.6868421052631579 0.005828220858895706 0.07543859649122807
0 0.508282208588957 0.5333333333333333 0.004294478527607362 0.07017543859649122
0 0.5107361963190185 0.3798245614035088 0.0036809815950920245 0.06140350877192982
0 0.4381901840490798 0.25 0.0027607361963190185 0.043859649122807015
0 0.40690184049079753 0.5 0.003987730061349694 0.07017543859649122
0 0.7205521472392638 0.3508771929824561 0.0036809815950920245 0.056140350877192984
0 0.5512269938650307 0.55 0.0049079754601227 0.07543859649122807
0 0.37254601226993866 0.7412280701754386 0.007668711656441718 0.10350877192982456
0 0.5595092024539877 0.3605263157894737 0.0036809815950920245 0.05789473684210526
0 0.5041411042944786 0.23508771929824562 0.0027607361963190185 0.042105263157894736
0 0.39539877300613496 0.6982456140350877 0.006134969325153374 0.0912280701754386
0 0.4549079754601227 0.5394736842105263 0.005521472392638037 0.06842105263157895
0 0.3964723926380368 0.5631578947368421 0.004601226993865031 0.07017543859649122
0 0.4611963190184049 0.43157894736842106 0.004601226993865031 0.06666666666666667
0 0.4226993865030675 0.27017543859649124 0.004294478527607362 0.056140350877192984
0 0.36671779141104294 0.5622807017543859 0.005828220858895706 0.10350877192982456