0 0.2924846625766871 0.32894736842105265 0.003374233128834356 0.06491228070175438
0 0.4838957055214724 0.45526315789473687 0.003987730061349694 0.05789473684210526
0 0.4852760736196319 0.3307017543859649 0.0036809815950920245 0.06140350877192982
0 0.48466257668711654 0.2543859649122807 0.0036809815950920245 0.04912280701754386
0 0.48849693251533743 0.19298245614035087 0.003374233128834356 0.042105263157894736
0 0.604601226993865 0.27280701754385966 0.003067484662576687 0.05087719298245614
0 0.5358895705521473 0.22631578947368422 0.00245398773006135 0.0456140350877193
0 0.5578220858895706 0.4192982456140351 0.003987730061349694 0.05964912280701754
0 0.6423312883435582 0.36140350877192984 0.0036809815950920245 0.05964912280701754
0 0.6217791411042944 0.18596491228070175 0.00245398773006135 0.03508771929824561
0 0.55920245398773 0.18771929824561404 0.00245398773006135 0.031578947368421054
0 0.5570552147239264 0.2964912280701754 0.003067484662576687 0.04912280701754386
0 0.7188650306748466 0.25526315789473686 0.0027607361963190185 0.04736842105263158
0 0.7141104294478527 0.4324561403508772 0.004294478527607362 0.06491228070175438
0 0.6205521472392638 0.6157894736842106 0.005521472392638037 0.08070175438596491
0 0.6243865030674847 0.17105263157894737 0.003374233128834356 0.04035087719298246
0 0.5312883435582823 0.1570175438596491 0.003067484662576687 0.04035087719298246
0 0.49233128834355827 0.5385964912280702 0.0049079754601227 0.06666666666666667
0 0.6142638036809815 0.31842105263157894 0.003374233128834356 0.054385964912280704
0 0.5001533742331289 0.2307017543859649 0.0027607361963190185 0.043859649122807015
0 0.5934049079754601 0.22982456140350876 0.003374233128834356 0.04912280701754386
0 0.5260736196319018 0.19210526315789472 0.0036809815950920245 0.04736842105263158
0 0.48144171779141104 0.2912280701754386 0.003374233128834356 0.05964912280701754