0 0.2570552147239264 0.3447368421052632 0.003067484662576687 0.05789473684210526
0 0.40690184049079753 0.48157894736842105 0.004601226993865031 0.06842105263157895
0 0.421319018404908 0.39210526315789473 0.003374233128834356 0.06491228070175438
0 0.4226993865030675 0.3157894736842105 0.0036809815950920245 0.05263157894736842
0 0.4343558282208589 0.22456140350877193 0.00245398773006135 0.03508771929824561
0 0.4742331288343558 0.43508771929824563 0.004294478527607362 0.06666666666666667
0 0.475 0.30964912280701756 0.003374233128834356 0.054385964912280704
0 0.4838957055214724 0.5228070175438596 0.004601226993865031 0.07017543859649122
0 0.5288343558282208 0.38859649122807016 0.0036809815950920245 0.05087719298245614
0 0.5343558282208589 0.27807017543859647 0.003067484662576687 0.043859649122807015
0 0.48236196319018404 0.23684210526315788 0.0027607361963190185 0.03859649122807018
0 0.46886503067484664 0.443859649122807 0.003987730061349694 0.07017543859649122
0 0.7069018404907975 0.3298245614035088 0.003374233128834356 0.056140350877192984
0 0.5783742331288344 0.4219298245614035 0.003987730061349694 0.06491228070175438
0 0.5625766871165644 0.724561403508772 0.006134969325153374 0.09473684210526316
0 0.5840490797546012 0.2710526315789474 0.003067484662576687 0.05087719298245614
0 0.5099693251533742 0.17192982456140352 0.0027607361963190185 0.03508771929824561
0 0.403680981595092 0.5491228070175439 0.0049079754601227 0.07719298245614035
0 0.48113496932515337 0.48947368421052634 0.003987730061349694 0.07017543859649122
0 0.49447852760736194 0.26842105263157895 0.003067484662576687 0.04912280701754386
0 0.4714723926380368 0.3701754385964912 0.0036809815950920245 0.05263157894736842
0 0.4401840490797546 0.193859649122807 0.00245398773006135 0.04035087719298246
0 0.424079754601227 0.32894736842105265 0.003374233128834356 0.054385964912280704