0 0.2785276073619632 0.3543859649122807 0.003067484662576687 0.056140350877192984
0 0.4647239263803681 0.5543859649122806 0.0049079754601227 0.07017543859649122
0 0.47914110429447854 0.4131578947368421 0.003067484662576687 0.054385964912280704
0 0.48680981595092027 0.3385964912280702 0.003067484662576687 0.056140350877192984
0 0.49325153374233127 0.23859649122807017 0.0036809815950920245 0.042105263157894736
0 0.6401840490797546 0.43157894736842106 0.0036809815950920245 0.06315789473684211
0 0.5449386503067485 0.35175438596491226 0.003374233128834356 0.054385964912280704
0 0.5860429447852761 0.5771929824561404 0.005214723926380368 0.08070175438596491
0 0.6967791411042945 0.49122807017543857 0.004601226993865031 0.06666666666666667
0 0.6174846625766871 0.27982456140350875 0.003067484662576687 0.05087719298245614
0 0.5489263803680982 0.24035087719298245 0.0027607361963190185 0.042105263157894736
0 0.528680981595092 0.42543859649122806 0.004601226993865031 0.06140350877192982
0 0.7529141104294479 0.35 0.003374233128834356 0.05087719298245614
0 0.7214723926380369 0.5342105263157895 0.0049079754601227 0.07543859649122807
0 0.6013803680981595 0.7552631578947369 0.006441717791411043 0.09649122807017543
0 0.6343558282208589 0.20789473684210527 0.00245398773006135 0.043859649122807015
0 0.5343558282208589 0.1736842105263158 0.00245398773006135 0.031578947368421054
0 0.4690184049079755 0.6929824561403509 0.006134969325153374 0.0912280701754386
0 0.6394171779141105 0.4482456140350877 0.004601226993865031 0.06491228070175438
0 0.5248466257668711 0.2982456140350877 0.003067484662576687 0.04912280701754386
0 0.6570552147239264 0.37543859649122807 0.0036809815950920245 0.056140350877192984
0 0.497239263803681 0.2026315789473684 0.003067484662576687 0.043859649122807015
0 0.47868098159509204 0.38333333333333336 0.003374233128834356 0.054385964912280704