0 0.2785276073619632 0.3543859649122807 0.003067484662576687 0.056140350877192984
0 0.4644171779141104 0.5508771929824562 0.0049079754601227 0.07368421052631578
0 0.4789877300613497 0.41842105263157897 0.003374233128834356 0.05789473684210526
0 0.48665644171779143 0.3368421052631579 0.003374233128834356 0.056140350877192984
0 0.49279141104294477 0.23859649122807017 0.003374233128834356 0.042105263157894736
0 0.6421779141104295 0.42719298245614035 0.003987730061349694 0.06140350877192982
0 0.5452453987730062 0.35175438596491226 0.003374233128834356 0.054385964912280704
0 0.5842024539877301 0.5771929824561404 0.005214723926380368 0.08070175438596491
0 0.6940184049079755 0.48947368421052634 0.004601226993865031 0.07017543859649122
0 0.6177914110429448 0.27982456140350875 0.003067484662576687 0.05087719298245614
0 0.5492331288343558 0.2394736842105263 0.0027607361963190185 0.04035087719298246
0 0.5280674846625767 0.4263157894736842 0.004601226993865031 0.05964912280701754
0 0.7526073619631902 0.3526315789473684 0.003374233128834356 0.04912280701754386
0 0.7211656441717792 0.5342105263157895 0.0049079754601227 0.07543859649122807
0 0.5995398773006135 0.7552631578947369 0.006441717791411043 0.09649122807017543
0 0.6343558282208589 0.20701754385964913 0.00245398773006135 0.042105263157894736
0 0.5346625766871166 0.1736842105263158 0.00245398773006135 0.031578947368421054
0 0.46748466257668714 0.6929824561403509 0.006134969325153374 0.0912280701754386
0 0.6383435582822086 0.44649122807017544 0.0049079754601227 0.06842105263157895
0 0.5254601226993865 0.3 0.003067484662576687 0.0456140350877193
0 0.6588957055214724 0.38070175438596493 0.0036809815950920245 0.05964912280701754
0 0.497239263803681 0.2026315789473684 0.003067484662576687 0.043859649122807015
0 0.47868098159509204 0.38333333333333336 0.003374233128834356 0.054385964912280704