0 0.35184049079754603 0.3482456140350877 0.0036809815950920245 0.054385964912280704
0 0.899079754601227 0.7359649122807017 0.007361963190184049 0.08596491228070176
0 0.5053680981595092 0.39035087719298245 0.003987730061349694 0.06140350877192982
0 0.4947852760736196 0.3105263157894737 0.003067484662576687 0.05263157894736842
0 0.5707055214723926 0.21403508771929824 0.003987730061349694 0.04912280701754386
0 0.5693251533742332 0.3605263157894737 0.0036809815950920245 0.05789473684210526
0 0.6441717791411042 0.2964912280701754 0.003067484662576687 0.0456140350877193
0 0.6188650306748467 0.5131578947368421 0.004601226993865031 0.06491228070175438
0 0.7699386503067485 0.4 0.0049079754601227 0.07017543859649122
0 0.7515337423312883 0.37280701754385964 0.005521472392638037 0.06140350877192982
0 0.7012269938650306 0.2894736842105263 0.0036809815950920245 0.04912280701754386
0 0.6650306748466258 0.3526315789473684 0.0036809815950920245 0.05964912280701754
0 0.7127300613496933 0.28771929824561404 0.004601226993865031 0.056140350877192984
0 0.7414110429447853 0.3736842105263158 0.005521472392638037 0.07719298245614035
0 0.7331288343558282 0.5307017543859649 0.0049079754601227 0.07192982456140351
0 0.7032208588957055 0.2614035087719298 0.003374233128834356 0.04912280701754386
0 0.7280674846625766 0.3026315789473684 0.004601226993865031 0.05789473684210526
0 0.8438650306748466 0.6350877192982456 0.005521472392638037 0.056140350877192984
0 0.7029141104294478 0.3649122807017544 0.003987730061349694 0.05964912280701754
0 0.6111963190184049 0.3087719298245614 0.003374233128834356 0.04912280701754386
0 0.6667177914110429 0.2824561403508772 0.003987730061349694 0.056140350877192984
0 0.6041411042944785 0.1736842105263158 0.003374233128834356 0.0456140350877193
0 0.5035276073619632 0.34035087719298246 0.003987730061349694 0.05964912280701754