0 0.27561349693251536 0.3456140350877193 0.003987730061349694 0.056140350877192984
0 0.44585889570552145 0.5131578947368421 0.003987730061349694 0.06491228070175438
0 0.4657975460122699 0.38859649122807016 0.003987730061349694 0.06140350877192982
0 0.46809815950920247 0.2833333333333333 0.003067484662576687 0.05087719298245614
0 0.47208588957055214 0.2131578947368421 0.00245398773006135 0.043859649122807015
0 0.49493865030674844 0.3473684210526316 0.003374233128834356 0.056140350877192984
0 0.5153374233128835 0.25877192982456143 0.0036809815950920245 0.043859649122807015
0 0.4776073619631902 0.46578947368421053 0.004294478527607362 0.05789473684210526
0 0.552760736196319 0.37719298245614036 0.0036809815950920245 0.056140350877192984
0 0.5400306748466258 0.30964912280701756 0.003374233128834356 0.054385964912280704
0 0.5211656441717791 0.20526315789473684 0.0036809815950920245 0.042105263157894736
0 0.49187116564417177 0.4052631578947368 0.003987730061349694 0.06315789473684211
0 0.7219325153374233 0.3263157894736842 0.003374233128834356 0.056140350877192984
0 0.63420245398773 0.41578947368421054 0.003987730061349694 0.06315789473684211
0 0.550920245398773 0.7228070175438597 0.006134969325153374 0.0912280701754386
0 0.6021472392638036 0.27631578947368424 0.003067484662576687 0.05087719298245614
0 0.5274539877300614 0.16578947368421051 0.0027607361963190185 0.043859649122807015
0 0.448159509202454 0.624561403508772 0.005521472392638037 0.08421052631578947
0 0.5569018404907975 0.34035087719298246 0.003374233128834356 0.056140350877192984
0 0.5142638036809816 0.22280701754385965 0.003374233128834356 0.042105263157894736
0 0.48588957055214727 0.27982456140350875 0.003067484662576687 0.05087719298245614
0 0.47070552147239264 0.17192982456140352 0.0027607361963190185 0.03859649122807018
0 0.4573619631901841 0.40964912280701754 0.0036809815950920245 0.06491228070175438