0 0.27269938650306746 0.3482456140350877 0.0036809815950920245 0.06491228070175438
0 0.43144171779141105 0.6701754385964912 0.005828220858895706 0.08421052631578947
0 0.4039877300613497 0.4587719298245614 0.004294478527607362 0.06842105263157895
0 0.4289877300613497 0.2412280701754386 0.0027607361963190185 0.04736842105263158
0 0.5210122699386504 0.16578947368421051 0.0027607361963190185 0.03684210526315789
0 0.4592024539877301 0.2912280701754386 0.003067484662576687 0.04912280701754386
0 0.46809815950920247 0.4614035087719298 0.004294478527607362 0.06666666666666667
0 0.5904907975460123 0.5482456140350878 0.005521472392638037 0.08947368421052632
0 0.5848159509202454 0.4245614035087719 0.003987730061349694 0.05964912280701754
0 0.5590490797546013 0.3473684210526316 0.003374233128834356 0.05263157894736842
0 0.4687116564417178 0.3815789473684211 0.0036809815950920245 0.06140350877192982
0 0.5279141104294478 0.27982456140350875 0.0036809815950920245 0.05789473684210526
0 0.7280674846625766 0.3298245614035088 0.0027607361963190185 0.017543859649122806
0 0.6111963190184049 0.41754385964912283 0.003987730061349694 0.06315789473684211
0 0.6056748466257669 0.5517543859649123 0.003987730061349694 0.06140350877192982
0 0.5967791411042945 0.3368421052631579 0.003374233128834356 0.056140350877192984
0 0.5710122699386503 0.23684210526315788 0.0027607361963190185 0.0456140350877193
0 0.5311349693251534 0.5710526315789474 0.005214723926380368 0.07894736842105263
0 0.5452453987730062 0.41228070175438597 0.003987730061349694 0.06315789473684211
0 0.49263803680981594 0.37719298245614036 0.0036809815950920245 0.05263157894736842
0 0.5530674846625767 0.34385964912280703 0.005521472392638037 0.05964912280701754
0 0.5050613496932516 0.29210526315789476 0.003374233128834356 0.05087719298245614
0 0.4628834355828221 0.4535087719298246 0.0036809815950920245 0.06140350877192982