0 0.27162576687116563 0.3736842105263158 0.004601226993865031 0.07368421052631578
0 0.42868098159509205 0.5929824561403508 0.003374233128834356 0.07368421052631578
0 0.44217791411042945 0.49736842105263157 0.004601226993865031 0.07192982456140351
0 0.4354294478527607 0.38859649122807016 0.004601226993865031 0.06140350877192982
0 0.4348159509202454 0.40614035087719297 0.003987730061349694 0.06140350877192982
0 0.5030674846625767 0.44912280701754387 0.004294478527607362 0.06666666666666667
0 0.4808282208588957 0.5307017543859649 0.00705521472392638 0.06140350877192982
0 0.5572085889570552 0.5929824561403508 0.005214723926380368 0.06315789473684211
0 0.6291411042944786 0.5447368421052632 0.0049079754601227 0.07192982456140351
0 0.6035276073619632 0.4105263157894737 0.003987730061349694 0.06315789473684211
0 0.5423312883435583 0.28421052631578947 0.003067484662576687 0.0456140350877193
0 0.4673312883435583 0.393859649122807 0.0027607361963190185 0.05789473684210526
0 0.7322085889570552 0.3631578947368421 0.0036809815950920245 0.05964912280701754
0 0.5992331288343559 0.5026315789473684 0.004601226993865031 0.07192982456140351
0 0.5133435582822086 0.6526315789473685 0.005828220858895706 0.08771929824561403
0 0.5900306748466257 0.32456140350877194 0.003374233128834356 0.056140350877192984
0 0.536963190184049 0.23421052631578948 0.0027607361963190185 0.043859649122807015
0 0.4187116564417178 0.6982456140350877 0.006134969325153374 0.0912280701754386
0 0.529601226993865 0.47719298245614034 0.004601226993865031 0.07017543859649122
0 0.5105828220858896 0.5333333333333333 0.004601226993865031 0.056140350877192984
0 0.5435582822085889 0.3850877192982456 0.0036809815950920245 0.06140350877192982
0 0.4530674846625767 0.4649122807017544 0.004294478527607362 0.06315789473684211
0 0.45567484662576685 0.4236842105263158 0.003374233128834356 0.054385964912280704