0 0.2976993865030675 0.3105263157894737 0.003374233128834356 0.06315789473684211
0 0.5085889570552147 0.6403508771929824 0.005521472392638037 0.08421052631578947
0 0.45812883435582824 0.4087719298245614 0.003987730061349694 0.06315789473684211
0 0.4766871165644172 0.2149122807017544 0.00245398773006135 0.043859649122807015
0 0.5322085889570553 0.1675438596491228 0.0036809815950920245 0.043859649122807015
0 0.5072085889570552 0.22807017543859648 0.0027607361963190185 0.0456140350877193
0 0.5256134969325154 0.40789473684210525 0.003987730061349694 0.06140350877192982
0 0.6561349693251534 0.5149122807017544 0.004294478527607362 0.06140350877192982
0 0.629601226993865 0.33771929824561403 0.003374233128834356 0.04736842105263158
0 0.6006134969325153 0.29736842105263156 0.0036809815950920245 0.06140350877192982
0 0.5642638036809816 0.23771929824561402 0.003374233128834356 0.043859649122807015
0 0.5483128834355828 0.25087719298245614 0.003374233128834356 0.05263157894736842
0 0.7529141104294479 0.3219298245614035 0.003374233128834356 0.054385964912280704
0 0.6515337423312884 0.35 0.0036809815950920245 0.05789473684210526
0 0.6570552147239264 0.4517543859649123 0.0049079754601227 0.07543859649122807
0 0.6427914110429448 0.27982456140350875 0.003374233128834356 0.05087719298245614
0 0.5602760736196319 0.18157894736842106 0.002147239263803681 0.03333333333333333
0 0.5800613496932515 0.519298245614035 0.0049079754601227 0.07368421052631578
0 0.5970858895705522 0.34210526315789475 0.003374233128834356 0.056140350877192984
0 0.5627300613496933 0.27017543859649124 0.003374233128834356 0.04912280701754386
0 0.5888036809815951 0.24385964912280703 0.003987730061349694 0.056140350877192984
0 0.5524539877300614 0.20701754385964913 0.0036809815950920245 0.0456140350877193
0 0.5001533742331289 0.3956140350877193 0.003987730061349694 0.07192982456140351