0 0.2616564417177914 0.35 0.003067484662576687 0.06491228070175438
0 0.36211656441717793 0.6587719298245615 0.005828220858895706 0.08596491228070176
0 0.3558282208588957 0.4675438596491228 0.004294478527607362 0.06842105263157895
0 0.3924846625766871 0.24298245614035088 0.0027607361963190185 0.04736842105263158
0 0.5 0.17456140350877192 0.0036809815950920245 0.043859649122807015
0 0.41549079754601226 0.3201754385964912 0.003374233128834356 0.054385964912280704
0 0.4466257668711656 0.45964912280701753 0.004294478527607362 0.06315789473684211
0 0.5866564417177914 0.5640350877192982 0.005214723926380368 0.07894736842105263
0 0.5466257668711656 0.3719298245614035 0.0036809815950920245 0.05964912280701754
0 0.5319018404907976 0.3087719298245614 0.003067484662576687 0.0456140350877193
0 0.4647239263803681 0.2771929824561403 0.004294478527607362 0.042105263157894736
0 0.5142638036809816 0.2675438596491228 0.003987730061349694 0.06140350877192982
0 0.7075153374233129 0.3333333333333333 0.003374233128834356 0.056140350877192984
0 0.5817484662576687 0.39210526315789473 0.003987730061349694 0.06140350877192982
0 0.5914110429447853 0.5236842105263158 0.0049079754601227 0.07543859649122807
0 0.5602760736196319 0.3236842105263158 0.003374233128834356 0.054385964912280704
0 0.5427914110429448 0.2412280701754386 0.0027607361963190185 0.04736842105263158
0 0.47776073619631904 0.5675438596491228 0.005214723926380368 0.07894736842105263
0 0.524079754601227 0.41842105263157897 0.003987730061349694 0.06491228070175438
0 0.4570552147239264 0.3649122807017544 0.0036809815950920245 0.056140350877192984
0 0.5059815950920246 0.2982456140350877 0.004601226993865031 0.056140350877192984
0 0.4651840490797546 0.24912280701754386 0.003374233128834356 0.04912280701754386
0 0.39969325153374236 0.4824561403508772 0.0049079754601227 0.07017543859649122