0 0.2552147239263804 0.3456140350877193 0.003067484662576687 0.05263157894736842
0 0.3806748466257669 0.5640350877192982 0.0049079754601227 0.05087719298245614
0 0.42024539877300615 0.3824561403508772 0.0036809815950920245 0.05964912280701754
0 0.41978527607361965 0.3307017543859649 0.003374233128834356 0.054385964912280704
0 0.427760736196319 0.25 0.0027607361963190185 0.04736842105263158
0 0.4526073619631902 0.42719298245614035 0.003987730061349694 0.06491228070175438
0 0.4605828220858896 0.31140350877192985 0.003374233128834356 0.054385964912280704
0 0.46503067484662575 0.5885964912280702 0.0049079754601227 0.07894736842105263
0 0.5001533742331289 0.42543859649122806 0.003987730061349694 0.06491228070175438
0 0.5115030674846626 0.33596491228070174 0.003374233128834356 0.054385964912280704
0 0.48941717791411044 0.22982456140350876 0.003374233128834356 0.03859649122807018
0 0.4634969325153374 0.47017543859649125 0.004294478527607362 0.07719298245614035
0 0.7118098159509203 0.3350877192982456 0.003374233128834356 0.056140350877192984
0 0.5909509202453987 0.4842105263157895 0.004601226993865031 0.07017543859649122
0 0.47883435582822087 0.7149122807017544 0.006134969325153374 0.09298245614035087
0 0.5868098159509203 0.2868421052631579 0.003067484662576687 0.05087719298245614
0 0.5180981595092025 0.18421052631578946 0.00245398773006135 0.03859649122807018
0 0.36533742331288344 0.7096491228070175 0.006134969325153374 0.09298245614035087
0 0.45475460122699385 0.45087719298245615 0.003374233128834356 0.06666666666666667
0 0.48895705521472393 0.2692982456140351 0.004294478527607362 0.043859649122807015
0 0.529601226993865 0.41754385964912283 0.003987730061349694 0.04912280701754386
0 0.44217791411042945 0.1763157894736842 0.002147239263803681 0.04035087719298246
0 0.44739263803680984 0.35350877192982455 0.003987730061349694 0.06140350877192982