0 0.28404907975460125 0.32280701754385965 0.0049079754601227 0.056140350877192984
0 0.4656441717791411 0.45263157894736844 0.004294478527607362 0.06315789473684211
0 0.46457055214723925 0.3543859649122807 0.003987730061349694 0.056140350877192984
0 0.47745398773006137 0.256140350877193 0.0027607361963190185 0.04912280701754386
0 0.4780674846625767 0.1780701754385965 0.002147239263803681 0.04035087719298246
0 0.5165644171779141 0.29473684210526313 0.003067484662576687 0.04912280701754386
0 0.5199386503067485 0.2149122807017544 0.00245398773006135 0.03684210526315789
0 0.5728527607361963 0.42543859649122806 0.003987730061349694 0.06491228070175438
0 0.5911042944785276 0.27017543859649124 0.003067484662576687 0.04912280701754386
0 0.6170245398773007 0.24385964912280703 0.0027607361963190185 0.0456140350877193
0 0.5858895705521472 0.1868421052631579 0.00245398773006135 0.03684210526315789
0 0.5256134969325154 0.3333333333333333 0.003374233128834356 0.056140350877192984
0 0.7395705521472392 0.30350877192982456 0.003067484662576687 0.05263157894736842
0 0.6746932515337424 0.3956140350877193 0.004601226993865031 0.07192982456140351
0 0.6400306748466258 0.5052631578947369 0.004601226993865031 0.07017543859649122
0 0.6542944785276074 0.22105263157894736 0.00245398773006135 0.042105263157894736
0 0.598159509202454 0.18070175438596492 0.00245398773006135 0.03859649122807018
0 0.48374233128834354 0.4692982456140351 0.004294478527607362 0.06842105263157895
0 0.5716257668711656 0.33157894736842103 0.003374233128834356 0.056140350877192984
0 0.5026073619631902 0.22982456140350876 0.0027607361963190185 0.0456140350877193
0 0.6039877300613496 0.2649122807017544 0.003067484662576687 0.04912280701754386
0 0.48573619631901843 0.17719298245614035 0.003374233128834356 0.03859649122807018
0 0.46411042944785275 0.3456140350877193 0.004294478527607362 0.06315789473684211