0 0.202760736196319 0.40614035087719297 0.004294478527607362 0.06140350877192982
0 0.17730061349693252 0.5473684210526316 0.0049079754601227 0.056140350877192984
0 0.3099693251533742 0.4956140350877193 0.004601226993865031 0.07192982456140351
0 0.2958588957055215 0.3350877192982456 0.003374233128834356 0.056140350877192984
0 0.37760736196319017 0.25263157894736843 0.0036809815950920245 0.04912280701754386
0 0.3852760736196319 0.3543859649122807 0.0036809815950920245 0.05263157894736842
0 0.4226993865030675 0.543859649122807 0.0049079754601227 0.07017543859649122
0 0.48803680981595093 0.6052631578947368 0.005521472392638037 0.07719298245614035
0 0.508282208588957 0.4605263157894737 0.004294478527607362 0.06842105263157895
0 0.49693251533742333 0.3868421052631579 0.0036809815950920245 0.06140350877192982
0 0.4838957055214724 0.24210526315789474 0.0027607361963190185 0.042105263157894736
0 0.4331288343558282 0.3798245614035088 0.0036809815950920245 0.06491228070175438
0 0.6927914110429448 0.34385964912280703 0.003374233128834356 0.056140350877192984
0 0.5556748466257668 0.4842105263157895 0.004601226993865031 0.07017543859649122
0 0.5085889570552147 0.6447368421052632 0.005521472392638037 0.08596491228070176
0 0.5395705521472393 0.3701754385964912 0.0036809815950920245 0.05964912280701754
0 0.5079754601226993 0.2631578947368421 0.003067484662576687 0.04912280701754386
0 0.34984662576687114 0.6491228070175439 0.005828220858895706 0.08421052631578947
0 0.5042944785276073 0.525438596491228 0.0049079754601227 0.07543859649122807
0 0.3708588957055215 0.5149122807017544 0.004294478527607362 0.07192982456140351
0 0.4457055214723926 0.36666666666666664 0.0036809815950920245 0.05964912280701754
0 0.36533742331288344 0.2824561403508772 0.0036809815950920245 0.05964912280701754
0 0.18450920245398772 0.5429824561403509 0.00705521472392638 0.07894736842105263