0 0.3062883435582822 0.2956140350877193 0.0027607361963190185 0.05087719298245614
0 0.5170245398773006 0.5087719298245614 0.004601226993865031 0.06315789473684211
0 0.4535276073619632 0.31666666666666665 0.003374233128834356 0.04736842105263158
0 0.45429447852760735 0.18596491228070175 0.00245398773006135 0.042105263157894736
0 0.5124233128834356 0.16228070175438597 0.002147239263803681 0.04035087719298246
0 0.526840490797546 0.30087719298245613 0.003374233128834356 0.043859649122807015
0 0.5256134969325154 0.19824561403508772 0.0027607361963190185 0.03859649122807018
0 0.5780674846625767 0.4017543859649123 0.003987730061349694 0.0456140350877193
0 0.5820552147239264 0.26842105263157895 0.0027607361963190185 0.031578947368421054
0 0.496319018404908 0.27807017543859647 0.003067484662576687 0.05087719298245614
0 0.558282208588957 0.17280701754385966 0.00245398773006135 0.03684210526315789
0 0.5329754601226994 0.23421052631578948 0.003374233128834356 0.054385964912280704
0 0.7394171779141104 0.3236842105263158 0.003374233128834356 0.054385964912280704
0 0.6039877300613496 0.2912280701754386 0.003067484662576687 0.05263157894736842
0 0.6 0.3719298245614035 0.0036809815950920245 0.04912280701754386
0 0.5906441717791411 0.2517543859649123 0.0027607361963190185 0.04736842105263158
0 0.5705521472392638 0.18947368421052632 0.0036809815950920245 0.03508771929824561
0 0.5507668711656442 0.4070175438596491 0.003987730061349694 0.06315789473684211
0 0.5177914110429448 0.28771929824561404 0.003067484662576687 0.04912280701754386
0 0.5052147239263803 0.20087719298245615 0.0036809815950920245 0.04736842105263158
0 0.560122699386503 0.23771929824561402 0.00245398773006135 0.04035087719298246
0 0.5243865030674847 0.17017543859649123 0.0027607361963190185 0.03859649122807018
0 0.4820552147239264 0.2236842105263158 0.0027607361963190185 0.04736842105263158