0 0.26426380368098157 0.36578947368421055 0.004601226993865031 0.06842105263157895
0 0.40996932515337425 0.5877192982456141 0.003374233128834356 0.07017543859649122
0 0.4092024539877301 0.49736842105263157 0.004294478527607362 0.06140350877192982
0 0.421319018404908 0.41403508771929826 0.003987730061349694 0.04912280701754386
0 0.4285276073619632 0.35964912280701755 0.0036809815950920245 0.07368421052631578
0 0.49555214723926383 0.4166666666666667 0.003987730061349694 0.05087719298245614
0 0.47607361963190187 0.5421052631578948 0.0049079754601227 0.07368421052631578
0 0.5003067484662577 0.6289473684210526 0.005521472392638037 0.06140350877192982
0 0.5947852760736196 0.5298245614035088 0.0049079754601227 0.07017543859649122
0 0.5682515337423313 0.4017543859649123 0.003987730061349694 0.06315789473684211
0 0.5085889570552147 0.2771929824561403 0.003067484662576687 0.042105263157894736
0 0.44785276073619634 0.41403508771929826 0.00245398773006135 0.06315789473684211
0 0.7196319018404908 0.37719298245614036 0.0036809815950920245 0.05964912280701754
0 0.5840490797546012 0.5140350877192983 0.0049079754601227 0.07368421052631578
0 0.4920245398773006 0.6982456140350877 0.006134969325153374 0.0912280701754386
0 0.5799079754601227 0.31491228070175437 0.003374233128834356 0.054385964912280704
0 0.5108895705521472 0.22280701754385965 0.0027607361963190185 0.0456140350877193
0 0.3934049079754601 0.7263157894736842 0.006441717791411043 0.09473684210526316
0 0.5372699386503067 0.49912280701754386 0.004601226993865031 0.07192982456140351
0 0.5113496932515338 0.5307017543859649 0.0049079754601227 0.06842105263157895
0 0.5343558282208589 0.38421052631578945 0.0036809815950920245 0.05964912280701754
0 0.4559815950920245 0.40614035087719297 0.003374233128834356 0.06842105263157895
0 0.4205521472392638 0.45087719298245615 0.004294478527607362 0.05263157894736842