0 0.26380368098159507 0.3017543859649123 0.004294478527607362 0.06315789473684211
0 0.4664110429447853 0.6947368421052632 0.005828220858895706 0.0912280701754386
0 0.37285276073619633 0.42543859649122806 0.003987730061349694 0.06491228070175438
0 0.39769938650306746 0.22807017543859648 0.0027607361963190185 0.0456140350877193
0 0.4493865030674847 0.1868421052631579 0.00245398773006135 0.03684210526315789
0 0.4588957055214724 0.3201754385964912 0.003067484662576687 0.054385964912280704
0 0.47837423312883437 0.23596491228070177 0.0027607361963190185 0.043859649122807015
0 0.588036809815951 0.4543859649122807 0.004294478527607362 0.06666666666666667
0 0.5705521472392638 0.35350877192982455 0.0036809815950920245 0.05789473684210526
0 0.5659509202453987 0.2833333333333333 0.003067484662576687 0.05087719298245614
0 0.5125766871165645 0.16842105263157894 0.00245398773006135 0.031578947368421054
0 0.5188650306748466 0.24736842105263157 0.0027607361963190185 0.0456140350877193
0 0.729601226993865 0.3236842105263158 0.003374233128834356 0.054385964912280704
0 0.5805214723926381 0.3368421052631579 0.003374233128834356 0.056140350877192984
0 0.5950920245398773 0.4324561403508772 0.004294478527607362 0.06491228070175438
0 0.5773006134969325 0.27456140350877195 0.003067484662576687 0.05087719298245614
0 0.558282208588957 0.21052631578947367 0.00245398773006135 0.042105263157894736
0 0.5134969325153375 0.4456140350877193 0.004294478527607362 0.06315789473684211
0 0.5381901840490797 0.31140350877192985 0.003374233128834356 0.054385964912280704
0 0.4808282208588957 0.24561403508771928 0.0027607361963190185 0.03859649122807018
0 0.5180981595092025 0.24473684210526317 0.00245398773006135 0.043859649122807015
0 0.4756134969325153 0.19035087719298247 0.003987730061349694 0.05087719298245614
0 0.4423312883435583 0.3043859649122807 0.0036809815950920245 0.054385964912280704