0 0.32929447852760735 0.32456140350877194 0.003374233128834356 0.05964912280701754
0 0.5702453987730062 0.5622807017543859 0.0049079754601227 0.07543859649122807
0 0.5196319018404908 0.3631578947368421 0.0036809815950920245 0.05964912280701754
0 0.5130368098159509 0.25 0.0027607361963190185 0.04736842105263158
0 0.6722392638036809 0.1912280701754386 0.003987730061349694 0.0456140350877193
0 0.5565950920245398 0.22982456140350876 0.0027607361963190185 0.0456140350877193
0 0.5854294478527607 0.31491228070175437 0.003374233128834356 0.05087719298245614
0 0.7312883435582822 0.4131578947368421 0.0036809815950920245 0.06140350877192982
0 0.6480061349693251 0.2578947368421053 0.0027607361963190185 0.03859649122807018
0 0.6960122699386503 0.3368421052631579 0.0036809815950920245 0.06315789473684211
0 0.6148773006134969 0.18421052631578946 0.003987730061349694 0.042105263157894736
0 0.618558282208589 0.23508771929824562 0.003987730061349694 0.05263157894736842
0 0.7743865030674847 0.3280701754385965 0.004601226993865031 0.05263157894736842
0 0.7133435582822086 0.32719298245614037 0.004601226993865031 0.05789473684210526
0 0.7342024539877301 0.39035087719298245 0.003987730061349694 0.05789473684210526
0 0.6857361963190184 0.23859649122807017 0.0027607361963190185 0.05263157894736842
0 0.6693251533742332 0.2043859649122807 0.004294478527607362 0.043859649122807015
0 0.673159509202454 0.4885964912280702 0.004601226993865031 0.07192982456140351
0 0.675920245398773 0.3131578947368421 0.003374233128834356 0.054385964912280704
0 0.5863496932515337 0.25526315789473686 0.0027607361963190185 0.04736842105263158
0 0.6539877300613497 0.2692982456140351 0.0036809815950920245 0.05087719298245614
0 0.6273006134969326 0.19649122807017544 0.0036809815950920245 0.0456140350877193
0 0.5427914110429448 0.35175438596491226 0.003987730061349694 0.054385964912280704