0 0.24984662576687117 0.3543859649122807 0.003987730061349694 0.056140350877192984
0 0.3918711656441718 0.5833333333333334 0.003987730061349694 0.06842105263157895
0 0.4096625766871166 0.46228070175438596 0.004601226993865031 0.06842105263157895
0 0.4041411042944785 0.4166666666666667 0.003987730061349694 0.06491228070175438
0 0.41932515337423315 0.3157894736842105 0.003067484662576687 0.05964912280701754
0 0.4719325153374233 0.393859649122807 0.003987730061349694 0.06140350877192982
0 0.453680981595092 0.5096491228070176 0.00245398773006135 0.05789473684210526
0 0.44079754601226995 0.6149122807017544 0.004294478527607362 0.0824561403508772
0 0.5319018404907976 0.5052631578947369 0.004294478527607362 0.07368421052631578
0 0.5207055214723927 0.39473684210526316 0.003987730061349694 0.05964912280701754
0 0.45245398773006135 0.27456140350877195 0.003067484662576687 0.05087719298245614
0 0.4280674846625767 0.47719298245614034 0.003987730061349694 0.06666666666666667
0 0.7049079754601227 0.35526315789473684 0.0036809815950920245 0.05789473684210526
0 0.553680981595092 0.5561403508771929 0.004294478527607362 0.07017543859649122
0 0.44171779141104295 0.7017543859649122 0.006134969325153374 0.0912280701754386
0 0.5828220858895705 0.2964912280701754 0.003067484662576687 0.05263157894736842
0 0.47438650306748464 0.19473684210526315 0.0027607361963190185 0.04912280701754386
0 0.37285276073619633 0.7464912280701754 0.006441717791411043 0.09649122807017543
0 0.4815950920245399 0.5236842105263158 0.0049079754601227 0.07543859649122807
0 0.4480061349693252 0.4964912280701754 0.003987730061349694 0.07017543859649122
0 0.49785276073619633 0.37105263157894736 0.0036809815950920245 0.05087719298245614
0 0.42760736196319016 0.29736842105263156 0.003067484662576687 0.04736842105263158
0 0.41549079754601226 0.437719298245614 0.003987730061349694 0.06842105263157895