0 0.275920245398773 0.36666666666666664 0.003987730061349694 0.05263157894736842
0 0.47254601226993864 0.6780701754385965 0.005828220858895706 0.07192982456140351
0 0.4544478527607362 0.4807017543859649 0.003374233128834356 0.07368421052631578
0 0.4776073619631902 0.3587719298245614 0.0036809815950920245 0.05789473684210526
0 0.49371165644171777 0.23157894736842105 0.0027607361963190185 0.042105263157894736
0 0.5912576687116564 0.5157894736842106 0.004601226993865031 0.07368421052631578
0 0.5337423312883436 0.3675438596491228 0.0036809815950920245 0.05789473684210526
0 0.6475460122699387 0.7105263157894737 0.006134969325153374 0.08421052631578947
0 0.6835889570552147 0.4921052631578947 0.004601226993865031 0.06140350877192982
0 0.6346625766871166 0.3508771929824561 0.0036809815950920245 0.056140350877192984
0 0.568558282208589 0.24736842105263157 0.0027607361963190185 0.0456140350877193
0 0.5355828220858896 0.4535087719298246 0.004294478527607362 0.06491228070175438
0 0.7576687116564417 0.37543859649122807 0.0036809815950920245 0.05964912280701754
0 0.7634969325153375 0.5543859649122806 0.0049079754601227 0.06315789473684211
0 0.6794478527607362 0.7850877192982456 0.006748466257668712 0.1
0 0.674079754601227 0.24473684210526317 0.0027607361963190185 0.04736842105263158
0 0.5622699386503067 0.18157894736842106 0.0036809815950920245 0.04035087719298246
0 0.475920245398773 0.7464912280701754 0.006441717791411043 0.09649122807017543
0 0.6269938650306749 0.5271929824561403 0.0049079754601227 0.07543859649122807
0 0.5105828220858896 0.34912280701754383 0.003374233128834356 0.05263157894736842
0 0.6193251533742331 0.3701754385964912 0.0036809815950920245 0.05964912280701754
0 0.49217791411042944 0.1868421052631579 0.003374233128834356 0.04736842105263158
0 0.4584355828220859 0.47017543859649125 0.003987730061349694 0.05964912280701754