0 0.28343558282208586 0.3447368421052632 0.004294478527607362 0.05789473684210526
0 0.4854294478527607 0.4614035087719298 0.003987730061349694 0.06315789473684211
0 0.4845092024539877 0.35964912280701755 0.003374233128834356 0.05964912280701754
0 0.49263803680981594 0.2929824561403509 0.003067484662576687 0.05263157894736842
0 0.5003067484662577 0.20964912280701756 0.003067484662576687 0.03333333333333333
0 0.5766871165644172 0.32280701754385965 0.0036809815950920245 0.056140350877192984
0 0.5315950920245399 0.2807017543859649 0.003067484662576687 0.04912280701754386
0 0.575 0.5105263157894737 0.004601226993865031 0.07017543859649122
0 0.6906441717791411 0.3333333333333333 0.003374233128834356 0.042105263157894736
0 0.6108895705521472 0.2482456140350877 0.0027607361963190185 0.04736842105263158
0 0.55 0.21052631578947367 0.00245398773006135 0.042105263157894736
0 0.5214723926380368 0.40087719298245617 0.0036809815950920245 0.07192982456140351
0 0.6993865030674846 0.3017543859649123 0.003067484662576687 0.05263157894736842
0 0.7062883435582822 0.46842105263157896 0.004601226993865031 0.07368421052631578
0 0.6136503067484662 0.6692982456140351 0.005828220858895706 0.08947368421052632
0 0.6355828220858896 0.19824561403508772 0.00245398773006135 0.03859649122807018
0 0.5233128834355828 0.16578947368421051 0.003067484662576687 0.03333333333333333
0 0.4920245398773006 0.5412280701754386 0.0049079754601227 0.07543859649122807
0 0.5760736196319018 0.4368421052631579 0.004294478527607362 0.06666666666666667
0 0.5121165644171779 0.2578947368421053 0.0027607361963190185 0.0456140350877193
0 0.5865030674846625 0.30964912280701756 0.0049079754601227 0.06491228070175438
0 0.5006134969325153 0.19210526315789472 0.003067484662576687 0.03684210526315789
0 0.4840490797546012 0.31842105263157894 0.0036809815950920245 0.05789473684210526