0 0.22760736196319017 0.3298245614035088 0.003067484662576687 0.05263157894736842
0 0.27039877300613496 0.4359649122807018 0.003374233128834356 0.054385964912280704
0 0.2771472392638037 0.37280701754385964 0.0027607361963190185 0.05087719298245614
0 0.28542944785276075 0.2894736842105263 0.003374233128834356 0.056140350877192984
0 0.3131901840490798 0.20350877192982456 0.0036809815950920245 0.04912280701754386
0 0.3291411042944785 0.34649122807017546 0.0036809815950920245 0.05789473684210526
0 0.3343558282208589 0.2912280701754386 0.003067484662576687 0.03508771929824561
0 0.38190184049079756 0.5298245614035088 0.0049079754601227 0.07017543859649122
0 0.5127300613496932 0.40350877192982454 0.003987730061349694 0.06315789473684211
0 0.4329754601226994 0.34210526315789475 0.003374233128834356 0.05263157894736842
0 0.33113496932515335 0.21052631578947367 0.003987730061349694 0.031578947368421054
0 0.36226993865030677 0.38070175438596493 0.004294478527607362 0.07719298245614035
0 0.688036809815951 0.3192982456140351 0.003067484662576687 0.05263157894736842
0 0.5228527607361964 0.393859649122807 0.003987730061349694 0.06140350877192982
0 0.4371165644171779 0.5324561403508772 0.0049079754601227 0.07192982456140351
0 0.5141104294478528 0.27631578947368424 0.003067484662576687 0.05087719298245614
0 0.4601226993865031 0.20614035087719298 0.00245398773006135 0.043859649122807015
0 0.27929447852760736 0.4280701754385965 0.004601226993865031 0.07017543859649122
0 0.37883435582822084 0.3263157894736842 0.0036809815950920245 0.05964912280701754
0 0.32515337423312884 0.30964912280701756 0.004294478527607362 0.05087719298245614
0 0.4441717791411043 0.2868421052631579 0.003067484662576687 0.05087719298245614
0 0.3173312883435583 0.19649122807017544 0.003374233128834356 0.042105263157894736
0 0.2691717791411043 0.4052631578947368 0.003987730061349694 0.05964912280701754