0 0.325 0.3236842105263158 0.003374233128834356 0.05789473684210526
0 0.5584355828220859 0.5807017543859649 0.005214723926380368 0.08070175438596491
0 0.5116564417177915 0.36666666666666664 0.0036809815950920245 0.05964912280701754
0 0.5072085889570552 0.24649122807017543 0.0027607361963190185 0.04736842105263158
0 0.6480061349693251 0.18947368421052632 0.003987730061349694 0.0456140350877193
0 0.5447852760736196 0.21754385964912282 0.00245398773006135 0.03508771929824561
0 0.5662576687116564 0.30964912280701756 0.003067484662576687 0.04736842105263158
0 0.7142638036809816 0.4324561403508772 0.003987730061349694 0.06140350877192982
0 0.6328220858895706 0.23859649122807017 0.003067484662576687 0.03508771929824561
0 0.6717791411042945 0.31666666666666665 0.003067484662576687 0.05087719298245614
0 0.6042944785276073 0.19298245614035087 0.003067484662576687 0.042105263157894736
0 0.6015337423312883 0.23508771929824562 0.0036809815950920245 0.05263157894736842
0 0.7728527607361964 0.32894736842105265 0.004601226993865031 0.054385964912280704
0 0.6929447852760736 0.3157894736842105 0.004294478527607362 0.056140350877192984
0 0.7124233128834356 0.39473684210526316 0.004601226993865031 0.06315789473684211
0 0.6595092024539877 0.23421052631578948 0.0036809815950920245 0.05087719298245614
0 0.6441717791411042 0.20964912280701756 0.0036809815950920245 0.04035087719298246
0 0.6547546012269939 0.5017543859649123 0.004601226993865031 0.07017543859649122
0 0.6533742331288344 0.3105263157894737 0.003067484662576687 0.03859649122807018
0 0.5756134969325153 0.2596491228070175 0.0027607361963190185 0.04912280701754386
0 0.6315950920245399 0.2596491228070175 0.0036809815950920245 0.05263157894736842
0 0.6121165644171779 0.20789473684210527 0.003374233128834356 0.054385964912280704
0 0.537883435582822 0.3526315789473684 0.003987730061349694 0.056140350877192984