0 0.2593558282208589 0.35789473684210527 0.003374233128834356 0.08070175438596491
0 0.35383435582822087 0.6614035087719298 0.005828220858895706 0.08421052631578947
0 0.349079754601227 0.47017543859649125 0.004294478527607362 0.07017543859649122
0 0.38880368098159507 0.24473684210526317 0.0027607361963190185 0.04736842105263158
0 0.4947852760736196 0.1763157894736842 0.003067484662576687 0.043859649122807015
0 0.4105828220858896 0.33157894736842103 0.003374233128834356 0.056140350877192984
0 0.44447852760736195 0.4605263157894737 0.004294478527607362 0.06140350877192982
0 0.5842024539877301 0.5868421052631579 0.005214723926380368 0.03684210526315789
0 0.5444785276073619 0.37543859649122807 0.0036809815950920245 0.05964912280701754
0 0.5289877300613497 0.31842105263157894 0.003374233128834356 0.054385964912280704
0 0.4662576687116564 0.27982456140350875 0.003067484662576687 0.04736842105263158
0 0.5124233128834356 0.26842105263157895 0.003987730061349694 0.06666666666666667
0 0.7065950920245399 0.33157894736842103 0.003374233128834356 0.056140350877192984
0 0.5786809815950921 0.39649122807017545 0.003987730061349694 0.06315789473684211
0 0.588957055214724 0.5263157894736842 0.0049079754601227 0.07368421052631578
0 0.5593558282208589 0.3263157894736842 0.003374233128834356 0.056140350877192984
0 0.5403374233128835 0.2412280701754386 0.0027607361963190185 0.04736842105263158
0 0.47070552147239264 0.5763157894736842 0.005214723926380368 0.07894736842105263
0 0.5225460122699387 0.4236842105263158 0.003987730061349694 0.06491228070175438
0 0.454601226993865 0.3719298245614035 0.0036809815950920245 0.05964912280701754
0 0.5007668711656442 0.30526315789473685 0.003374233128834356 0.05263157894736842
0 0.4596625766871166 0.24561403508771928 0.003374233128834356 0.04912280701754386
0 0.39079754601226996 0.48333333333333334 0.0049079754601227 0.06842105263157895