0 0.3437116564417178 0.2789473684210526 0.004601226993865031 0.07017543859649122
0 0.49555214723926383 0.41578947368421054 0.003987730061349694 0.03859649122807018
0 0.45291411042944785 0.23157894736842105 0.0027607361963190185 0.0456140350877193
0 0.475920245398773 0.20614035087719298 0.003374233128834356 0.04736842105263158
0 0.5466257668711656 0.1570175438596491 0.00245398773006135 0.04736842105263158
0 0.5697852760736196 0.23421052631578948 0.0027607361963190185 0.04736842105263158
0 0.5266871165644171 0.20526315789473684 0.00245398773006135 0.03859649122807018
0 0.6127300613496932 0.4017543859649123 0.003987730061349694 0.06315789473684211
0 0.5940184049079754 0.2614035087719298 0.0027607361963190185 0.04912280701754386
0 0.5392638036809816 0.27456140350877195 0.003067484662576687 0.05087719298245614
0 0.5541411042944785 0.17894736842105263 0.002147239263803681 0.028070175438596492
0 0.5516871165644172 0.23771929824561402 0.003374233128834356 0.054385964912280704
0 0.7118098159509203 0.30964912280701756 0.003374233128834356 0.054385964912280704
0 0.6242331288343558 0.2754385964912281 0.0036809815950920245 0.056140350877192984
0 0.6263803680981596 0.35 0.0036809815950920245 0.05789473684210526
0 0.6026073619631902 0.22807017543859648 0.003987730061349694 0.05263157894736842
0 0.6 0.20614035087719298 0.0036809815950920245 0.05087719298245614
0 0.5516871165644172 0.393859649122807 0.003987730061349694 0.06140350877192982
0 0.5638036809815951 0.27456140350877195 0.003067484662576687 0.05087719298245614
0 0.5299079754601227 0.24649122807017543 0.0027607361963190185 0.04736842105263158
0 0.5593558282208589 0.20964912280701756 0.0027607361963190185 0.043859649122807015
0 0.5098159509202455 0.16403508771929826 0.003067484662576687 0.03684210526315789
0 0.48190184049079754 0.21578947368421053 0.003067484662576687 0.04912280701754386