0 0.2878834355828221 0.35175438596491226 0.003987730061349694 0.054385964912280704
0 0.4906441717791411 0.5017543859649123 0.003987730061349694 0.07017543859649122
0 0.48911042944785277 0.3763157894736842 0.003987730061349694 0.06491228070175438
0 0.4920245398773006 0.31140350877192985 0.003067484662576687 0.054385964912280704
0 0.5033742331288343 0.21754385964912282 0.003067484662576687 0.03508771929824561
0 0.6108895705521472 0.34210526315789475 0.003374233128834356 0.05263157894736842
0 0.5398773006134969 0.2964912280701754 0.003067484662576687 0.042105263157894736
0 0.6116564417177914 0.5359649122807018 0.0049079754601227 0.06842105263157895
0 0.7141104294478527 0.37456140350877193 0.0036809815950920245 0.043859649122807015
0 0.6151840490797545 0.2517543859649123 0.0027607361963190185 0.04736842105263158
0 0.5515337423312884 0.2236842105263158 0.00245398773006135 0.043859649122807015
0 0.5349693251533743 0.4052631578947368 0.0036809815950920245 0.06666666666666667
0 0.7256134969325153 0.3087719298245614 0.003374233128834356 0.0456140350877193
0 0.727760736196319 0.5236842105263158 0.005214723926380368 0.07192982456140351
0 0.6329754601226993 0.6771929824561403 0.005828220858895706 0.08421052631578947
0 0.6404907975460122 0.19473684210526315 0.00245398773006135 0.042105263157894736
0 0.5246932515337424 0.16666666666666666 0.0027607361963190185 0.031578947368421054
0 0.502760736196319 0.5719298245614035 0.0049079754601227 0.07719298245614035
0 0.6179447852760737 0.44912280701754387 0.003987730061349694 0.06666666666666667
0 0.5205521472392638 0.2657894736842105 0.003067484662576687 0.043859649122807015
0 0.6274539877300613 0.3219298245614035 0.003374233128834356 0.04736842105263158
0 0.5033742331288343 0.19473684210526315 0.0036809815950920245 0.042105263157894736
0 0.48665644171779143 0.3333333333333333 0.003987730061349694 0.05964912280701754