0 0.35383435582822087 0.31666666666666665 0.002147239263803681 0.05087719298245614
0 0.6226993865030674 0.4868421052631579 0.004294478527607362 0.06491228070175438
0 0.5480061349693252 0.34385964912280703 0.003987730061349694 0.05964912280701754
0 0.5225460122699387 0.2543859649122807 0.0027607361963190185 0.04912280701754386
0 0.6170245398773007 0.15964912280701754 0.0027607361963190185 0.0456140350877193
0 0.5717791411042945 0.20350877192982456 0.00245398773006135 0.042105263157894736
0 0.6032208588957055 0.23684210526315788 0.0027607361963190185 0.03859649122807018
0 0.7039877300613497 0.39035087719298245 0.003067484662576687 0.054385964912280704
0 0.6737730061349694 0.3412280701754386 0.003374233128834356 0.054385964912280704
0 0.6547546012269939 0.24561403508771928 0.003374233128834356 0.0456140350877193
0 0.5911042944785276 0.17456140350877192 0.0036809815950920245 0.03684210526315789
0 0.624079754601227 0.22719298245614036 0.003374233128834356 0.04736842105263158
0 0.7611963190184049 0.32105263157894737 0.003374233128834356 0.05263157894736842
0 0.6843558282208589 0.3078947368421053 0.0036809815950920245 0.05789473684210526
0 0.7072085889570552 0.3763157894736842 0.003987730061349694 0.054385964912280704
0 0.6495398773006135 0.22807017543859648 0.0027607361963190185 0.04912280701754386
0 0.6366564417177915 0.1868421052631579 0.003374233128834356 0.03684210526315789
0 0.6703987730061349 0.4105263157894737 0.003987730061349694 0.06315789473684211
0 0.6636503067484663 0.3105263157894737 0.003987730061349694 0.056140350877192984
0 0.575 0.2131578947368421 0.003374233128834356 0.04035087719298246
0 0.6188650306748467 0.25263157894736843 0.003374233128834356 0.04912280701754386
0 0.5989263803680982 0.18333333333333332 0.003374233128834356 0.04035087719298246
0 0.5375766871165644 0.3026315789473684 0.003374233128834356 0.05789473684210526