0 0.2929447852760736 0.35526315789473684 0.00245398773006135 0.05087719298245614
0 0.5038343558282209 0.6 0.005214723926380368 0.07368421052631578
0 0.53420245398773 0.46228070175438596 0.003987730061349694 0.06140350877192982
0 0.4874233128834356 0.3412280701754386 0.0036809815950920245 0.06842105263157895
0 0.49846625766871167 0.23157894736842105 0.00245398773006135 0.0456140350877193
0 0.6618098159509203 0.41754385964912283 0.003987730061349694 0.06315789473684211
0 0.5570552147239264 0.3719298245614035 0.0036809815950920245 0.05964912280701754
0 0.6711656441717792 0.543859649122807 0.0049079754601227 0.056140350877192984
0 0.7803680981595092 0.5403508771929825 0.0049079754601227 0.07368421052631578
0 0.7650306748466258 0.3894736842105263 0.0036809815950920245 0.0456140350877193
0 0.5808282208588957 0.24035087719298245 0.0027607361963190185 0.0456140350877193
0 0.566717791411043 0.4105263157894737 0.003374233128834356 0.07017543859649122
0 0.7970858895705522 0.41228070175438597 0.003987730061349694 0.06315789473684211
0 0.8041411042944785 0.5877192982456141 0.005214723926380368 0.08070175438596491
0 0.7315950920245399 0.718421052631579 0.006134969325153374 0.09298245614035087
0 0.6585889570552147 0.2026315789473684 0.003067484662576687 0.04035087719298246
0 0.5503067484662577 0.1763157894736842 0.003067484662576687 0.04035087719298246
0 0.5191717791411042 0.6508771929824562 0.005828220858895706 0.08070175438596491
0 0.626840490797546 0.4921052631578947 0.004601226993865031 0.07192982456140351
0 0.5444785276073619 0.4631578947368421 0.004294478527607362 0.06666666666666667
0 0.6703987730061349 0.35175438596491226 0.003374233128834356 0.05789473684210526
0 0.5056748466257669 0.22982456140350876 0.0027607361963190185 0.0456140350877193
0 0.49325153374233127 0.3701754385964912 0.0036809815950920245 0.056140350877192984