0 0.2570552147239264 0.3447368421052632 0.003067484662576687 0.05789473684210526
0 0.40659509202453986 0.4850877192982456 0.004601226993865031 0.06491228070175438
0 0.4219325153374233 0.39210526315789473 0.003374233128834356 0.06491228070175438
0 0.4233128834355828 0.3140350877192982 0.0036809815950920245 0.05263157894736842
0 0.43558282208588955 0.21842105263157896 0.00245398773006135 0.03333333333333333
0 0.4766871165644172 0.4368421052631579 0.004294478527607362 0.06666666666666667
0 0.47484662576687114 0.30526315789473685 0.003067484662576687 0.03859649122807018
0 0.48420245398773004 0.5219298245614035 0.004601226993865031 0.07192982456140351
0 0.5246932515337424 0.393859649122807 0.003987730061349694 0.054385964912280704
0 0.5328220858895706 0.2754385964912281 0.003067484662576687 0.0456140350877193
0 0.48236196319018404 0.23684210526315788 0.0027607361963190185 0.03859649122807018
0 0.4691717791411043 0.44473684210526315 0.003987730061349694 0.06842105263157895
0 0.7056748466257668 0.3298245614035088 0.003374233128834356 0.056140350877192984
0 0.5783742331288344 0.42719298245614035 0.003987730061349694 0.06491228070175438
0 0.5618098159509203 0.7263157894736842 0.006441717791411043 0.09473684210526316
0 0.5822085889570552 0.27456140350877195 0.003067484662576687 0.05087719298245614
0 0.5102760736196319 0.17192982456140352 0.002147239263803681 0.03508771929824561
0 0.403680981595092 0.5526315789473685 0.0049079754601227 0.07719298245614035
0 0.4831288343558282 0.47543859649122805 0.004294478527607362 0.07368421052631578
0 0.4947852760736196 0.26666666666666666 0.003067484662576687 0.0456140350877193
0 0.4733128834355828 0.36403508771929827 0.0036809815950920245 0.054385964912280704
0 0.4401840490797546 0.19210526315789472 0.00245398773006135 0.04035087719298246
0 0.4246932515337423 0.3280701754385965 0.003374233128834356 0.056140350877192984