0 0.26180981595092023 0.33421052631578946 0.003987730061349694 0.05789473684210526
0 0.47837423312883437 0.7517543859649123 0.005828220858895706 0.08596491228070176
0 0.4050613496932515 0.4245614035087719 0.003987730061349694 0.06315789473684211
0 0.4242331288343558 0.28157894736842104 0.003067484662576687 0.05087719298245614
0 0.448159509202454 0.19736842105263158 0.00245398773006135 0.03333333333333333
0 0.4395705521472393 0.35789473684210527 0.0036809815950920245 0.04912280701754386
0 0.45475460122699385 0.32456140350877194 0.003374233128834356 0.04912280701754386
0 0.5111963190184049 0.5070175438596491 0.004601226993865031 0.07017543859649122
0 0.5035276073619632 0.33771929824561403 0.003374233128834356 0.04736842105263158
0 0.503680981595092 0.27017543859649124 0.003067484662576687 0.042105263157894736
0 0.5 0.19298245614035087 0.00245398773006135 0.042105263157894736
0 0.48512269938650304 0.25 0.0027607361963190185 0.04736842105263158
0 0.7440184049079754 0.3368421052631579 0.003374233128834356 0.056140350877192984
0 0.6306748466257669 0.3736842105263158 0.0036809815950920245 0.05964912280701754
0 0.6090490797546012 0.49912280701754386 0.004601226993865031 0.07192982456140351
0 0.6021472392638036 0.2964912280701754 0.003067484662576687 0.05263157894736842
0 0.5863496932515337 0.2631578947368421 0.0027607361963190185 0.0456140350877193
0 0.5558282208588957 0.543859649122807 0.0049079754601227 0.07719298245614035
0 0.561042944785276 0.3850877192982456 0.0036809815950920245 0.06140350877192982
0 0.5177914110429448 0.36666666666666664 0.004294478527607362 0.05964912280701754
0 0.5303680981595092 0.2982456140350877 0.003067484662576687 0.05263157894736842
0 0.5455521472392638 0.22280701754385965 0.0027607361963190185 0.0456140350877193
0 0.4673312883435583 0.4 0.003987730061349694 0.06315789473684211