0 0.252760736196319 0.36403508771929827 0.003067484662576687 0.05087719298245614
0 0.4191717791411043 0.606140350877193 0.003987730061349694 0.0824561403508772
0 0.41273006134969326 0.5350877192982456 0.005214723926380368 0.08070175438596491
0 0.4279141104294479 0.3868421052631579 0.0036809815950920245 0.06140350877192982
0 0.4315950920245399 0.2833333333333333 0.003067484662576687 0.05087719298245614
0 0.49938650306748467 0.5149122807017544 0.0049079754601227 0.07192982456140351
0 0.47883435582822087 0.45087719298245615 0.004294478527607362 0.056140350877192984
0 0.5312883435582823 0.6166666666666667 0.005521472392638037 0.07894736842105263
0 0.6056748466257669 0.5877192982456141 0.005214723926380368 0.08070175438596491
0 0.5484662576687117 0.4710526315789474 0.0049079754601227 0.06140350877192982
0 0.48588957055214727 0.2649122807017544 0.003067484662576687 0.0456140350877193
0 0.45720858895705524 0.47192982456140353 0.003987730061349694 0.07017543859649122
0 0.7220858895705522 0.3649122807017544 0.0036809815950920245 0.05964912280701754
0 0.622239263803681 0.5087719298245614 0.004601226993865031 0.07368421052631578
0 0.3588957055214724 0.6947368421052632 0.006134969325153374 0.0912280701754386
0 0.617638036809816 0.3307017543859649 0.003374233128834356 0.054385964912280704
0 0.5388036809815951 0.2219298245614035 0.0027607361963190185 0.043859649122807015
0 0.4196319018404908 0.5456140350877193 0.0049079754601227 0.07719298245614035
0 0.5521472392638037 0.4780701754385965 0.005521472392638037 0.07192982456140351
0 0.4746932515337423 0.3350877192982456 0.003374233128834356 0.056140350877192984
0 0.525 0.4070175438596491 0.003987730061349694 0.06315789473684211
0 0.449079754601227 0.18947368421052632 0.00245398773006135 0.042105263157894736
0 0.46549079754601225 0.6956140350877194 0.00705521472392638 0.08947368421052632