0 0.2677914110429448 0.3508771929824561 0.0036809815950920245 0.04912280701754386
0 0.4420245398773006 0.5596491228070175 0.0036809815950920245 0.056140350877192984
0 0.4587423312883436 0.4166666666666667 0.003987730061349694 0.05087719298245614
0 0.46088957055214724 0.30526315789473685 0.003374233128834356 0.05263157894736842
0 0.4710122699386503 0.2307017543859649 0.0027607361963190185 0.043859649122807015
0 0.4897239263803681 0.38859649122807016 0.003987730061349694 0.06140350877192982
0 0.5033742331288343 0.28771929824561404 0.003067484662576687 0.042105263157894736
0 0.5072085889570552 0.5368421052631579 0.004601226993865031 0.06315789473684211
0 0.5611963190184049 0.4131578947368421 0.003987730061349694 0.05087719298245614
0 0.5440184049079755 0.3219298245614035 0.003374233128834356 0.054385964912280704
0 0.5170245398773006 0.22280701754385965 0.0027607361963190185 0.0456140350877193
0 0.47929447852760737 0.4236842105263158 0.003987730061349694 0.05087719298245614
0 0.7265337423312883 0.34035087719298246 0.003374233128834356 0.056140350877192984
0 0.6233128834355828 0.44035087719298244 0.004294478527607362 0.06666666666666667
0 0.5835889570552147 0.7333333333333333 0.006441717791411043 0.09473684210526316
0 0.6033742331288343 0.27456140350877195 0.003067484662576687 0.05087719298245614
0 0.5159509202453988 0.1675438596491228 0.003067484662576687 0.05087719298245614
0 0.4432515337423313 0.6877192982456141 0.006134969325153374 0.0912280701754386
0 0.5452453987730062 0.35526315789473684 0.003987730061349694 0.05789473684210526
0 0.49831288343558283 0.24473684210526317 0.0027607361963190185 0.043859649122807015
0 0.4780674846625767 0.30964912280701756 0.003374233128834356 0.054385964912280704
0 0.4699386503067485 0.17456140350877192 0.003067484662576687 0.04035087719298246
0 0.44877300613496934 0.4131578947368421 0.0036809815950920245 0.06491228070175438