0 0.225 0.36666666666666664 0.003987730061349694 0.06315789473684211
0 0.22607361963190184 0.7280701754385965 0.006134969325153374 0.06666666666666667
0 0.3164110429447853 0.5228070175438596 0.004601226993865031 0.07017543859649122
0 0.3697852760736196 0.39035087719298245 0.003374233128834356 0.054385964912280704
0 0.4098159509202454 0.2929824561403509 0.0036809815950920245 0.0456140350877193
0 0.4941717791411043 0.5631578947368421 0.0049079754601227 0.05964912280701754
0 0.43282208588957055 0.4263157894736842 0.004294478527607362 0.05964912280701754
0 0.4789877300613497 0.6298245614035087 0.003987730061349694 0.0912280701754386
0 0.619478527607362 0.5631578947368421 0.005214723926380368 0.07719298245614035
0 0.5383435582822086 0.35175438596491226 0.0036809815950920245 0.05789473684210526
0 0.5214723926380368 0.26666666666666666 0.003067484662576687 0.04912280701754386
0 0.4128834355828221 0.4824561403508772 0.0036809815950920245 0.07368421052631578
0 0.7239263803680982 0.35526315789473684 0.0036809815950920245 0.054385964912280704
0 0.6144171779141104 0.5807017543859649 0.0049079754601227 0.0912280701754386
0 0.50920245398773 0.6912280701754386 0.006134969325153374 0.0912280701754386
0 0.5829754601226994 0.30964912280701756 0.003374233128834356 0.054385964912280704
0 0.5219325153374234 0.20087719298245615 0.003987730061349694 0.04035087719298246
0 0.2111963190184049 0.7631578947368421 0.006441717791411043 0.08771929824561403
0 0.528680981595092 0.48333333333333334 0.004601226993865031 0.06842105263157895
0 0.4363496932515337 0.3368421052631579 0.003374233128834356 0.04912280701754386
0 0.4381901840490798 0.4394736842105263 0.003987730061349694 0.06140350877192982
0 0.40613496932515336 0.23508771929824562 0.003067484662576687 0.03859649122807018
0 0.34846625766871164 0.5271929824561403 0.0049079754601227 0.06842105263157895