0 0.32837423312883435 0.3254385964912281 0.003374233128834356 0.05789473684210526
0 0.5677914110429448 0.5640350877192982 0.0049079754601227 0.07894736842105263
0 0.5185582822085889 0.3605263157894737 0.003374233128834356 0.05789473684210526
0 0.5121165644171779 0.25 0.0027607361963190185 0.04736842105263158
0 0.6676380368098159 0.19210526315789472 0.003987730061349694 0.043859649122807015
0 0.5544478527607362 0.22631578947368422 0.0027607361963190185 0.0456140350877193
0 0.5820552147239264 0.3105263157894737 0.003374233128834356 0.0456140350877193
0 0.7280674846625766 0.4149122807017544 0.003987730061349694 0.06491228070175438
0 0.6446319018404908 0.25877192982456143 0.0027607361963190185 0.043859649122807015
0 0.6915644171779141 0.3298245614035088 0.003374233128834356 0.056140350877192984
0 0.6127300613496932 0.1850877192982456 0.003987730061349694 0.04035087719298246
0 0.6151840490797545 0.23421052631578948 0.003987730061349694 0.054385964912280704
0 0.7743865030674847 0.3298245614035088 0.004601226993865031 0.05263157894736842
0 0.7095092024539877 0.3219298245614035 0.004294478527607362 0.05789473684210526
0 0.7308282208588958 0.3912280701754386 0.003987730061349694 0.05964912280701754
0 0.6799079754601227 0.23771929824561402 0.004601226993865031 0.054385964912280704
0 0.6639570552147239 0.20614035087719298 0.003987730061349694 0.04035087719298246
0 0.6700920245398773 0.4885964912280702 0.004601226993865031 0.07192982456140351
0 0.6714723926380368 0.306140350877193 0.003067484662576687 0.03684210526315789
0 0.5842024539877301 0.2596491228070175 0.0027607361963190185 0.04912280701754386
0 0.65 0.26403508771929823 0.0036809815950920245 0.05087719298245614
0 0.6245398773006134 0.19912280701754387 0.0036809815950920245 0.043859649122807015
0 0.5421779141104295 0.3508771929824561 0.003987730061349694 0.056140350877192984