0 0.330521472392638 0.29035087719298247 0.003374233128834356 0.06491228070175438
0 0.49555214723926383 0.4166666666666667 0.003987730061349694 0.04035087719298246
0 0.46411042944785275 0.22280701754385965 0.00245398773006135 0.03859649122807018
0 0.4845092024539877 0.19035087719298247 0.0027607361963190185 0.03684210526315789
0 0.5812883435582822 0.18070175438596492 0.003067484662576687 0.042105263157894736
0 0.5973926380368099 0.23157894736842105 0.0027607361963190185 0.03508771929824561
0 0.5346625766871166 0.21140350877192982 0.00245398773006135 0.04035087719298246
0 0.6062883435582822 0.393859649122807 0.003987730061349694 0.06140350877192982
0 0.6085889570552148 0.2631578947368421 0.003067484662576687 0.06315789473684211
0 0.5515337423312884 0.27017543859649124 0.003067484662576687 0.04912280701754386
0 0.5585889570552147 0.19649122807017544 0.00245398773006135 0.042105263157894736
0 0.5483128834355828 0.24912280701754386 0.003374233128834356 0.05263157894736842
0 0.730521472392638 0.3131578947368421 0.003374233128834356 0.054385964912280704
0 0.651840490797546 0.27456140350877195 0.0036809815950920245 0.043859649122807015
0 0.6291411042944786 0.37543859649122807 0.0036809815950920245 0.05964912280701754
0 0.6216257668711657 0.23596491228070177 0.003987730061349694 0.05087719298245614
0 0.6170245398773007 0.21578947368421053 0.003374233128834356 0.0456140350877193
0 0.5476993865030675 0.42543859649122806 0.003987730061349694 0.06491228070175438
0 0.5754601226993865 0.2833333333333333 0.003067484662576687 0.05087719298245614
0 0.5372699386503067 0.2649122807017544 0.0027607361963190185 0.03859649122807018
0 0.5559815950920245 0.20701754385964913 0.003374233128834356 0.04912280701754386
0 0.4920245398773006 0.1649122807017544 0.00245398773006135 0.0456140350877193
0 0.4892638036809816 0.2236842105263158 0.0036809815950920245 0.054385964912280704