0 0.25306748466257667 0.36666666666666664 0.004294478527607362 0.056140350877192984
0 0.49079754601226994 0.7456140350877193 0.006134969325153374 0.08771929824561403
0 0.4116564417177914 0.5201754385964912 0.0049079754601227 0.06842105263157895
0 0.44309815950920245 0.31140350877192985 0.003374233128834356 0.054385964912280704
0 0.48619631901840493 0.19473684210526315 0.00245398773006135 0.042105263157894736
0 0.47254601226993864 0.5043859649122807 0.003374233128834356 0.06140350877192982
0 0.5075153374233129 0.3192982456140351 0.003374233128834356 0.0456140350877193
0 0.5978527607361963 0.5543859649122806 0.0049079754601227 0.07017543859649122
0 0.6289877300613497 0.6464912280701754 0.005828220858895706 0.0824561403508772
0 0.588036809815951 0.3605263157894737 0.0036809815950920245 0.05789473684210526
0 0.5673312883435583 0.22017543859649122 0.003374233128834356 0.04736842105263158
0 0.5389570552147239 0.3394736842105263 0.0036809815950920245 0.05789473684210526
0 0.7423312883435583 0.3570175438596491 0.0036809815950920245 0.05789473684210526
0 0.6434049079754601 0.5710526315789474 0.005214723926380368 0.07894736842105263
0 0.6039877300613496 0.6289473684210526 0.006134969325153374 0.06842105263157895
0 0.619478527607362 0.3929824561403509 0.003987730061349694 0.056140350877192984
0 0.5941717791411043 0.27982456140350875 0.003067484662576687 0.05087719298245614
0 0.5098159509202455 0.7192982456140351 0.006134969325153374 0.0912280701754386
0 0.552760736196319 0.5517543859649123 0.0049079754601227 0.07192982456140351
0 0.4820552147239264 0.4807017543859649 0.004601226993865031 0.06315789473684211
0 0.5605828220858896 0.4052631578947368 0.003987730061349694 0.06315789473684211
0 0.5335889570552147 0.2543859649122807 0.003374233128834356 0.0456140350877193
0 0.4486196319018405 0.5473684210526316 0.004601226993865031 0.07719298245614035