0 0.19217791411042945 0.4192982456140351 0.003374233128834356 0.04912280701754386
0 0.2076687116564417 0.7833333333333333 0.006748466257668712 0.1
0 0.15920245398773006 0.6280701754385964 0.005521472392638037 0.07017543859649122
0 0.322239263803681 0.4 0.003374233128834356 0.06315789473684211
0 0.3602760736196319 0.31666666666666665 0.003374233128834356 0.054385964912280704
0 0.3904907975460123 0.6403508771929824 0.005521472392638037 0.08070175438596491
0 0.39401840490797546 0.4763157894736842 0.004601226993865031 0.06491228070175438
0 0.49371165644171777 0.6710526315789473 0.004601226993865031 0.0824561403508772
0 0.5690184049079755 0.6342105263157894 0.005521472392638037 0.0824561403508772
0 0.502760736196319 0.3780701754385965 0.0036809815950920245 0.05789473684210526
0 0.49969325153374233 0.2982456140350877 0.003067484662576687 0.05263157894736842
0 0.42162576687116565 0.4631578947368421 0.003987730061349694 0.07368421052631578
0 0.6960122699386503 0.37543859649122807 0.0036809815950920245 0.05964912280701754
0 0.5486196319018405 0.5745614035087719 0.005214723926380368 0.07894736842105263
0 0.4976993865030675 0.6877192982456141 0.005214723926380368 0.08771929824561403
0 0.5486196319018405 0.3956140350877193 0.003987730061349694 0.06140350877192982
0 0.5130368098159509 0.2824561403508772 0.003374233128834356 0.04912280701754386
0 0.30030674846625766 0.7157894736842105 0.006134969325153374 0.0912280701754386
0 0.39355828220858896 0.6324561403508772 0.005521472392638037 0.0824561403508772
0 0.35736196319018404 0.4359649122807018 0.004294478527607362 0.06140350877192982
0 0.41932515337423315 0.4868421052631579 0.0049079754601227 0.07543859649122807
0 0.36533742331288344 0.30964912280701756 0.003067484662576687 0.05087719298245614
0 0.2541411042944785 0.5807017543859649 0.005828220858895706 0.07719298245614035