0 0.24233128834355827 0.3675438596491228 0.00245398773006135 0.054385964912280704
0 0.349079754601227 0.5324561403508772 0.0049079754601227 0.07543859649122807
0 0.375 0.4807017543859649 0.004601226993865031 0.07017543859649122
0 0.3338957055214724 0.4789473684210526 0.004601226993865031 0.07017543859649122
0 0.3843558282208589 0.30350877192982456 0.0036809815950920245 0.056140350877192984
0 0.4553680981595092 0.3991228070175439 0.003987730061349694 0.054385964912280704
0 0.4303680981595092 0.5087719298245614 0.0036809815950920245 0.07017543859649122
0 0.453680981595092 0.6078947368421053 0.005521472392638037 0.07894736842105263
0 0.4610429447852761 0.5140350877192983 0.004294478527607362 0.07368421052631578
0 0.5226993865030675 0.3701754385964912 0.0036809815950920245 0.05964912280701754
0 0.4406441717791411 0.2307017543859649 0.0027607361963190185 0.043859649122807015
0 0.40828220858895703 0.5429824561403509 0.004294478527607362 0.09298245614035087
0 0.717638036809816 0.3482456140350877 0.003374233128834356 0.05789473684210526
0 0.5099693251533742 0.5140350877192983 0.004601226993865031 0.07368421052631578
0 0.4191717791411043 0.7421052631578947 0.005214723926380368 0.10526315789473684
0 0.6023006134969325 0.3157894736842105 0.003374233128834356 0.04912280701754386
0 0.475920245398773 0.17982456140350878 0.002147239263803681 0.03333333333333333
0 0.33174846625766874 0.6763157894736842 0.005828220858895706 0.07894736842105263
0 0.4874233128834356 0.637719298245614 0.005521472392638037 0.08596491228070176
0 0.4125766871165644 0.44035087719298244 0.004294478527607362 0.0456140350877193
0 0.4946319018404908 0.42543859649122806 0.003987730061349694 0.06491228070175438
0 0.4067484662576687 0.26403508771929823 0.003067484662576687 0.05087719298245614
0 0.3460122699386503 0.48771929824561405 0.0049079754601227 0.06666666666666667