0 0.2668711656441718 0.34385964912280703 0.003067484662576687 0.056140350877192984
0 0.40521472392638036 0.537719298245614 0.004294478527607362 0.07543859649122807
0 0.4191717791411043 0.4070175438596491 0.003987730061349694 0.06315789473684211
0 0.4366564417177914 0.31491228070175437 0.003374233128834356 0.06140350877192982
0 0.43895705521472395 0.22807017543859648 0.00245398773006135 0.0456140350877193
0 0.4562883435582822 0.42543859649122806 0.003987730061349694 0.06491228070175438
0 0.47438650306748464 0.2929824561403509 0.004601226993865031 0.06315789473684211
0 0.46457055214723925 0.5789473684210527 0.005214723926380368 0.07719298245614035
0 0.47929447852760737 0.49912280701754386 0.004601226993865031 0.07192982456140351
0 0.5234662576687117 0.3263157894736842 0.003374233128834356 0.056140350877192984
0 0.5130368098159509 0.24473684210526317 0.0027607361963190185 0.043859649122807015
0 0.48282208588957054 0.437719298245614 0.0036809815950920245 0.05789473684210526
0 0.7102760736196319 0.3298245614035088 0.003374233128834356 0.056140350877192984
0 0.6093558282208589 0.4885964912280702 0.004601226993865031 0.07192982456140351
0 0.5050613496932516 0.706140350877193 0.005828220858895706 0.09298245614035087
0 0.5915644171779141 0.3263157894736842 0.003374233128834356 0.056140350877192984
0 0.5389570552147239 0.19824561403508772 0.00245398773006135 0.03859649122807018
0 0.39401840490797546 0.6745614035087719 0.005828220858895706 0.08947368421052632
0 0.469478527607362 0.43859649122807015 0.003374233128834356 0.06666666666666667
0 0.4835889570552147 0.2543859649122807 0.0027607361963190185 0.042105263157894736
0 0.5504601226993865 0.41842105263157897 0.003987730061349694 0.05789473684210526
0 0.4558282208588957 0.19298245614035087 0.00245398773006135 0.042105263157894736
0 0.4151840490797546 0.4 0.004601226993865031 0.07017543859649122