0 0.35383435582822087 0.34385964912280703 0.003374233128834356 0.056140350877192984
0 0.9093558282208589 0.7368421052631579 0.006441717791411043 0.07368421052631578
0 0.5069018404907976 0.39210526315789473 0.003987730061349694 0.06140350877192982
0 0.49555214723926383 0.31140350877192985 0.003374233128834356 0.05087719298245614
0 0.5723926380368098 0.21403508771929824 0.0036809815950920245 0.04912280701754386
0 0.5705521472392638 0.3543859649122807 0.0036809815950920245 0.04912280701754386
0 0.6475460122699387 0.3017543859649123 0.003067484662576687 0.042105263157894736
0 0.6274539877300613 0.5105263157894737 0.004601226993865031 0.04912280701754386
0 0.774079754601227 0.4052631578947368 0.005214723926380368 0.07368421052631578
0 0.7533742331288343 0.36578947368421055 0.0049079754601227 0.07192982456140351
0 0.7050613496932515 0.29473684210526313 0.003374233128834356 0.0456140350877193
0 0.6679447852760736 0.3473684210526316 0.003374233128834356 0.05964912280701754
0 0.7145705521472393 0.29210526315789476 0.004601226993865031 0.05789473684210526
0 0.7443251533742331 0.3736842105263158 0.005214723926380368 0.07368421052631578
0 0.7371165644171779 0.5228070175438596 0.0049079754601227 0.07368421052631578
0 0.7064417177914111 0.26403508771929823 0.003067484662576687 0.04736842105263158
0 0.7302147239263803 0.3043859649122807 0.004601226993865031 0.06140350877192982
0 0.8496932515337423 0.6421052631578947 0.005521472392638037 0.07719298245614035
0 0.7070552147239264 0.3684210526315789 0.0036809815950920245 0.056140350877192984
0 0.6136503067484662 0.3087719298245614 0.003374233128834356 0.0456140350877193
0 0.6716257668711656 0.2868421052631579 0.003987730061349694 0.05789473684210526
0 0.605521472392638 0.17543859649122806 0.003067484662576687 0.0456140350877193
0 0.5056748466257669 0.34035087719298246 0.003987730061349694 0.05964912280701754