0 0.24800613496932516 0.3631578947368421 0.003374233128834356 0.05263157894736842
0 0.4156441717791411 0.6964912280701754 0.006134969325153374 0.06666666666666667
0 0.4 0.5526315789473685 0.0049079754601227 0.07719298245614035
0 0.41641104294478526 0.3780701754385965 0.003374233128834356 0.054385964912280704
0 0.4245398773006135 0.29035087719298247 0.003067484662576687 0.04035087719298246
0 0.4504601226993865 0.606140350877193 0.005214723926380368 0.0824561403508772
0 0.46978527607361964 0.4149122807017544 0.003987730061349694 0.05789473684210526
0 0.4995398773006135 0.5982456140350877 0.005214723926380368 0.07017543859649122
0 0.5835889570552147 0.3605263157894737 0.0027607361963190185 0.043859649122807015
0 0.5050613496932516 0.4052631578947368 0.003987730061349694 0.06315789473684211
0 0.5541411042944785 0.23421052631578948 0.0027607361963190185 0.03684210526315789
0 0.4848159509202454 0.45789473684210524 0.005214723926380368 0.06666666666666667
0 0.7243865030674846 0.34035087719298246 0.003374233128834356 0.056140350877192984
0 0.6001533742331289 0.5105263157894737 0.004601226993865031 0.07368421052631578
0 0.5039877300613497 0.7219298245614035 0.006134969325153374 0.08947368421052632
0 0.5814417177914111 0.32719298245614037 0.004601226993865031 0.05789473684210526
0 0.564877300613497 0.25526315789473686 0.0027607361963190185 0.043859649122807015
0 0.41932515337423315 0.7192982456140351 0.006134969325153374 0.0912280701754386
0 0.48895705521472393 0.6052631578947368 0.0049079754601227 0.06666666666666667
0 0.45291411042944785 0.3798245614035088 0.003374233128834356 0.043859649122807015
0 0.527760736196319 0.39824561403508774 0.003987730061349694 0.05263157894736842
0 0.4418711656441718 0.20614035087719298 0.003987730061349694 0.05087719298245614
0 0.40904907975460125 0.5412280701754386 0.004601226993865031 0.06842105263157895