0 0.34478527607361964 0.27982456140350875 0.0036809815950920245 0.054385964912280704
0 0.49555214723926383 0.4131578947368421 0.003987730061349694 0.03333333333333333
0 0.4526073619631902 0.23684210526315788 0.0027607361963190185 0.042105263157894736
0 0.4751533742331288 0.20789473684210527 0.00245398773006135 0.043859649122807015
0 0.5418711656441718 0.1543859649122807 0.0027607361963190185 0.042105263157894736
0 0.5664110429447853 0.23508771929824562 0.0027607361963190185 0.042105263157894736
0 0.5251533742331288 0.20350877192982456 0.00245398773006135 0.042105263157894736
0 0.6154907975460123 0.39210526315789473 0.003987730061349694 0.05789473684210526
0 0.5897239263803681 0.2578947368421053 0.0027607361963190185 0.04912280701754386
0 0.5346625766871166 0.27280701754385966 0.003067484662576687 0.05087719298245614
0 0.5541411042944785 0.17105263157894737 0.002147239263803681 0.03684210526315789
0 0.5513803680981595 0.23421052631578948 0.003374233128834356 0.054385964912280704
0 0.7107361963190184 0.306140350877193 0.003067484662576687 0.04736842105263158
0 0.6184049079754601 0.2719298245614035 0.0036809815950920245 0.056140350877192984
0 0.6253067484662577 0.3429824561403509 0.003374233128834356 0.05789473684210526
0 0.5998466257668712 0.22456140350877193 0.003987730061349694 0.056140350877192984
0 0.595398773006135 0.20175438596491227 0.0036809815950920245 0.05263157894736842
0 0.5513803680981595 0.38859649122807016 0.003987730061349694 0.06140350877192982
0 0.5641104294478527 0.27280701754385966 0.003067484662576687 0.05087719298245614
0 0.5280674846625767 0.23771929824561402 0.0027607361963190185 0.04736842105263158
0 0.5562883435582822 0.20877192982456141 0.0027607361963190185 0.0456140350877193
0 0.5168711656441718 0.1649122807017544 0.00245398773006135 0.03859649122807018
0 0.4817484662576687 0.21578947368421053 0.0027607361963190185 0.04912280701754386