0 0.29003067484662576 0.3236842105263158 0.005828220858895706 0.06491228070175438
0 0.47653374233128837 0.512280701754386 0.004601226993865031 0.07368421052631578
0 0.4746932515337423 0.387719298245614 0.003987730061349694 0.05964912280701754
0 0.4812883435582822 0.27982456140350875 0.003067484662576687 0.04736842105263158
0 0.4745398773006135 0.2043859649122807 0.00245398773006135 0.04035087719298246
0 0.5253067484662577 0.32456140350877194 0.003374233128834356 0.05263157894736842
0 0.5418711656441718 0.2482456140350877 0.0027607361963190185 0.04736842105263158
0 0.6102760736196319 0.4868421052631579 0.004601226993865031 0.06140350877192982
0 0.6015337423312883 0.28596491228070176 0.003067484662576687 0.0456140350877193
0 0.629601226993865 0.2850877192982456 0.004601226993865031 0.05087719298245614
0 0.5800613496932515 0.21578947368421053 0.00245398773006135 0.03859649122807018
0 0.536042944785276 0.3508771929824561 0.003374233128834356 0.042105263157894736
0 0.7452453987730061 0.31842105263157894 0.003374233128834356 0.054385964912280704
0 0.6822085889570552 0.43508771929824563 0.004294478527607362 0.07368421052631578
0 0.6595092024539877 0.5491228070175439 0.0049079754601227 0.07719298245614035
0 0.6372699386503068 0.25701754385964914 0.003987730061349694 0.04736842105263158
0 0.5937116564417177 0.1763157894736842 0.002147239263803681 0.02280701754385965
0 0.48957055214723927 0.5175438596491229 0.0049079754601227 0.07368421052631578
0 0.588036809815951 0.3780701754385965 0.0036809815950920245 0.06140350877192982
0 0.521319018404908 0.24210526315789474 0.0027607361963190185 0.042105263157894736
0 0.6283742331288343 0.3219298245614035 0.003374233128834356 0.054385964912280704
0 0.47960122699386504 0.18596491228070175 0.0027607361963190185 0.03859649122807018
0 0.47208588957055214 0.39824561403508774 0.0036809815950920245 0.05964912280701754