0 0.3142638036809816 0.33245614035087717 0.003374233128834356 0.054385964912280704
0 0.649079754601227 0.6114035087719298 0.0049079754601227 0.0824561403508772
0 0.48374233128834354 0.36666666666666664 0.0036809815950920245 0.05964912280701754
0 0.4848159509202454 0.29912280701754385 0.0027607361963190185 0.04736842105263158
0 0.5357361963190184 0.19035087719298247 0.0027607361963190185 0.043859649122807015
0 0.5579754601226994 0.3570175438596491 0.0036809815950920245 0.05789473684210526
0 0.5884969325153374 0.26403508771929823 0.0027607361963190185 0.04035087719298246
0 0.49279141104294477 0.4868421052631579 0.004601226993865031 0.07192982456140351
0 0.6734662576687117 0.36929824561403507 0.003374233128834356 0.05789473684210526
0 0.658282208588957 0.36140350877192984 0.0036809815950920245 0.05964912280701754
0 0.6455521472392638 0.24210526315789474 0.0027607361963190185 0.0456140350877193
0 0.5923312883435583 0.42280701754385963 0.004294478527607362 0.06666666666666667
0 0.722239263803681 0.31140350877192985 0.003987730061349694 0.054385964912280704
0 0.7256134969325153 0.4166666666666667 0.003987730061349694 0.06491228070175438
0 0.6680981595092025 0.5973684210526315 0.005521472392638037 0.0824561403508772
0 0.6737730061349694 0.2535087719298246 0.003374233128834356 0.04736842105263158
0 0.6707055214723926 0.2736842105263158 0.003987730061349694 0.04912280701754386
0 0.6432515337423312 0.6456140350877193 0.006134969325153374 0.09824561403508772
0 0.6202453987730061 0.3815789473684211 0.0036809815950920245 0.06140350877192982
0 0.5653374233128834 0.30350877192982456 0.003067484662576687 0.0456140350877193
0 0.6019938650306749 0.256140350877193 0.003374233128834356 0.0456140350877193
0 0.5579754601226994 0.1649122807017544 0.00245398773006135 0.0456140350877193
0 0.47730061349693254 0.3263157894736842 0.003067484662576687 0.05964912280701754