0 0.27469325153374236 0.36929824561403507 0.003987730061349694 0.06140350877192982
0 0.4593558282208589 0.5228070175438596 0.004601226993865031 0.056140350877192984
0 0.46273006134969324 0.4692982456140351 0.004601226993865031 0.06491228070175438
0 0.47914110429447854 0.3868421052631579 0.0049079754601227 0.07192982456140351
0 0.47024539877300614 0.41754385964912283 0.0036809815950920245 0.0456140350877193
0 0.535122699386503 0.45087719298245615 0.005214723926380368 0.07017543859649122
0 0.49846625766871167 0.49912280701754386 0.006134969325153374 0.07192982456140351
0 0.629601226993865 0.5684210526315789 0.005214723926380368 0.06315789473684211
0 0.6657975460122699 0.5491228070175439 0.004601226993865031 0.07719298245614035
0 0.6480061349693251 0.41403508771929826 0.003987730061349694 0.05964912280701754
0 0.5794478527607362 0.2956140350877193 0.003067484662576687 0.05087719298245614
0 0.524079754601227 0.35175438596491226 0.0027607361963190185 0.054385964912280704
0 0.7492331288343558 0.35 0.003374233128834356 0.05087719298245614
0 0.6328220858895706 0.4675438596491228 0.004294478527607362 0.06842105263157895
0 0.5622699386503067 0.6175438596491228 0.005521472392638037 0.056140350877192984
0 0.6131901840490798 0.30701754385964913 0.003067484662576687 0.05263157894736842
0 0.5417177914110429 0.2219298245614035 0.003067484662576687 0.043859649122807015
0 0.4521472392638037 0.5780701754385965 0.0049079754601227 0.07894736842105263
0 0.5398773006134969 0.4149122807017544 0.004294478527607362 0.06842105263157895
0 0.5006134969325153 0.5017543859649123 0.004294478527607362 0.04912280701754386
0 0.5680981595092025 0.3587719298245614 0.0036809815950920245 0.05087719298245614
0 0.4549079754601227 0.4394736842105263 0.0036809815950920245 0.054385964912280704
0 0.5056748466257669 0.38596491228070173 0.003987730061349694 0.06666666666666667