0 0.26180981595092023 0.33421052631578946 0.003987730061349694 0.05789473684210526
0 0.4785276073619632 0.7570175438596491 0.006134969325153374 0.09649122807017543
0 0.40567484662576686 0.4236842105263158 0.003987730061349694 0.06491228070175438
0 0.4242331288343558 0.2833333333333333 0.003067484662576687 0.05087719298245614
0 0.448159509202454 0.19736842105263158 0.00245398773006135 0.03333333333333333
0 0.43987730061349695 0.3631578947368421 0.0036809815950920245 0.05964912280701754
0 0.4544478527607362 0.32280701754385965 0.003374233128834356 0.04912280701754386
0 0.5111963190184049 0.5078947368421053 0.004601226993865031 0.06842105263157895
0 0.5026073619631902 0.3385964912280702 0.003374233128834356 0.0456140350877193
0 0.5033742331288343 0.2736842105263158 0.003067484662576687 0.04912280701754386
0 0.5 0.19298245614035087 0.00245398773006135 0.042105263157894736
0 0.4845092024539877 0.2517543859649123 0.0027607361963190185 0.04736842105263158
0 0.7443251533742331 0.3368421052631579 0.003374233128834356 0.056140350877192984
0 0.6306748466257669 0.37543859649122807 0.0036809815950920245 0.05964912280701754
0 0.6096625766871165 0.5008771929824561 0.004601226993865031 0.07192982456140351
0 0.601840490797546 0.2964912280701754 0.003067484662576687 0.05263157894736842
0 0.5863496932515337 0.2614035087719298 0.0027607361963190185 0.04912280701754386
0 0.556441717791411 0.543859649122807 0.0049079754601227 0.07719298245614035
0 0.5616564417177914 0.3850877192982456 0.0036809815950920245 0.06140350877192982
0 0.5202453987730061 0.3684210526315789 0.0036809815950920245 0.04912280701754386
0 0.5303680981595092 0.2982456140350877 0.003067484662576687 0.05263157894736842
0 0.5452453987730062 0.22280701754385965 0.0027607361963190185 0.0456140350877193
0 0.46794478527607364 0.4052631578947368 0.003987730061349694 0.06315789473684211