0 0.26625766871165646 0.34210526315789475 0.003067484662576687 0.056140350877192984
0 0.39723926380368096 0.5508771929824562 0.0049079754601227 0.07719298245614035
0 0.4139570552147239 0.4166666666666667 0.003987730061349694 0.06491228070175438
0 0.44401840490797545 0.3131578947368421 0.003374233128834356 0.05789473684210526
0 0.43849693251533745 0.23596491228070177 0.0027607361963190185 0.04736842105263158
0 0.45199386503067485 0.4298245614035088 0.003987730061349694 0.05964912280701754
0 0.4815950920245399 0.3087719298245614 0.0036809815950920245 0.0456140350877193
0 0.45812883435582824 0.5947368421052631 0.005214723926380368 0.07368421052631578
0 0.4733128834355828 0.5307017543859649 0.0049079754601227 0.07543859649122807
0 0.5200920245398774 0.33245614035087717 0.003374233128834356 0.054385964912280704
0 0.5130368098159509 0.256140350877193 0.0027607361963190185 0.04912280701754386
0 0.4838957055214724 0.43508771929824563 0.003987730061349694 0.06315789473684211
0 0.7136503067484663 0.34035087719298246 0.003374233128834356 0.056140350877192984
0 0.6121165644171779 0.5070175438596491 0.004601226993865031 0.07368421052631578
0 0.5090490797546012 0.6850877192982456 0.005828220858895706 0.08947368421052632
0 0.5940184049079754 0.34210526315789475 0.003374233128834356 0.056140350877192984
0 0.5435582822085889 0.2149122807017544 0.00245398773006135 0.04035087719298246
0 0.3924846625766871 0.6614035087719298 0.005828220858895706 0.08771929824561403
0 0.46457055214723925 0.44298245614035087 0.003374233128834356 0.06491228070175438
0 0.48098159509202454 0.2692982456140351 0.003067484662576687 0.04736842105263158
0 0.5430981595092025 0.4307017543859649 0.003987730061349694 0.06491228070175438
0 0.4549079754601227 0.20789473684210527 0.00245398773006135 0.043859649122807015
0 0.40521472392638036 0.4280701754385965 0.0049079754601227 0.07017543859649122