0 0.2656441717791411 0.37456140350877193 0.0036809815950920245 0.05789473684210526
0 0.4719325153374233 0.5736842105263158 0.005214723926380368 0.05263157894736842
0 0.44923312883435584 0.643859649122807 0.005828220858895706 0.08070175438596491
0 0.45291411042944785 0.3973684210526316 0.003987730061349694 0.06140350877192982
0 0.4742331288343558 0.2719298245614035 0.003067484662576687 0.03859649122807018
0 0.5886503067484663 0.6105263157894737 0.005521472392638037 0.06315789473684211
0 0.5196319018404908 0.437719298245614 0.0049079754601227 0.05789473684210526
0 0.5682515337423313 0.6929824561403509 0.005828220858895706 0.05964912280701754
0 0.7092024539877301 0.6043859649122807 0.0049079754601227 0.0824561403508772
0 0.6010736196319019 0.42280701754385963 0.003987730061349694 0.06315789473684211
0 0.5625766871165644 0.27017543859649124 0.003067484662576687 0.04912280701754386
0 0.525 0.45 0.003987730061349694 0.06140350877192982
0 0.749079754601227 0.3631578947368421 0.0036809815950920245 0.05964912280701754
0 0.7292944785276073 0.5929824561403508 0.005214723926380368 0.07017543859649122
0 0.5375766871165644 0.6912280701754386 0.004601226993865031 0.08421052631578947
0 0.6558282208588957 0.29473684210526313 0.003067484662576687 0.04912280701754386
0 0.5745398773006135 0.2026315789473684 0.00245398773006135 0.043859649122807015
0 0.4831288343558282 0.5570175438596491 0.0049079754601227 0.07192982456140351
0 0.6437116564417178 0.5885964912280702 0.005214723926380368 0.06140350877192982
0 0.501840490797546 0.36578947368421055 0.0036809815950920245 0.04736842105263158
0 0.5874233128834356 0.44912280701754387 0.004294478527607362 0.06666666666666667
0 0.4826687116564417 0.2043859649122807 0.0027607361963190185 0.043859649122807015
0 0.48021472392638037 0.6728070175438596 0.004601226993865031 0.0824561403508772