0 0.2883435582822086 0.3605263157894737 0.004294478527607362 0.07543859649122807
0 0.475920245398773 0.49122807017543857 0.004601226993865031 0.07017543859649122
0 0.4726993865030675 0.4342105263157895 0.004294478527607362 0.06140350877192982
0 0.5147239263803681 0.4 0.0049079754601227 0.06315789473684211
0 0.4634969325153374 0.3763157894736842 0.0036809815950920245 0.04736842105263158
0 0.5705521472392638 0.45614035087719296 0.0049079754601227 0.07719298245614035
0 0.5391104294478528 0.4412280701754386 0.004601226993865031 0.05789473684210526
0 0.6615030674846626 0.5903508771929824 0.005214723926380368 0.07543859649122807
0 0.6848159509202454 0.5622807017543859 0.005214723926380368 0.07894736842105263
0 0.6746932515337424 0.42280701754385963 0.003987730061349694 0.05964912280701754
0 0.59079754601227 0.28771929824561404 0.003067484662576687 0.04912280701754386
0 0.5423312883435583 0.33596491228070174 0.003067484662576687 0.06140350877192982
0 0.75 0.35 0.0036809815950920245 0.05789473684210526
0 0.6570552147239264 0.4675438596491228 0.004294478527607362 0.06842105263157895
0 0.631441717791411 0.5912280701754385 0.005214723926380368 0.06666666666666667
0 0.6256134969325153 0.2956140350877193 0.003374233128834356 0.054385964912280704
0 0.5575153374233128 0.21578947368421053 0.0027607361963190185 0.042105263157894736
0 0.45674846625766874 0.49912280701754386 0.0049079754601227 0.07543859649122807
0 0.5661042944785276 0.4219298245614035 0.003987730061349694 0.06842105263157895
0 0.5414110429447853 0.4517543859649123 0.004294478527607362 0.06842105263157895
0 0.593558282208589 0.37280701754385964 0.0036809815950920245 0.05789473684210526
0 0.46794478527607364 0.37719298245614036 0.003374233128834356 0.05263157894736842
0 0.5276073619631901 0.39035087719298245 0.0036809815950920245 0.06140350877192982