0 0.20199386503067485 0.40614035087719297 0.003987730061349694 0.06140350877192982
0 0.1754601226993865 0.5552631578947368 0.0049079754601227 0.06491228070175438
0 0.31058282208588955 0.493859649122807 0.004601226993865031 0.06842105263157895
0 0.2940184049079755 0.34035087719298246 0.003374233128834356 0.056140350877192984
0 0.375920245398773 0.2543859649122807 0.003987730061349694 0.05263157894736842
0 0.3852760736196319 0.3631578947368421 0.0036809815950920245 0.05964912280701754
0 0.42208588957055215 0.543859649122807 0.0049079754601227 0.07017543859649122
0 0.48773006134969327 0.606140350877193 0.005521472392638037 0.07894736842105263
0 0.508282208588957 0.46228070175438596 0.004294478527607362 0.06842105263157895
0 0.497239263803681 0.3868421052631579 0.0036809815950920245 0.06140350877192982
0 0.48328220858895704 0.24210526315789474 0.0027607361963190185 0.042105263157894736
0 0.43098159509202455 0.3824561403508772 0.004294478527607362 0.07368421052631578
0 0.6923312883435583 0.34649122807017546 0.0036809815950920245 0.05789473684210526
0 0.5556748466257668 0.4824561403508772 0.004601226993865031 0.07017543859649122
0 0.5072085889570552 0.6464912280701754 0.005828220858895706 0.0824561403508772
0 0.5398773006134969 0.3701754385964912 0.0036809815950920245 0.05964912280701754
0 0.5078220858895706 0.26228070175438595 0.0027607361963190185 0.04736842105263158
0 0.34892638036809814 0.6508771929824562 0.005828220858895706 0.08771929824561403
0 0.5039877300613497 0.5271929824561403 0.0049079754601227 0.07543859649122807
0 0.3696319018404908 0.5166666666666667 0.0049079754601227 0.07192982456140351
0 0.4457055214723926 0.3719298245614035 0.0036809815950920245 0.05964912280701754
0 0.36441717791411044 0.2833333333333333 0.0036809815950920245 0.06140350877192982
0 0.18312883435582822 0.5429824561403509 0.007361963190184049 0.0824561403508772