0 0.25920245398773006 0.3412280701754386 0.0049079754601227 0.054385964912280704
0 0.4570552147239264 0.7666666666666667 0.006748466257668712 0.09824561403508772
0 0.4130368098159509 0.5157894736842106 0.004601226993865031 0.05263157894736842
0 0.4242331288343558 0.3 0.003067484662576687 0.05263157894736842
0 0.47684049079754603 0.18157894736842106 0.002147239263803681 0.02982456140350877
0 0.4503067484662577 0.4017543859649123 0.00245398773006135 0.042105263157894736
0 0.4941717791411043 0.27280701754385966 0.003067484662576687 0.04035087719298246
0 0.570398773006135 0.5675438596491228 0.005214723926380368 0.06842105263157895
0 0.5992331288343559 0.4885964912280702 0.003987730061349694 0.06491228070175438
0 0.5762269938650306 0.3350877192982456 0.003374233128834356 0.0456140350877193
0 0.5550613496932515 0.20789473684210527 0.003374233128834356 0.04736842105263158
0 0.5219325153374234 0.2982456140350877 0.003374233128834356 0.05263157894736842
0 0.7337423312883435 0.35 0.0036809815950920245 0.054385964912280704
0 0.603680981595092 0.4570175438596491 0.004294478527607362 0.06842105263157895
0 0.5860429447852761 0.543859649122807 0.004601226993865031 0.07719298245614035
0 0.5941717791411043 0.35175438596491226 0.0036809815950920245 0.05789473684210526
0 0.5746932515337423 0.2631578947368421 0.0027607361963190185 0.04912280701754386
0 0.505521472392638 0.5666666666666667 0.0049079754601227 0.05964912280701754
0 0.5429447852760736 0.4368421052631579 0.004294478527607362 0.06666666666666667
0 0.475920245398773 0.3605263157894737 0.003374233128834356 0.05789473684210526
0 0.5421779141104295 0.3473684210526316 0.003374233128834356 0.056140350877192984
0 0.5124233128834356 0.23508771929824562 0.003374233128834356 0.0456140350877193
0 0.43803680981595094 0.44912280701754387 0.004294478527607362 0.06666666666666667