0 0.25168711656441717 0.3587719298245614 0.0027607361963190185 0.06842105263157895
0 0.37346625766871167 0.5570175438596491 0.003987730061349694 0.06491228070175438
0 0.3969325153374233 0.46228070175438596 0.0036809815950920245 0.06842105263157895
0 0.38588957055214723 0.39473684210526316 0.003067484662576687 0.06666666666666667
0 0.40797546012269936 0.29035087719298247 0.004294478527607362 0.054385964912280704
0 0.46503067484662575 0.3868421052631579 0.0036809815950920245 0.06140350877192982
0 0.4325153374233129 0.5026315789473684 0.0036809815950920245 0.06842105263157895
0 0.4285276073619632 0.6175438596491228 0.005521472392638037 0.07719298245614035
0 0.4838957055214724 0.493859649122807 0.004601226993865031 0.07192982456140351
0 0.5245398773006135 0.3701754385964912 0.0036809815950920245 0.05964912280701754
0 0.4476993865030675 0.2324561403508772 0.0027607361963190185 0.043859649122807015
0 0.4088957055214724 0.5605263157894737 0.004294478527607362 0.08947368421052632
0 0.7188650306748466 0.3482456140350877 0.003374233128834356 0.05789473684210526
0 0.525 0.5236842105263158 0.005214723926380368 0.08596491228070176
0 0.42024539877300615 0.7631578947368421 0.006134969325153374 0.09824561403508772
0 0.6078220858895705 0.30964912280701756 0.003374233128834356 0.054385964912280704
0 0.47438650306748464 0.17982456140350878 0.002147239263803681 0.02982456140350877
0 0.35429447852760737 0.7219298245614035 0.006134969325153374 0.09298245614035087
0 0.45904907975460124 0.5929824561403508 0.005214723926380368 0.08070175438596491
0 0.4138036809815951 0.4517543859649123 0.004294478527607362 0.06140350877192982
0 0.49493865030674844 0.4070175438596491 0.003987730061349694 0.06315789473684211
0 0.42392638036809815 0.2649122807017544 0.003067484662576687 0.05263157894736842
0 0.3894171779141104 0.4149122807017544 0.003987730061349694 0.05789473684210526