0 0.2486196319018405 0.356140350877193 0.0027607361963190185 0.06315789473684211
0 0.38328220858895706 0.5473684210526316 0.003987730061349694 0.06666666666666667
0 0.3927914110429448 0.4614035087719298 0.004601226993865031 0.07368421052631578
0 0.3969325153374233 0.3798245614035088 0.003067484662576687 0.054385964912280704
0 0.4115030674846626 0.2982456140350877 0.003374233128834356 0.05964912280701754
0 0.45337423312883435 0.36403508771929827 0.0036809815950920245 0.05087719298245614
0 0.4306748466257669 0.493859649122807 0.0036809815950920245 0.06842105263157895
0 0.4228527607361963 0.6078947368421053 0.004601226993865031 0.0824561403508772
0 0.49555214723926383 0.49473684210526314 0.004601226993865031 0.06666666666666667
0 0.5177914110429448 0.3798245614035088 0.0036809815950920245 0.06140350877192982
0 0.44677914110429445 0.25 0.0027607361963190185 0.04736842105263158
0 0.4110429447852761 0.5605263157894737 0.004294478527607362 0.08596491228070176
0 0.7174846625766871 0.35175438596491226 0.0036809815950920245 0.05789473684210526
0 0.5251533742331288 0.5456140350877193 0.0049079754601227 0.07719298245614035
0 0.421319018404908 0.7614035087719299 0.006441717791411043 0.09824561403508772
0 0.6004601226993865 0.3131578947368421 0.003374233128834356 0.054385964912280704
0 0.4687116564417178 0.18333333333333332 0.00245398773006135 0.03684210526315789
0 0.3610429447852761 0.7298245614035088 0.006134969325153374 0.09473684210526316
0 0.43696319018404906 0.5131578947368421 0.004601226993865031 0.07192982456140351
0 0.4026073619631902 0.49912280701754386 0.004601226993865031 0.06842105263157895
0 0.47116564417177914 0.3736842105263158 0.0036809815950920245 0.05964912280701754
0 0.4226993865030675 0.27982456140350875 0.003067484662576687 0.05087719298245614
0 0.39631901840490796 0.4149122807017544 0.004294478527607362 0.07192982456140351