0 0.24217791411042944 0.35964912280701755 0.0027607361963190185 0.06315789473684211
0 0.38680981595092023 0.637719298245614 0.005521472392638037 0.08596491228070176
0 0.4237730061349693 0.5271929824561403 0.004601226993865031 0.06842105263157895
0 0.39539877300613496 0.4473684210526316 0.004294478527607362 0.06666666666666667
0 0.4139570552147239 0.33245614035087717 0.003374233128834356 0.054385964912280704
0 0.4432515337423313 0.47192982456140353 0.004294478527607362 0.06666666666666667
0 0.4174846625766871 0.6359649122807017 0.005521472392638037 0.07543859649122807
0 0.4498466257668712 0.6964912280701754 0.005828220858895706 0.08771929824561403
0 0.5085889570552147 0.5385964912280702 0.0049079754601227 0.07368421052631578
0 0.5122699386503068 0.37894736842105264 0.0036809815950920245 0.05964912280701754
0 0.4366564417177914 0.24561403508771928 0.0027607361963190185 0.03508771929824561
0 0.4058282208588957 0.5017543859649123 0.0036809815950920245 0.07017543859649122
0 0.7234662576687116 0.34385964912280703 0.003374233128834356 0.042105263157894736
0 0.5489263803680982 0.5578947368421052 0.005214723926380368 0.07719298245614035
0 0.37622699386503067 0.7464912280701754 0.008282208588957056 0.11052631578947368
0 0.5552147239263804 0.3684210526315789 0.0036809815950920245 0.05964912280701754
0 0.5041411042944786 0.23421052631578948 0.0027607361963190185 0.04736842105263158
0 0.39754601226993863 0.7070175438596491 0.006134969325153374 0.08070175438596491
0 0.44493865030674845 0.5359649122807018 0.004601226993865031 0.06140350877192982
0 0.3998466257668712 0.5745614035087719 0.004601226993865031 0.0824561403508772
0 0.4605828220858896 0.4535087719298246 0.004601226993865031 0.06842105263157895
0 0.4217791411042945 0.2710526315789474 0.004294478527607362 0.054385964912280704
0 0.3624233128834356 0.5666666666666667 0.005828220858895706 0.10526315789473684