0 0.329601226993865 0.29473684210526313 0.003374233128834356 0.06315789473684211
0 0.4958588957055215 0.41403508771929826 0.003987730061349694 0.0456140350877193
0 0.4710122699386503 0.23157894736842105 0.0027607361963190185 0.0456140350877193
0 0.49601226993865033 0.18333333333333332 0.0036809815950920245 0.043859649122807015
0 0.5993865030674846 0.18771929824561404 0.00245398773006135 0.03859649122807018
0 0.6159509202453988 0.23157894736842105 0.0036809815950920245 0.056140350877192984
0 0.5380368098159509 0.2149122807017544 0.00245398773006135 0.04035087719298246
0 0.6141104294478528 0.38596491228070173 0.0036809815950920245 0.05964912280701754
0 0.6164110429447853 0.26228070175438595 0.003374233128834356 0.043859649122807015
0 0.561042944785276 0.2710526315789474 0.003067484662576687 0.05087719298245614
0 0.563036809815951 0.19298245614035087 0.0027607361963190185 0.03859649122807018
0 0.5493865030674847 0.2614035087719298 0.0036809815950920245 0.05263157894736842
0 0.7412576687116564 0.31842105263157894 0.003374233128834356 0.054385964912280704
0 0.6697852760736196 0.2692982456140351 0.003374233128834356 0.04035087719298246
0 0.6380368098159509 0.3850877192982456 0.0036809815950920245 0.06140350877192982
0 0.6325153374233129 0.2412280701754386 0.0036809815950920245 0.043859649122807015
0 0.6256134969325153 0.21666666666666667 0.003374233128834356 0.043859649122807015
0 0.5466257668711656 0.443859649122807 0.004294478527607362 0.06666666666666667
0 0.5849693251533742 0.2885964912280702 0.003067484662576687 0.05087719298245614
0 0.5412576687116565 0.26228070175438595 0.0027607361963190185 0.043859649122807015
0 0.553680981595092 0.20701754385964913 0.003067484662576687 0.0456140350877193
0 0.49049079754601227 0.16842105263157894 0.00245398773006135 0.0456140350877193
0 0.5003067484662577 0.2219298245614035 0.003067484662576687 0.043859649122807015