0 0.3118098159509202 0.3263157894736842 0.003374233128834356 0.056140350877192984
0 0.6297546012269939 0.5973684210526315 0.0049079754601227 0.0824561403508772
0 0.4834355828220859 0.3649122807017544 0.0036809815950920245 0.05964912280701754
0 0.4845092024539877 0.29912280701754385 0.0027607361963190185 0.04736842105263158
0 0.531441717791411 0.18859649122807018 0.0027607361963190185 0.043859649122807015
0 0.555521472392638 0.35350877192982455 0.0036809815950920245 0.05789473684210526
0 0.5874233128834356 0.27017543859649124 0.003067484662576687 0.04912280701754386
0 0.48819018404907977 0.4807017543859649 0.004601226993865031 0.07017543859649122
0 0.6745398773006135 0.37719298245614036 0.0036809815950920245 0.05964912280701754
0 0.6493865030674847 0.35526315789473684 0.0036809815950920245 0.05087719298245614
0 0.6452453987730061 0.24298245614035088 0.0027607361963190185 0.04736842105263158
0 0.5840490797546012 0.42719298245614035 0.004294478527607362 0.06842105263157895
0 0.7226993865030675 0.3131578947368421 0.0036809815950920245 0.05087719298245614
0 0.7302147239263803 0.42543859649122806 0.003987730061349694 0.06491228070175438
0 0.6615030674846626 0.5973684210526315 0.005214723926380368 0.07894736842105263
0 0.6711656441717792 0.24385964912280703 0.003067484662576687 0.0456140350877193
0 0.6622699386503067 0.2692982456140351 0.003067484662576687 0.043859649122807015
0 0.6243865030674847 0.65 0.005828220858895706 0.0824561403508772
0 0.6122699386503068 0.3850877192982456 0.0036809815950920245 0.06140350877192982
0 0.557361963190184 0.30087719298245613 0.003067484662576687 0.04736842105263158
0 0.6033742331288343 0.2657894736842105 0.003067484662576687 0.04736842105263158
0 0.5526073619631902 0.1675438596491228 0.003987730061349694 0.043859649122807015
0 0.47791411042944787 0.3280701754385965 0.003067484662576687 0.05964912280701754