0 0.2565950920245399 0.362280701754386 0.003374233128834356 0.04736842105263158
0 0.4377300613496933 0.6894736842105263 0.006134969325153374 0.0912280701754386
0 0.4343558282208589 0.46842105263157896 0.004294478527607362 0.05964912280701754
0 0.44585889570552145 0.34035087719298246 0.003374233128834356 0.056140350877192984
0 0.46457055214723925 0.2482456140350877 0.0027607361963190185 0.04736842105263158
0 0.4849693251533742 0.4517543859649123 0.004294478527607362 0.06491228070175438
0 0.49279141104294477 0.33421052631578946 0.0027607361963190185 0.04736842105263158
0 0.5380368098159509 0.7096491228070175 0.006134969325153374 0.0824561403508772
0 0.5914110429447853 0.4666666666666667 0.004294478527607362 0.06666666666666667
0 0.5406441717791411 0.34035087719298246 0.003374233128834356 0.056140350877192984
0 0.5151840490797546 0.23771929824561402 0.0027607361963190185 0.043859649122807015
0 0.47822085889570554 0.45964912280701753 0.0036809815950920245 0.06666666666666667
0 0.7361963190184049 0.3570175438596491 0.0036809815950920245 0.05789473684210526
0 0.6420245398773006 0.47017543859649125 0.004294478527607362 0.07017543859649122
0 0.5756134969325153 0.7578947368421053 0.006441717791411043 0.07719298245614035
0 0.6039877300613496 0.2850877192982456 0.003067484662576687 0.05087719298245614
0 0.5093558282208589 0.16578947368421051 0.0027607361963190185 0.043859649122807015
0 0.44217791411042945 0.7535087719298246 0.006441717791411043 0.08596491228070176
0 0.5392638036809816 0.40789473684210525 0.003067484662576687 0.05087719298245614
0 0.48711656441717793 0.27982456140350875 0.003067484662576687 0.05087719298245614
0 0.47024539877300614 0.34649122807017546 0.0036809815950920245 0.05789473684210526
0 0.46226993865030674 0.19035087719298247 0.00245398773006135 0.03333333333333333
0 0.4363496932515337 0.4342105263157895 0.004601226993865031 0.07543859649122807