0 0.2476993865030675 0.37456140350877193 0.003987730061349694 0.07894736842105263
0 0.3291411042944785 0.7157894736842105 0.006134969325153374 0.0912280701754386
0 0.34432515337423314 0.5771929824561404 0.004601226993865031 0.08070175438596491
0 0.38128834355828223 0.4421052631578947 0.004294478527607362 0.06666666666666667
0 0.4058282208588957 0.35526315789473684 0.0036809815950920245 0.054385964912280704
0 0.38726993865030673 0.593859649122807 0.005214723926380368 0.09298245614035087
0 0.4401840490797546 0.5491228070175439 0.0049079754601227 0.06666666666666667
0 0.4101226993865031 0.6991228070175438 0.005521472392638037 0.08596491228070176
0 0.4368098159509202 0.7482456140350877 0.006134969325153374 0.09649122807017543
0 0.49003067484662577 0.4359649122807018 0.003987730061349694 0.04736842105263158
0 0.5 0.35 0.003067484662576687 0.05789473684210526
0 0.45245398773006135 0.46578947368421053 0.004294478527607362 0.06842105263157895
0 0.7110429447852761 0.3815789473684211 0.0036809815950920245 0.06140350877192982
0 0.5523006134969325 0.6543859649122807 0.005828220858895706 0.08771929824561403
0 0.46319018404907975 0.7263157894736842 0.006134969325153374 0.09473684210526316
0 0.5595092024539877 0.44912280701754387 0.004294478527607362 0.06666666666666667
0 0.5263803680981595 0.34385964912280703 0.003067484662576687 0.05263157894736842
0 0.40736196319018403 0.7201754385964912 0.006134969325153374 0.09298245614035087
0 0.4167177914110429 0.6175438596491228 0.005214723926380368 0.0912280701754386
0 0.41595092024539876 0.4517543859649123 0.004294478527607362 0.04736842105263158
0 0.4746932515337423 0.5824561403508772 0.005214723926380368 0.07719298245614035
0 0.4334355828220859 0.3482456140350877 0.0036809815950920245 0.05789473684210526
0 0.33496932515337424 0.5894736842105263 0.005521472392638037 0.08070175438596491