0 0.2757668711656442 0.34210526315789475 0.0036809815950920245 0.056140350877192984
0 0.44785276073619634 0.5026315789473684 0.0036809815950920245 0.06491228070175438
0 0.4638036809815951 0.3780701754385965 0.0036809815950920245 0.05087719298245614
0 0.4677914110429448 0.27982456140350875 0.003067484662576687 0.05087719298245614
0 0.4723926380368098 0.20964912280701756 0.00245398773006135 0.043859649122807015
0 0.49371165644171777 0.3368421052631579 0.003374233128834356 0.056140350877192984
0 0.519478527607362 0.25263157894736843 0.003374233128834356 0.042105263157894736
0 0.4751533742331288 0.4570175438596491 0.004294478527607362 0.06842105263157895
0 0.549079754601227 0.37894736842105264 0.0036809815950920245 0.05964912280701754
0 0.5358895705521473 0.30964912280701756 0.003067484662576687 0.054385964912280704
0 0.5208588957055215 0.2026315789473684 0.00245398773006135 0.04736842105263158
0 0.49401840490797544 0.4017543859649123 0.003987730061349694 0.06315789473684211
0 0.7216257668711656 0.31842105263157894 0.003374233128834356 0.054385964912280704
0 0.6348159509202455 0.4070175438596491 0.003987730061349694 0.06315789473684211
0 0.5411042944785276 0.7192982456140351 0.006134969325153374 0.0912280701754386
0 0.6024539877300613 0.2771929824561403 0.003067484662576687 0.04912280701754386
0 0.5315950920245399 0.16578947368421051 0.00245398773006135 0.04035087719298246
0 0.4423312883435583 0.6175438596491228 0.005521472392638037 0.08421052631578947
0 0.5526073619631902 0.3394736842105263 0.0027607361963190185 0.06491228070175438
0 0.5197852760736197 0.2219298245614035 0.003374233128834356 0.043859649122807015
0 0.4865030674846626 0.27280701754385966 0.003067484662576687 0.05087719298245614
0 0.4664110429447853 0.17280701754385966 0.0027607361963190185 0.03684210526315789
0 0.45337423312883435 0.42105263157894735 0.004294478527607362 0.07719298245614035