0 0.26625766871165646 0.34210526315789475 0.003067484662576687 0.056140350877192984
0 0.39815950920245397 0.5508771929824562 0.0049079754601227 0.07719298245614035
0 0.4139570552147239 0.4166666666666667 0.003987730061349694 0.06491228070175438
0 0.4434049079754601 0.312280701754386 0.003374233128834356 0.05964912280701754
0 0.43849693251533745 0.23596491228070177 0.0027607361963190185 0.04736842105263158
0 0.4523006134969325 0.42719298245614035 0.003987730061349694 0.06491228070175438
0 0.48113496932515337 0.30701754385964913 0.003374233128834356 0.0456140350877193
0 0.4584355828220859 0.5947368421052631 0.005214723926380368 0.07368421052631578
0 0.4733128834355828 0.5289473684210526 0.0049079754601227 0.07543859649122807
0 0.520398773006135 0.33157894736842103 0.003374233128834356 0.056140350877192984
0 0.5130368098159509 0.256140350877193 0.0027607361963190185 0.04912280701754386
0 0.48374233128834354 0.43508771929824563 0.0036809815950920245 0.06315789473684211
0 0.7136503067484663 0.3385964912280702 0.003374233128834356 0.056140350877192984
0 0.6121165644171779 0.5105263157894737 0.004601226993865031 0.07368421052631578
0 0.5087423312883436 0.6877192982456141 0.005828220858895706 0.0912280701754386
0 0.5934049079754601 0.3429824561403509 0.003374233128834356 0.05789473684210526
0 0.5432515337423313 0.21403508771929824 0.00245398773006135 0.042105263157894736
0 0.39217791411042946 0.6614035087719298 0.005828220858895706 0.08771929824561403
0 0.4648773006134969 0.4421052631578947 0.003374233128834356 0.06315789473684211
0 0.48098159509202454 0.26842105263157895 0.003067484662576687 0.0456140350877193
0 0.5443251533742332 0.42719298245614035 0.003987730061349694 0.06491228070175438
0 0.4549079754601227 0.20789473684210527 0.00245398773006135 0.043859649122807015
0 0.4059815950920245 0.4263157894736842 0.004601226993865031 0.07017543859649122