0 0.2803680981595092 0.35350877192982455 0.003067484662576687 0.06140350877192982
0 0.46748466257668714 0.5508771929824562 0.0049079754601227 0.07719298245614035
0 0.47929447852760737 0.4166666666666667 0.003374233128834356 0.05789473684210526
0 0.48726993865030677 0.3350877192982456 0.003374233128834356 0.056140350877192984
0 0.49187116564417177 0.23771929824561402 0.003374233128834356 0.04035087719298246
0 0.6521472392638037 0.4070175438596491 0.004294478527607362 0.06666666666666667
0 0.5455521472392638 0.35 0.003374233128834356 0.05789473684210526
0 0.5789877300613497 0.5649122807017544 0.005214723926380368 0.07719298245614035
0 0.6838957055214724 0.49298245614035086 0.004601226993865031 0.07017543859649122
0 0.6199386503067484 0.2850877192982456 0.003067484662576687 0.05087719298245614
0 0.5513803680981595 0.24473684210526317 0.0027607361963190185 0.04035087719298246
0 0.5248466257668711 0.4307017543859649 0.0036809815950920245 0.07543859649122807
0 0.7524539877300613 0.35175438596491226 0.0036809815950920245 0.05789473684210526
0 0.7171779141104294 0.5289473684210526 0.0049079754601227 0.07543859649122807
0 0.5930981595092024 0.7535087719298246 0.006441717791411043 0.09649122807017543
0 0.6352760736196319 0.21052631578947367 0.00245398773006135 0.042105263157894736
0 0.535122699386503 0.17280701754385966 0.0027607361963190185 0.03333333333333333
0 0.4634969325153374 0.7035087719298245 0.006134969325153374 0.0912280701754386
0 0.6374233128834356 0.45526315789473687 0.004294478527607362 0.06842105263157895
0 0.5315950920245399 0.29736842105263156 0.003067484662576687 0.05087719298245614
0 0.6668711656441718 0.387719298245614 0.0036809815950920245 0.05263157894736842
0 0.49739263803680983 0.2043859649122807 0.0027607361963190185 0.04035087719298246
0 0.47883435582822087 0.3824561403508772 0.0036809815950920245 0.05263157894736842