0 0.301840490797546 0.3798245614035088 0.004294478527607362 0.06842105263157895
0 0.5579754601226994 0.6877192982456141 0.006134969325153374 0.08421052631578947
0 0.49524539877300616 0.5675438596491228 0.005214723926380368 0.07894736842105263
0 0.49647239263803683 0.41403508771929826 0.003987730061349694 0.06315789473684211
0 0.5059815950920246 0.2614035087719298 0.0027607361963190185 0.04912280701754386
0 0.5868098159509203 0.5324561403508772 0.0049079754601227 0.07192982456140351
0 0.6024539877300613 0.44298245614035087 0.004294478527607362 0.05789473684210526
0 0.7480061349693251 0.5807017543859649 0.005214723926380368 0.05964912280701754
0 0.6733128834355828 0.5166666666666667 0.0049079754601227 0.06842105263157895
0 0.7061349693251534 0.531578947368421 0.0049079754601227 0.06315789473684211
0 0.6180981595092024 0.3017543859649123 0.003067484662576687 0.05263157894736842
0 0.5855828220858895 0.4219298245614035 0.0036809815950920245 0.06140350877192982
0 0.7723926380368098 0.34912280701754383 0.0036809815950920245 0.05263157894736842
0 0.8001533742331288 0.606140350877193 0.005828220858895706 0.07894736842105263
0 0.7595092024539877 0.6982456140350877 0.006134969325153374 0.0912280701754386
0 0.7173312883435583 0.393859649122807 0.003987730061349694 0.06140350877192982
0 0.6418711656441718 0.2543859649122807 0.0027607361963190185 0.04912280701754386
0 0.5786809815950921 0.7385964912280701 0.006441717791411043 0.09473684210526316
0 0.6838957055214724 0.519298245614035 0.004601226993865031 0.07017543859649122
0 0.5585889570552147 0.4570175438596491 0.004294478527607362 0.06491228070175438
0 0.6815950920245398 0.46228070175438596 0.004294478527607362 0.06842105263157895
0 0.5282208588957055 0.22719298245614036 0.00245398773006135 0.05087719298245614
0 0.5065950920245399 0.5842105263157895 0.005214723926380368 0.08070175438596491