0 0.3081288343558282 0.3254385964912281 0.003374233128834356 0.054385964912280704
0 0.6073619631901841 0.5780701754385965 0.004294478527607362 0.07543859649122807
0 0.48190184049079754 0.36666666666666664 0.0036809815950920245 0.05964912280701754
0 0.48282208588957054 0.30087719298245613 0.003067484662576687 0.05087719298245614
0 0.525920245398773 0.19210526315789472 0.0027607361963190185 0.04035087719298246
0 0.5515337423312884 0.35175438596491226 0.0036809815950920245 0.05789473684210526
0 0.5892638036809816 0.26842105263157895 0.003067484662576687 0.0456140350877193
0 0.4855828220858896 0.46842105263157896 0.004294478527607362 0.06666666666666667
0 0.6776073619631902 0.3780701754385965 0.0036809815950920245 0.06140350877192982
0 0.6349693251533742 0.3587719298245614 0.0036809815950920245 0.05789473684210526
0 0.6443251533742331 0.2412280701754386 0.0027607361963190185 0.04736842105263158
0 0.5745398773006135 0.4298245614035088 0.004294478527607362 0.06666666666666667
0 0.7225460122699386 0.31491228070175437 0.003374233128834356 0.04736842105263158
0 0.7346625766871165 0.44035087719298244 0.004294478527607362 0.06666666666666667
0 0.653680981595092 0.6096491228070176 0.005521472392638037 0.0824561403508772
0 0.6682515337423313 0.23421052631578948 0.0027607361963190185 0.043859649122807015
0 0.650920245398773 0.25877192982456143 0.003067484662576687 0.043859649122807015
0 0.5930981595092024 0.6508771929824562 0.005828220858895706 0.08771929824561403
0 0.6067484662576688 0.3850877192982456 0.0036809815950920245 0.06140350877192982
0 0.5478527607361963 0.29473684210526313 0.003067484662576687 0.05263157894736842
0 0.6095092024539878 0.27456140350877195 0.003067484662576687 0.043859649122807015
0 0.5452453987730062 0.17543859649122806 0.003374233128834356 0.042105263157894736
0 0.4785276073619632 0.3263157894736842 0.003067484662576687 0.05964912280701754