0 0.24125766871165644 0.3798245614035088 0.003374233128834356 0.07543859649122807
0 0.31150306748466255 0.7350877192982456 0.006441717791411043 0.0912280701754386
0 0.3156441717791411 0.6026315789473684 0.0049079754601227 0.07192982456140351
0 0.3745398773006135 0.46228070175438596 0.004294478527607362 0.06842105263157895
0 0.39723926380368096 0.3701754385964912 0.0036809815950920245 0.05964912280701754
0 0.3674846625766871 0.6236842105263158 0.0049079754601227 0.08596491228070176
0 0.4179447852760736 0.5684210526315789 0.005214723926380368 0.07017543859649122
0 0.3918711656441718 0.7096491228070175 0.004601226993865031 0.07192982456140351
0 0.4303680981595092 0.7482456140350877 0.0049079754601227 0.0824561403508772
0 0.4822085889570552 0.4421052631578947 0.004294478527607362 0.06315789473684211
0 0.49754601226993866 0.35789473684210527 0.0036809815950920245 0.056140350877192984
0 0.4455521472392638 0.45964912280701753 0.003987730061349694 0.07017543859649122
0 0.7061349693251534 0.38333333333333336 0.0036809815950920245 0.06140350877192982
0 0.5420245398773006 0.6464912280701754 0.005521472392638037 0.08596491228070176
0 0.4411042944785276 0.7219298245614035 0.006134969325153374 0.08947368421052632
0 0.5417177914110429 0.47192982456140353 0.004294478527607362 0.07017543859649122
0 0.5193251533742331 0.36666666666666664 0.003067484662576687 0.05263157894736842
0 0.4101226993865031 0.7219298245614035 0.006134969325153374 0.09298245614035087
0 0.3964723926380368 0.6333333333333333 0.005214723926380368 0.0912280701754386
0 0.39432515337423313 0.4824561403508772 0.004601226993865031 0.05964912280701754
0 0.454601226993865 0.6087719298245614 0.005521472392638037 0.07719298245614035
0 0.42484662576687116 0.39035087719298245 0.0036809815950920245 0.06140350877192982
0 0.31579754601226995 0.606140350877193 0.005214723926380368 0.07192982456140351