0 0.3065950920245399 0.3157894736842105 0.0027607361963190185 0.04912280701754386
0 0.6108895705521472 0.6605263157894737 0.005828220858895706 0.0824561403508772
0 0.46748466257668714 0.38333333333333336 0.0036809815950920245 0.06140350877192982
0 0.473159509202454 0.22280701754385965 0.0027607361963190185 0.0456140350877193
0 0.5254601226993865 0.18070175438596492 0.003067484662576687 0.042105263157894736
0 0.5168711656441718 0.3719298245614035 0.0036809815950920245 0.05964912280701754
0 0.5627300613496933 0.23684210526315788 0.0027607361963190185 0.03859649122807018
0 0.5705521472392638 0.44912280701754387 0.004294478527607362 0.056140350877192984
0 0.617638036809816 0.3236842105263158 0.003987730061349694 0.05087719298245614
0 0.5127300613496932 0.3368421052631579 0.003374233128834356 0.056140350877192984
0 0.59079754601227 0.1912280701754386 0.00245398773006135 0.03859649122807018
0 0.5391104294478528 0.2482456140350877 0.0027607361963190185 0.04736842105263158
0 0.7621165644171779 0.3447368421052632 0.003374233128834356 0.05789473684210526
0 0.6355828220858896 0.3631578947368421 0.0036809815950920245 0.05964912280701754
0 0.593558282208589 0.44298245614035087 0.004294478527607362 0.043859649122807015
0 0.6161042944785277 0.29385964912280704 0.004601226993865031 0.054385964912280704
0 0.600920245398773 0.22280701754385965 0.004294478527607362 0.03859649122807018
0 0.6010736196319019 0.525438596491228 0.005214723926380368 0.07894736842105263
0 0.5361963190184049 0.3508771929824561 0.0036809815950920245 0.05263157894736842
0 0.5319018404907976 0.2631578947368421 0.0036809815950920245 0.04912280701754386
0 0.5739263803680982 0.3026315789473684 0.003067484662576687 0.043859649122807015
0 0.5447852760736196 0.18421052631578946 0.003067484662576687 0.03859649122807018
0 0.4915644171779141 0.2789473684210526 0.003374233128834356 0.0456140350877193