0 0.2388036809815951 0.37543859649122807 0.002147239263803681 0.05263157894736842
0 0.3476993865030675 0.5184210526315789 0.004601226993865031 0.03684210526315789
0 0.3691717791411043 0.4780701754385965 0.004601226993865031 0.06491228070175438
0 0.31947852760736195 0.4868421052631579 0.004601226993865031 0.06491228070175438
0 0.37622699386503067 0.30350877192982456 0.003987730061349694 0.04912280701754386
0 0.4507668711656442 0.4017543859649123 0.003987730061349694 0.06315789473684211
0 0.42868098159509205 0.5114035087719299 0.003987730061349694 0.06842105263157895
0 0.4562883435582822 0.6043859649122807 0.005214723926380368 0.0824561403508772
0 0.4593558282208589 0.5140350877192983 0.004601226993865031 0.07368421052631578
0 0.5223926380368098 0.3719298245614035 0.0036809815950920245 0.05964912280701754
0 0.43941717791411045 0.23333333333333334 0.0027607361963190185 0.0456140350877193
0 0.40782208588957053 0.5412280701754386 0.004601226993865031 0.09298245614035087
0 0.7177914110429447 0.35175438596491226 0.0036809815950920245 0.05789473684210526
0 0.5121165644171779 0.512280701754386 0.004601226993865031 0.07368421052631578
0 0.4187116564417178 0.7342105263157894 0.0049079754601227 0.1
0 0.5983128834355829 0.32105263157894737 0.003374233128834356 0.04912280701754386
0 0.475920245398773 0.17982456140350878 0.002147239263803681 0.03333333333333333
0 0.3342024539877301 0.6552631578947369 0.005828220858895706 0.08596491228070176
0 0.4855828220858896 0.631578947368421 0.005521472392638037 0.08421052631578947
0 0.40705521472392636 0.443859649122807 0.004294478527607362 0.05263157894736842
0 0.48757668711656443 0.4280701754385965 0.003987730061349694 0.06315789473684211
0 0.4016871165644172 0.2631578947368421 0.003374233128834356 0.05263157894736842
0 0.3320552147239264 0.4982456140350877 0.005214723926380368 0.07017543859649122