0 0.22346625766871164 0.3929824561403509 0.003987730061349694 0.06666666666666667
0 0.2593558282208589 0.7719298245614035 0.005214723926380368 0.09824561403508772
0 0.25 0.6149122807017544 0.005521472392638037 0.07543859649122807
0 0.3411042944785276 0.46228070175438596 0.004294478527607362 0.06842105263157895
0 0.3679447852760736 0.3587719298245614 0.003374233128834356 0.043859649122807015
0 0.3061349693251534 0.637719298245614 0.005521472392638037 0.08596491228070176
0 0.37668711656441717 0.5552631578947368 0.0049079754601227 0.07543859649122807
0 0.39171779141104296 0.6894736842105263 0.005521472392638037 0.08771929824561403
0 0.44739263803680984 0.7201754385964912 0.004601226993865031 0.09649122807017543
0 0.4742331288343558 0.4307017543859649 0.004294478527607362 0.06491228070175438
0 0.4967791411042945 0.34649122807017546 0.003374233128834356 0.05789473684210526
0 0.43190184049079755 0.48157894736842105 0.005521472392638037 0.0824561403508772
0 0.7046012269938651 0.37543859649122807 0.0036809815950920245 0.056140350877192984
0 0.5118098159509202 0.6508771929824562 0.005828220858895706 0.08771929824561403
0 0.4504601226993865 0.7008771929824561 0.004601226993865031 0.08596491228070176
0 0.5253067484662577 0.4885964912280702 0.004601226993865031 0.07192982456140351
0 0.5039877300613497 0.3447368421052632 0.003067484662576687 0.054385964912280704
0 0.3875766871165644 0.7271929824561404 0.006441717791411043 0.09298245614035087
0 0.32039877300613495 0.6473684210526316 0.005214723926380368 0.09473684210526316
0 0.36211656441717793 0.48157894736842105 0.004601226993865031 0.06491228070175438
0 0.40475460122699386 0.5763157894736842 0.005214723926380368 0.07894736842105263
0 0.3834355828220859 0.3850877192982456 0.0036809815950920245 0.06140350877192982
0 0.26671779141104296 0.6175438596491228 0.005214723926380368 0.07719298245614035