0 0.3441717791411043 0.33245614035087717 0.003067484662576687 0.05789473684210526
0 0.6015337423312883 0.5157894736842106 0.0049079754601227 0.07368421052631578
0 0.5417177914110429 0.35526315789473684 0.0036809815950920245 0.05789473684210526
0 0.5262269938650307 0.2614035087719298 0.0027607361963190185 0.04912280701754386
0 0.7191717791411043 0.19649122807017544 0.003987730061349694 0.03859649122807018
0 0.5829754601226994 0.23859649122807017 0.0027607361963190185 0.042105263157894736
0 0.6228527607361963 0.31666666666666665 0.003374233128834356 0.05087719298245614
0 0.7542944785276073 0.37105263157894736 0.0036809815950920245 0.06140350877192982
0 0.6852760736196319 0.2964912280701754 0.003067484662576687 0.05263157894736842
0 0.7381901840490798 0.29736842105263156 0.003987730061349694 0.05789473684210526
0 0.6424846625766871 0.18070175438596492 0.002147239263803681 0.031578947368421054
0 0.6638036809815951 0.23771929824561402 0.0036809815950920245 0.05087719298245614
0 0.7734662576687117 0.32456140350877194 0.004601226993865031 0.056140350877192984
0 0.7446319018404908 0.30701754385964913 0.004601226993865031 0.06315789473684211
0 0.7618098159509202 0.3719298245614035 0.003987730061349694 0.056140350877192984
0 0.7383435582822085 0.2614035087719298 0.00245398773006135 0.0456140350877193
0 0.7171779141104294 0.20614035087719298 0.0036809815950920245 0.04035087719298246
0 0.7110429447852761 0.443859649122807 0.004294478527607362 0.06666666666666667
0 0.7265337423312883 0.29473684210526313 0.003374233128834356 0.05263157894736842
0 0.61579754601227 0.256140350877193 0.0027607361963190185 0.04912280701754386
0 0.7003067484662576 0.2929824561403509 0.003067484662576687 0.05263157894736842
0 0.6665644171779141 0.19473684210526315 0.0036809815950920245 0.0456140350877193
0 0.5489263803680982 0.35789473684210527 0.003374233128834356 0.056140350877192984