0 0.2897239263803681 0.3254385964912281 0.003374233128834356 0.06491228070175438
0 0.48006134969325154 0.45964912280701753 0.004294478527607362 0.06666666666666667
0 0.4815950920245399 0.3350877192982456 0.003067484662576687 0.05964912280701754
0 0.4803680981595092 0.25087719298245614 0.00245398773006135 0.04912280701754386
0 0.48941717791411044 0.1912280701754386 0.003374233128834356 0.03859649122807018
0 0.6062883435582822 0.26052631578947366 0.003374233128834356 0.05087719298245614
0 0.5317484662576687 0.2307017543859649 0.0027607361963190185 0.04035087719298246
0 0.5567484662576687 0.4324561403508772 0.004294478527607362 0.06140350877192982
0 0.6447852760736197 0.37719298245614036 0.0036809815950920245 0.05964912280701754
0 0.6165644171779141 0.1912280701754386 0.00245398773006135 0.042105263157894736
0 0.5585889570552147 0.18333333333333332 0.00245398773006135 0.03684210526315789
0 0.5507668711656442 0.30526315789473685 0.003374233128834356 0.05263157894736842
0 0.7273006134969325 0.26842105263157895 0.003067484662576687 0.04912280701754386
0 0.7016871165644172 0.4219298245614035 0.003987730061349694 0.05789473684210526
0 0.6156441717791411 0.624561403508772 0.005521472392638037 0.08421052631578947
0 0.6197852760736197 0.17105263157894737 0.0027607361963190185 0.05087719298245614
0 0.5302147239263804 0.156140350877193 0.003374233128834356 0.042105263157894736
0 0.48773006134969327 0.5526315789473685 0.0049079754601227 0.07719298245614035
0 0.6087423312883435 0.3236842105263158 0.003374233128834356 0.054385964912280704
0 0.5003067484662577 0.22017543859649122 0.00245398773006135 0.043859649122807015
0 0.5998466257668712 0.24649122807017543 0.003374233128834356 0.054385964912280704
0 0.5254601226993865 0.18947368421052632 0.0036809815950920245 0.0456140350877193
0 0.47914110429447854 0.2956140350877193 0.003067484662576687 0.054385964912280704