0 0.2326687116564417 0.40087719298245617 0.003374233128834356 0.06491228070175438
0 0.25644171779141106 0.6219298245614036 0.005521472392638037 0.07894736842105263
0 0.27975460122699386 0.5184210526315789 0.004294478527607362 0.04736842105263158
0 0.3460122699386503 0.26666666666666666 0.003067484662576687 0.04912280701754386
0 0.43650306748466255 0.19912280701754387 0.00245398773006135 0.03333333333333333
0 0.3946319018404908 0.3368421052631579 0.003374233128834356 0.042105263157894736
0 0.4418711656441718 0.506140350877193 0.004601226993865031 0.06842105263157895
0 0.5440184049079755 0.5745614035087719 0.005214723926380368 0.07192982456140351
0 0.5164110429447852 0.40789473684210525 0.003987730061349694 0.06140350877192982
0 0.5049079754601227 0.35 0.0036809815950920245 0.05789473684210526
0 0.5004601226993866 0.22631578947368422 0.0027607361963190185 0.0456140350877193
0 0.4865030674846626 0.28771929824561404 0.0036809815950920245 0.05964912280701754
0 0.7138036809815951 0.34649122807017546 0.0036809815950920245 0.05789473684210526
0 0.5677914110429448 0.443859649122807 0.004294478527607362 0.06666666666666667
0 0.5562883435582822 0.5771929824561404 0.005214723926380368 0.07719298245614035
0 0.5404907975460123 0.3570175438596491 0.0036809815950920245 0.05789473684210526
0 0.5291411042944786 0.27456140350877195 0.003067484662576687 0.05087719298245614
0 0.4049079754601227 0.6096491228070176 0.0049079754601227 0.0824561403508772
0 0.502760736196319 0.46578947368421053 0.004294478527607362 0.06842105263157895
0 0.4121165644171779 0.4807017543859649 0.004601226993865031 0.07017543859649122
0 0.4766871165644172 0.3482456140350877 0.0036809815950920245 0.05789473684210526
0 0.39616564417177913 0.2649122807017544 0.003374233128834356 0.05263157894736842
0 0.27469325153374236 0.5236842105263158 0.003987730061349694 0.07192982456140351