0 0.24187116564417177 0.3675438596491228 0.003374233128834356 0.05789473684210526
0 0.3496932515337423 0.618421052631579 0.005521472392638037 0.07543859649122807
0 0.3973926380368098 0.5228070175438596 0.003987730061349694 0.07017543859649122
0 0.38773006134969323 0.4517543859649123 0.004294478527607362 0.06491228070175438
0 0.4053680981595092 0.3157894736842105 0.003374233128834356 0.03508771929824561
0 0.4317484662576687 0.41842105263157897 0.003987730061349694 0.06491228070175438
0 0.4368098159509202 0.5736842105263158 0.0049079754601227 0.07368421052631578
0 0.4151840490797546 0.6649122807017543 0.005828220858895706 0.08421052631578947
0 0.5269938650306748 0.5508771929824562 0.0049079754601227 0.07719298245614035
0 0.5006134969325153 0.38596491228070173 0.0036809815950920245 0.056140350877192984
0 0.44309815950920245 0.25 0.0027607361963190185 0.03684210526315789
0 0.41273006134969326 0.4964912280701754 0.003987730061349694 0.07368421052631578
0 0.7041411042944785 0.35350877192982455 0.003374233128834356 0.05789473684210526
0 0.5748466257668712 0.6210526315789474 0.0049079754601227 0.08421052631578947
0 0.39432515337423313 0.7763157894736842 0.006441717791411043 0.09298245614035087
0 0.5700920245398773 0.34649122807017546 0.003374233128834356 0.05789473684210526
0 0.5044478527607362 0.23508771929824562 0.0027607361963190185 0.0456140350877193
0 0.39815950920245397 0.7219298245614035 0.006134969325153374 0.09298245614035087
0 0.4611963190184049 0.5754385964912281 0.005214723926380368 0.07719298245614035
0 0.40797546012269936 0.5561403508771929 0.0049079754601227 0.07368421052631578
0 0.4780674846625767 0.4201754385964912 0.003987730061349694 0.06491228070175438
0 0.42438650306748466 0.25701754385964914 0.0027607361963190185 0.04035087719298246
0 0.36180981595092027 0.5201754385964912 0.004601226993865031 0.0824561403508772