0 0.31150306748466255 0.3333333333333333 0.003374233128834356 0.056140350877192984
0 0.6306748466257669 0.5964912280701754 0.0049079754601227 0.08070175438596491
0 0.4834355828220859 0.3649122807017544 0.0036809815950920245 0.05964912280701754
0 0.4845092024539877 0.29912280701754385 0.0027607361963190185 0.04736842105263158
0 0.5317484662576687 0.18859649122807018 0.0027607361963190185 0.043859649122807015
0 0.555521472392638 0.35350877192982455 0.0036809815950920245 0.05789473684210526
0 0.587116564417178 0.27017543859649124 0.003067484662576687 0.04912280701754386
0 0.48819018404907977 0.4824561403508772 0.004601226993865031 0.07017543859649122
0 0.6742331288343558 0.37719298245614036 0.0036809815950920245 0.05964912280701754
0 0.65 0.356140350877193 0.0036809815950920245 0.04912280701754386
0 0.6455521472392638 0.24298245614035088 0.0027607361963190185 0.04736842105263158
0 0.5846625766871165 0.4280701754385965 0.004294478527607362 0.07017543859649122
0 0.7226993865030675 0.3131578947368421 0.0036809815950920245 0.05087719298245614
0 0.7299079754601226 0.42543859649122806 0.003987730061349694 0.06491228070175438
0 0.6622699386503067 0.5991228070175438 0.005521472392638037 0.0824561403508772
0 0.6711656441717792 0.24385964912280703 0.003067484662576687 0.0456140350877193
0 0.6627300613496933 0.2675438596491228 0.003374233128834356 0.043859649122807015
0 0.6256134969325153 0.6526315789473685 0.005828220858895706 0.08771929824561403
0 0.6131901840490798 0.38333333333333336 0.0036809815950920245 0.06140350877192982
0 0.558282208588957 0.3017543859649123 0.003067484662576687 0.0456140350877193
0 0.6032208588957055 0.2631578947368421 0.003374233128834356 0.0456140350877193
0 0.552760736196319 0.1675438596491228 0.0036809815950920245 0.043859649122807015
0 0.47791411042944787 0.3280701754385965 0.003067484662576687 0.05964912280701754