0 0.19478527607361965 0.3973684210526316 0.003067484662576687 0.054385964912280704
0 0.16134969325153375 0.5543859649122806 0.0049079754601227 0.07719298245614035
0 0.3173312883435583 0.5043859649122807 0.004601226993865031 0.07192982456140351
0 0.27116564417177913 0.37719298245614036 0.0036809815950920245 0.05964912280701754
0 0.3495398773006135 0.28157894736842104 0.003374233128834356 0.054385964912280704
0 0.3871165644171779 0.3719298245614035 0.0036809815950920245 0.05964912280701754
0 0.41978527607361965 0.5578947368421052 0.004601226993865031 0.07719298245614035
0 0.4634969325153374 0.6140350877192983 0.005521472392638037 0.07017543859649122
0 0.5062883435582822 0.4903508771929825 0.004601226993865031 0.07192982456140351
0 0.49309815950920244 0.38859649122807016 0.003987730061349694 0.06140350877192982
0 0.4719325153374233 0.24473684210526317 0.0027607361963190185 0.04736842105263158
0 0.4125766871165644 0.42280701754385963 0.0049079754601227 0.08070175438596491
0 0.6834355828220859 0.35350877192982455 0.0036809815950920245 0.05789473684210526
0 0.5529141104294478 0.512280701754386 0.004601226993865031 0.07368421052631578
0 0.48634969325153377 0.6692982456140351 0.005828220858895706 0.08947368421052632
0 0.5441717791411043 0.3631578947368421 0.0036809815950920245 0.05964912280701754
0 0.5010736196319019 0.25877192982456143 0.0027607361963190185 0.04736842105263158
0 0.327760736196319 0.6710526315789473 0.005828220858895706 0.08947368421052632
0 0.49279141104294477 0.5324561403508772 0.004601226993865031 0.07543859649122807
0 0.35460122699386504 0.525438596491228 0.0049079754601227 0.07192982456140351
0 0.4386503067484663 0.37719298245614036 0.0036809815950920245 0.05964912280701754
0 0.348159509202454 0.2912280701754386 0.003067484662576687 0.05263157894736842
0 0.16257668711656442 0.5473684210526316 0.006134969325153374 0.07017543859649122