0 0.20874233128834355 0.38070175438596493 0.003374233128834356 0.056140350877192984
0 0.17684049079754602 0.8368421052631579 0.00705521472392638 0.07368421052631578
0 0.25628834355828223 0.5570175438596491 0.005214723926380368 0.07543859649122807
0 0.34049079754601225 0.387719298245614 0.003067484662576687 0.05964912280701754
0 0.3661042944785276 0.30964912280701756 0.003374233128834356 0.054385964912280704
0 0.44631901840490795 0.593859649122807 0.0049079754601227 0.07894736842105263
0 0.4139570552147239 0.437719298245614 0.004601226993865031 0.07192982456140351
0 0.4717791411042945 0.6412280701754386 0.004294478527607362 0.07894736842105263
0 0.5964723926380369 0.5807017543859649 0.005214723926380368 0.08070175438596491
0 0.5220858895705521 0.35526315789473684 0.0036809815950920245 0.05789473684210526
0 0.507361963190184 0.27456140350877195 0.003067484662576687 0.05087719298245614
0 0.40107361963190186 0.48596491228070177 0.003987730061349694 0.08070175438596491
0 0.7079754601226994 0.3570175438596491 0.0036809815950920245 0.05789473684210526
0 0.5826687116564417 0.5745614035087719 0.005214723926380368 0.09649122807017543
0 0.48006134969325154 0.6912280701754386 0.005521472392638037 0.0912280701754386
0 0.564877300613497 0.34035087719298246 0.003374233128834356 0.056140350877192984
0 0.521319018404908 0.22017543859649122 0.003987730061349694 0.03684210526315789
0 0.19846625766871165 0.7894736842105263 0.006748466257668712 0.0912280701754386
0 0.4849693251533742 0.5359649122807018 0.0049079754601227 0.07543859649122807
0 0.39723926380368096 0.36666666666666664 0.0036809815950920245 0.05964912280701754
0 0.42530674846625766 0.4473684210526316 0.003374233128834356 0.05263157894736842
0 0.3674846625766871 0.27631578947368424 0.003067484662576687 0.043859649122807015
0 0.30260736196319016 0.5421052631578948 0.004601226993865031 0.06666666666666667