0 0.26273006134969323 0.3201754385964912 0.004601226993865031 0.06491228070175438
0 0.45659509202453985 0.7614035087719299 0.006441717791411043 0.09473684210526316
0 0.37162576687116566 0.48596491228070177 0.004601226993865031 0.06315789473684211
0 0.405521472392638 0.2964912280701754 0.003067484662576687 0.05263157894736842
0 0.46595092024539875 0.1850877192982456 0.00245398773006135 0.04035087719298246
0 0.4455521472392638 0.34035087719298246 0.0027607361963190185 0.0456140350877193
0 0.48726993865030677 0.25526315789473686 0.0027607361963190185 0.04736842105263158
0 0.6024539877300613 0.5228070175438596 0.004294478527607362 0.07017543859649122
0 0.5866564417177914 0.4263157894736842 0.003374233128834356 0.05263157894736842
0 0.5641104294478527 0.31140350877192985 0.003067484662576687 0.054385964912280704
0 0.5397239263803681 0.18771929824561404 0.002147239263803681 0.03508771929824561
0 0.5128834355828221 0.2710526315789474 0.003067484662576687 0.04736842105263158
0 0.729601226993865 0.34035087719298246 0.003374233128834356 0.056140350877192984
0 0.5860429447852761 0.3956140350877193 0.003987730061349694 0.06140350877192982
0 0.603680981595092 0.4903508771929825 0.004294478527607362 0.06842105263157895
0 0.575 0.31842105263157894 0.003374233128834356 0.054385964912280704
0 0.56579754601227 0.23771929824561402 0.0027607361963190185 0.04736842105263158
0 0.503680981595092 0.543859649122807 0.0049079754601227 0.07719298245614035
0 0.5319018404907976 0.37719298245614036 0.0036809815950920245 0.05964912280701754
0 0.4776073619631902 0.30087719298245613 0.003067484662576687 0.04736842105263158
0 0.5233128834355828 0.3017543859649123 0.003067484662576687 0.05263157894736842
0 0.4934049079754601 0.22017543859649122 0.0027607361963190185 0.04736842105263158
0 0.4386503067484663 0.37719298245614036 0.0036809815950920245 0.05964912280701754