0 0.2651840490797546 0.37456140350877193 0.003374233128834356 0.05789473684210526
0 0.4682515337423313 0.5684210526315789 0.005214723926380368 0.056140350877192984
0 0.4464723926380368 0.6447368421052632 0.005828220858895706 0.07894736842105263
0 0.44969325153374234 0.4043859649122807 0.0036809815950920245 0.05789473684210526
0 0.47116564417177914 0.27807017543859647 0.003067484662576687 0.05087719298245614
0 0.5819018404907975 0.6140350877192983 0.005521472392638037 0.07368421052631578
0 0.5170245398773006 0.44035087719298244 0.004601226993865031 0.056140350877192984
0 0.5622699386503067 0.7026315789473684 0.006134969325153374 0.0824561403508772
0 0.7088957055214724 0.6043859649122807 0.005521472392638037 0.07894736842105263
0 0.6001533742331289 0.4192982456140351 0.003987730061349694 0.05964912280701754
0 0.5625766871165644 0.2736842105263158 0.003067484662576687 0.042105263157894736
0 0.5233128834355828 0.44473684210526315 0.004294478527607362 0.06491228070175438
0 0.7478527607361963 0.3631578947368421 0.0036809815950920245 0.05964912280701754
0 0.7265337423312883 0.5947368421052631 0.005214723926380368 0.056140350877192984
0 0.53420245398773 0.6929824561403509 0.004601226993865031 0.08771929824561403
0 0.6533742331288344 0.29385964912280704 0.003067484662576687 0.05087719298245614
0 0.5745398773006135 0.2026315789473684 0.00245398773006135 0.043859649122807015
0 0.4812883435582822 0.5535087719298246 0.0049079754601227 0.06140350877192982
0 0.6400306748466258 0.5868421052631579 0.005214723926380368 0.06491228070175438
0 0.49969325153374233 0.3684210526315789 0.0036809815950920245 0.0456140350877193
0 0.5849693251533742 0.4517543859649123 0.004294478527607362 0.06842105263157895
0 0.4817484662576687 0.20701754385964913 0.0027607361963190185 0.042105263157894736
0 0.48113496932515337 0.6824561403508772 0.004601226993865031 0.08421052631578947