0 0.28865030674846626 0.36140350877192984 0.004294478527607362 0.07017543859649122
0 0.4736196319018405 0.5087719298245614 0.003067484662576687 0.056140350877192984
0 0.4776073619631902 0.443859649122807 0.004294478527607362 0.06666666666666667
0 0.5154907975460122 0.39649122807017545 0.003987730061349694 0.06315789473684211
0 0.46855828220858897 0.3570175438596491 0.003987730061349694 0.054385964912280704
0 0.5868098159509203 0.4614035087719298 0.004294478527607362 0.07017543859649122
0 0.5427914110429448 0.4114035087719298 0.003987730061349694 0.043859649122807015
0 0.6723926380368098 0.606140350877193 0.005521472392638037 0.07894736842105263
0 0.6952453987730062 0.5640350877192982 0.005214723926380368 0.07894736842105263
0 0.6857361963190184 0.42543859649122806 0.003987730061349694 0.05789473684210526
0 0.593558282208589 0.2850877192982456 0.003067484662576687 0.05087719298245614
0 0.5427914110429448 0.3385964912280702 0.003374233128834356 0.06315789473684211
0 0.7524539877300613 0.35175438596491226 0.0036809815950920245 0.05789473684210526
0 0.6700920245398773 0.4789473684210526 0.004601226993865031 0.07017543859649122
0 0.6516871165644171 0.5929824561403508 0.005214723926380368 0.07368421052631578
0 0.6317484662576687 0.2833333333333333 0.003374233128834356 0.05087719298245614
0 0.5638036809815951 0.2131578947368421 0.0036809815950920245 0.04736842105263158
0 0.4677914110429448 0.5 0.0049079754601227 0.07368421052631578
0 0.5780674846625767 0.4368421052631579 0.003987730061349694 0.06666666666666667
0 0.5483128834355828 0.4473684210526316 0.003987730061349694 0.06315789473684211
0 0.6053680981595092 0.38421052631578945 0.003374233128834356 0.06666666666666667
0 0.4746932515337423 0.35789473684210527 0.003987730061349694 0.05964912280701754
0 0.526840490797546 0.4017543859649123 0.004601226993865031 0.06315789473684211