0 0.33266871165644174 0.3456140350877193 0.003374233128834356 0.056140350877192984
0 0.9544478527607362 0.7456140350877193 0.005214723926380368 0.06666666666666667
0 0.5105828220858896 0.41403508771929826 0.003987730061349694 0.06315789473684211
0 0.5104294478527608 0.28421052631578947 0.003067484662576687 0.04912280701754386
0 0.5670245398773006 0.20614035087719298 0.0027607361963190185 0.04736842105263158
0 0.5496932515337424 0.39210526315789473 0.0036809815950920245 0.06140350877192982
0 0.6578220858895706 0.3131578947368421 0.003374233128834356 0.04736842105263158
0 0.6855828220858896 0.618421052631579 0.005521472392638037 0.0824561403508772
0 0.7533742331288343 0.3824561403508772 0.0036809815950920245 0.056140350877192984
0 0.677760736196319 0.3631578947368421 0.003987730061349694 0.05263157894736842
0 0.7024539877300614 0.2675438596491228 0.0036809815950920245 0.05789473684210526
0 0.6363496932515338 0.2833333333333333 0.003987730061349694 0.054385964912280704
0 0.7904907975460123 0.3587719298245614 0.0049079754601227 0.06140350877192982
0 0.7662576687116565 0.39210526315789473 0.0049079754601227 0.054385964912280704
0 0.7288343558282209 0.5368421052631579 0.0049079754601227 0.056140350877192984
0 0.7418711656441718 0.33421052631578946 0.004601226993865031 0.05789473684210526
0 0.7076687116564417 0.29385964912280704 0.0036809815950920245 0.05087719298245614
0 0.8831288343558282 0.6070175438596491 0.005521472392638037 0.08421052631578947
0 0.6774539877300614 0.3868421052631579 0.004601226993865031 0.06842105263157895
0 0.6266871165644172 0.31666666666666665 0.0036809815950920245 0.054385964912280704
0 0.6884969325153374 0.3456140350877193 0.003374233128834356 0.056140350877192984
0 0.6003067484662576 0.19649122807017544 0.003067484662576687 0.0456140350877193
0 0.5230061349693251 0.33421052631578946 0.0036809815950920245 0.04736842105263158