0 0.3348159509202454 0.2824561403508772 0.0027607361963190185 0.05263157894736842
0 0.495398773006135 0.4105263157894737 0.003067484662576687 0.03859649122807018
0 0.4587423312883436 0.2543859649122807 0.0027607361963190185 0.04912280701754386
0 0.4653374233128834 0.17982456140350878 0.003067484662576687 0.043859649122807015
0 0.5294478527607362 0.15 0.00245398773006135 0.02982456140350877
0 0.5565950920245398 0.25263157894736843 0.003374233128834356 0.05263157894736842
0 0.5174846625766871 0.18596491228070175 0.00245398773006135 0.042105263157894736
0 0.6131901840490798 0.37719298245614036 0.0036809815950920245 0.05964912280701754
0 0.5866564417177914 0.2543859649122807 0.0027607361963190185 0.04912280701754386
0 0.5294478527607362 0.2710526315789474 0.003067484662576687 0.05087719298245614
0 0.5562883435582822 0.16140350877192983 0.0027607361963190185 0.03508771929824561
0 0.5421779141104295 0.2307017543859649 0.003374233128834356 0.054385964912280704
0 0.7113496932515337 0.3017543859649123 0.003067484662576687 0.05263157894736842
0 0.602760736196319 0.2710526315789474 0.003067484662576687 0.04736842105263158
0 0.6299079754601227 0.34210526315789475 0.003374233128834356 0.056140350877192984
0 0.5987730061349693 0.2219298245614035 0.004294478527607362 0.05789473684210526
0 0.5842024539877301 0.18333333333333332 0.002147239263803681 0.02982456140350877
0 0.5484662576687117 0.3736842105263158 0.0036809815950920245 0.05964912280701754
0 0.5647239263803681 0.2710526315789474 0.003067484662576687 0.05087719298245614
0 0.524079754601227 0.22105263157894736 0.0027607361963190185 0.0456140350877193
0 0.5631901840490797 0.20964912280701756 0.003067484662576687 0.04736842105263158
0 0.532361963190184 0.16403508771929826 0.0027607361963190185 0.04035087719298246
0 0.4817484662576687 0.21842105263157896 0.0027607361963190185 0.05087719298245614