0 0.35506134969325154 0.32280701754385965 0.0027607361963190185 0.06315789473684211
0 0.5822085889570552 0.4649122807017544 0.004294478527607362 0.06666666666666667
0 0.497239263803681 0.2885964912280702 0.003067484662576687 0.03333333333333333
0 0.5128834355828221 0.2394736842105263 0.0036809815950920245 0.03684210526315789
0 0.6711656441717792 0.21228070175438596 0.0036809815950920245 0.0456140350877193
0 0.698159509202454 0.2517543859649123 0.0036809815950920245 0.054385964912280704
0 0.5707055214723926 0.24210526315789474 0.0027607361963190185 0.03508771929824561
0 0.6883435582822086 0.35350877192982455 0.0036809815950920245 0.05087719298245614
0 0.6696319018404908 0.25263157894736843 0.004294478527607362 0.042105263157894736
0 0.6220858895705521 0.26666666666666666 0.003067484662576687 0.04912280701754386
0 0.6073619631901841 0.19736842105263158 0.00245398773006135 0.04035087719298246
0 0.6315950920245399 0.2614035087719298 0.003067484662576687 0.0456140350877193
0 0.7599693251533742 0.31842105263157894 0.003374233128834356 0.054385964912280704
0 0.7138036809815951 0.22631578947368422 0.004294478527607362 0.04912280701754386
0 0.7131901840490797 0.3736842105263158 0.0036809815950920245 0.05964912280701754
0 0.6964723926380368 0.2517543859649123 0.003374233128834356 0.05087719298245614
0 0.6680981595092025 0.2324561403508772 0.003067484662576687 0.043859649122807015
0 0.6256134969325153 0.4868421052631579 0.004601226993865031 0.07192982456140351
0 0.6392638036809816 0.30350877192982456 0.003067484662576687 0.042105263157894736
0 0.5924846625766871 0.2649122807017544 0.0027607361963190185 0.031578947368421054
0 0.6365030674846626 0.22894736842105262 0.004294478527607362 0.054385964912280704
0 0.5515337423312884 0.17456140350877192 0.003067484662576687 0.04736842105263158
0 0.5124233128834356 0.25526315789473686 0.003374233128834356 0.04035087719298246