0 0.3300613496932515 0.32456140350877194 0.0036809815950920245 0.06315789473684211
0 0.5736196319018405 0.5578947368421052 0.0049079754601227 0.07719298245614035
0 0.5214723926380368 0.3605263157894737 0.0036809815950920245 0.05789473684210526
0 0.5142638036809816 0.25 0.0027607361963190185 0.04736842105263158
0 0.676840490797546 0.1912280701754386 0.004601226993865031 0.04912280701754386
0 0.5585889570552147 0.22456140350877193 0.00245398773006135 0.03508771929824561
0 0.5891104294478527 0.3105263157894737 0.003374233128834356 0.05263157894736842
0 0.7345092024539878 0.4114035087719298 0.003987730061349694 0.06491228070175438
0 0.6513803680981595 0.26228070175438595 0.0027607361963190185 0.043859649122807015
0 0.700920245398773 0.3385964912280702 0.00245398773006135 0.056140350877192984
0 0.6170245398773007 0.1824561403508772 0.003987730061349694 0.042105263157894736
0 0.6216257668711657 0.23508771929824562 0.003987730061349694 0.056140350877192984
0 0.7745398773006135 0.3280701754385965 0.004294478527607362 0.05263157894736842
0 0.7179447852760736 0.3254385964912281 0.003374233128834356 0.054385964912280704
0 0.7374233128834355 0.39210526315789473 0.0036809815950920245 0.05789473684210526
0 0.6904907975460123 0.24035087719298245 0.003067484662576687 0.056140350877192984
0 0.6739263803680982 0.20526315789473684 0.004294478527607362 0.0456140350877193
0 0.6765337423312884 0.4789473684210526 0.004601226993865031 0.07017543859649122
0 0.6783742331288344 0.3087719298245614 0.003374233128834356 0.0456140350877193
0 0.5881901840490797 0.25701754385964914 0.0027607361963190185 0.04736842105263158
0 0.6579754601226994 0.2675438596491228 0.0036809815950920245 0.04736842105263158
0 0.6303680981595092 0.19824561403508772 0.0036809815950920245 0.042105263157894736
0 0.5432515337423313 0.35175438596491226 0.004294478527607362 0.054385964912280704