0 0.30368098159509205 0.3043859649122807 0.003067484662576687 0.054385964912280704
0 0.5262269938650307 0.6228070175438597 0.005214723926380368 0.08421052631578947
0 0.4756134969325153 0.393859649122807 0.003987730061349694 0.06140350877192982
0 0.4838957055214724 0.22631578947368422 0.0027607361963190185 0.0456140350877193
0 0.552760736196319 0.17017543859649123 0.004294478527607362 0.03859649122807018
0 0.5122699386503068 0.21929824561403508 0.00245398773006135 0.0456140350877193
0 0.5228527607361964 0.3368421052631579 0.003374233128834356 0.05263157894736842
0 0.6634969325153375 0.49122807017543857 0.004294478527607362 0.06666666666666667
0 0.6331288343558282 0.2850877192982456 0.003067484662576687 0.04736842105263158
0 0.6019938650306749 0.2912280701754386 0.005214723926380368 0.05964912280701754
0 0.5438650306748466 0.2131578947368421 0.00245398773006135 0.04035087719298246
0 0.5602760736196319 0.24298245614035088 0.003374233128834356 0.05087719298245614
0 0.7461656441717791 0.31842105263157894 0.003374233128834356 0.054385964912280704
0 0.6426380368098159 0.34649122807017546 0.0036809815950920245 0.05789473684210526
0 0.6608895705521473 0.4421052631578947 0.005214723926380368 0.07368421052631578
0 0.6372699386503068 0.27631578947368424 0.003374233128834356 0.054385964912280704
0 0.5716257668711656 0.18421052631578946 0.003374233128834356 0.042105263157894736
0 0.5952453987730061 0.493859649122807 0.004601226993865031 0.07192982456140351
0 0.5973926380368099 0.34385964912280703 0.003374233128834356 0.056140350877192984
0 0.5641104294478527 0.27807017543859647 0.003067484662576687 0.05087719298245614
0 0.5842024539877301 0.24473684210526317 0.003987730061349694 0.054385964912280704
0 0.5588957055214724 0.19736842105263158 0.0036809815950920245 0.04035087719298246
0 0.5145705521472392 0.3763157894736842 0.003987730061349694 0.06842105263157895