0 0.34202453987730064 0.33245614035087717 0.003067484662576687 0.05789473684210526
0 0.5989263803680982 0.5201754385964912 0.004601226993865031 0.07192982456140351
0 0.5404907975460123 0.3570175438596491 0.0036809815950920245 0.05789473684210526
0 0.525 0.2596491228070175 0.0027607361963190185 0.04912280701754386
0 0.7193251533742331 0.1956140350877193 0.0036809815950920245 0.03684210526315789
0 0.5811349693251534 0.24473684210526317 0.0027607361963190185 0.04736842105263158
0 0.6210122699386503 0.3140350877192982 0.003374233128834356 0.0456140350877193
0 0.7559815950920246 0.3763157894736842 0.003374233128834356 0.05789473684210526
0 0.6831288343558283 0.2929824561403509 0.003067484662576687 0.04912280701754386
0 0.7384969325153374 0.3 0.003987730061349694 0.056140350877192984
0 0.6397239263803681 0.1824561403508772 0.002147239263803681 0.028070175438596492
0 0.6599693251533743 0.23596491228070177 0.003987730061349694 0.054385964912280704
0 0.7734662576687117 0.32456140350877194 0.004601226993865031 0.056140350877192984
0 0.7449386503067484 0.3087719298245614 0.003987730061349694 0.05964912280701754
0 0.7618098159509202 0.3719298245614035 0.003987730061349694 0.05964912280701754
0 0.7384969325153374 0.26228070175438595 0.002147239263803681 0.043859649122807015
0 0.7173312883435583 0.20701754385964913 0.003987730061349694 0.042105263157894736
0 0.7085889570552147 0.4456140350877193 0.004294478527607362 0.06666666666666667
0 0.7243865030674846 0.29912280701754385 0.003374233128834356 0.054385964912280704
0 0.6127300613496932 0.256140350877193 0.0027607361963190185 0.04912280701754386
0 0.698159509202454 0.2929824561403509 0.003067484662576687 0.05263157894736842
0 0.6622699386503067 0.19473684210526315 0.0036809815950920245 0.0456140350877193
0 0.5489263803680982 0.35789473684210527 0.003374233128834356 0.056140350877192984