0 0.25904907975460123 0.33596491228070174 0.003374233128834356 0.05789473684210526
0 0.405521472392638 0.4763157894736842 0.004294478527607362 0.05087719298245614
0 0.4279141104294479 0.34649122807017546 0.003067484662576687 0.05789473684210526
0 0.4256134969325153 0.27631578947368424 0.003374233128834356 0.054385964912280704
0 0.4443251533742331 0.18421052631578946 0.002147239263803681 0.031578947368421054
0 0.4601226993865031 0.3587719298245614 0.0036809815950920245 0.04736842105263158
0 0.47653374233128837 0.24385964912280703 0.0027607361963190185 0.03859649122807018
0 0.47975460122699387 0.46842105263157896 0.004294478527607362 0.06666666666666667
0 0.5102760736196319 0.32105263157894737 0.003374233128834356 0.0456140350877193
0 0.5253067484662577 0.24298245614035088 0.0027607361963190185 0.04736842105263158
0 0.48773006134969327 0.19649122807017544 0.00245398773006135 0.03508771929824561
0 0.47300613496932514 0.3824561403508772 0.003067484662576687 0.06315789473684211
0 0.6960122699386503 0.3017543859649123 0.003067484662576687 0.04912280701754386
0 0.6026073619631902 0.4166666666666667 0.003987730061349694 0.06491228070175438
0 0.49984662576687117 0.6991228070175438 0.005828220858895706 0.08947368421052632
0 0.5544478527607362 0.23421052631578948 0.0027607361963190185 0.043859649122807015
0 0.5084355828220859 0.1587719298245614 0.0027607361963190185 0.03684210526315789
0 0.39355828220858896 0.6157894736842106 0.005521472392638037 0.08421052631578947
0 0.47730061349693254 0.3956140350877193 0.004294478527607362 0.06491228070175438
0 0.5007668711656442 0.22456140350877193 0.0027607361963190185 0.0456140350877193
0 0.5214723926380368 0.2912280701754386 0.003067484662576687 0.0456140350877193
0 0.469478527607362 0.15964912280701754 0.003374233128834356 0.042105263157894736
0 0.4352760736196319 0.2850877192982456 0.003067484662576687 0.05087719298245614