0 0.30168711656441716 0.306140350877193 0.0027607361963190185 0.054385964912280704
0 0.5202453987730061 0.624561403508772 0.005521472392638037 0.08421052631578947
0 0.46932515337423314 0.393859649122807 0.0036809815950920245 0.06140350877192982
0 0.48144171779141104 0.22280701754385965 0.0027607361963190185 0.0456140350877193
0 0.5411042944785276 0.17192982456140352 0.004294478527607362 0.05263157894736842
0 0.5085889570552147 0.2131578947368421 0.00245398773006135 0.03684210526315789
0 0.5251533742331288 0.36403508771929827 0.0036809815950920245 0.054385964912280704
0 0.6651840490797546 0.5017543859649123 0.005214723926380368 0.07017543859649122
0 0.6371165644171779 0.3078947368421053 0.003067484662576687 0.04736842105263158
0 0.5995398773006135 0.2929824561403509 0.004601226993865031 0.05263157894736842
0 0.5513803680981595 0.21403508771929824 0.0027607361963190185 0.0456140350877193
0 0.5559815950920245 0.24473684210526317 0.003374233128834356 0.054385964912280704
0 0.7526073619631902 0.3175438596491228 0.003374233128834356 0.04912280701754386
0 0.6489263803680981 0.34210526315789475 0.003374233128834356 0.056140350877192984
0 0.6608895705521473 0.44473684210526315 0.005214723926380368 0.07543859649122807
0 0.6443251533742331 0.27631578947368424 0.003374233128834356 0.05087719298245614
0 0.5613496932515337 0.18157894736842106 0.003067484662576687 0.04035087719298246
0 0.5900306748466257 0.5026315789473684 0.004601226993865031 0.07192982456140351
0 0.6004601226993865 0.3280701754385965 0.003374233128834356 0.056140350877192984
0 0.5662576687116564 0.2675438596491228 0.003067484662576687 0.04736842105263158
0 0.5831288343558282 0.23771929824561402 0.0036809815950920245 0.054385964912280704
0 0.5656441717791411 0.19210526315789472 0.003067484662576687 0.04035087719298246
0 0.5096625766871166 0.3824561403508772 0.003987730061349694 0.07017543859649122