0 0.26947852760736196 0.3736842105263158 0.004601226993865031 0.06666666666666667
0 0.43236196319018405 0.5947368421052631 0.003374233128834356 0.07368421052631578
0 0.4457055214723926 0.5043859649122807 0.004294478527607362 0.07894736842105263
0 0.4404907975460123 0.38596491228070173 0.0036809815950920245 0.04912280701754386
0 0.4401840490797546 0.4087719298245614 0.0036809815950920245 0.056140350877192984
0 0.5067484662576687 0.45087719298245615 0.0036809815950920245 0.07368421052631578
0 0.4803680981595092 0.5333333333333333 0.009202453987730062 0.05964912280701754
0 0.567638036809816 0.5912280701754385 0.005214723926380368 0.07368421052631578
0 0.6365030674846626 0.5508771929824562 0.0049079754601227 0.07017543859649122
0 0.6118098159509202 0.41578947368421054 0.003987730061349694 0.05964912280701754
0 0.5503067484662577 0.2894736842105263 0.003067484662576687 0.0456140350877193
0 0.4746932515337423 0.3868421052631579 0.0027607361963190185 0.054385964912280704
0 0.7346625766871165 0.36140350877192984 0.0036809815950920245 0.05964912280701754
0 0.6050613496932515 0.49736842105263157 0.004601226993865031 0.07192982456140351
0 0.5136503067484662 0.6429824561403509 0.005828220858895706 0.0824561403508772
0 0.5924846625766871 0.3280701754385965 0.003374233128834356 0.056140350877192984
0 0.5400306748466258 0.23684210526315788 0.0027607361963190185 0.0456140350877193
0 0.421319018404908 0.6912280701754386 0.005828220858895706 0.0912280701754386
0 0.5279141104294478 0.46403508771929824 0.0036809815950920245 0.06140350877192982
0 0.5042944785276073 0.525438596491228 0.0049079754601227 0.054385964912280704
0 0.5457055214723926 0.3850877192982456 0.0036809815950920245 0.06140350877192982
0 0.45337423312883435 0.4763157894736842 0.004294478527607362 0.06491228070175438
0 0.46503067484662575 0.41842105263157897 0.0036809815950920245 0.054385964912280704