0 0.2745398773006135 0.39035087719298245 0.005521472392638037 0.06491228070175438
0 0.6131901840490798 0.7087719298245614 0.006134969325153374 0.0912280701754386
0 0.4789877300613497 0.5754385964912281 0.005214723926380368 0.07017543859649122
0 0.49263803680981594 0.37719298245614036 0.0036809815950920245 0.05964912280701754
0 0.5113496932515338 0.22543859649122808 0.00245398773006135 0.043859649122807015
0 0.5621165644171779 0.5692982456140351 0.003987730061349694 0.07894736842105263
0 0.570398773006135 0.4131578947368421 0.003987730061349694 0.05789473684210526
0 0.728680981595092 0.5719298245614035 0.005214723926380368 0.07719298245614035
0 0.7840490797546013 0.7736842105263158 0.006748466257668712 0.08070175438596491
0 0.6200920245398773 0.38859649122807016 0.003987730061349694 0.06140350877192982
0 0.6156441717791411 0.2736842105263158 0.003067484662576687 0.04912280701754386
0 0.6015337423312883 0.3780701754385965 0.0036809815950920245 0.054385964912280704
0 0.7748466257668711 0.3701754385964912 0.0036809815950920245 0.056140350877192984
0 0.780521472392638 0.5789473684210527 0.005214723926380368 0.07719298245614035
0 0.8162576687116564 0.8140350877192982 0.007361963190184049 0.07719298245614035
0 0.7099693251533742 0.41578947368421054 0.003987730061349694 0.06315789473684211
0 0.649079754601227 0.2929824561403509 0.003067484662576687 0.05263157894736842
0 0.6234662576687117 0.7315789473684211 0.006441717791411043 0.09473684210526316
0 0.6822085889570552 0.6 0.005521472392638037 0.07719298245614035
0 0.5627300613496933 0.5298245614035088 0.005214723926380368 0.07368421052631578
0 0.6576687116564417 0.46403508771929824 0.004294478527607362 0.06842105263157895
0 0.5771472392638037 0.2657894736842105 0.003374233128834356 0.043859649122807015
0 0.5041411042944786 0.5877192982456141 0.005214723926380368 0.08070175438596491