0 0.3464723926380368 0.30350877192982456 0.003374233128834356 0.06315789473684211
0 0.5136503067484662 0.42280701754385963 0.003987730061349694 0.05964912280701754
0 0.48144171779141104 0.25263157894736843 0.0027607361963190185 0.04912280701754386
0 0.520398773006135 0.20087719298245615 0.0027607361963190185 0.03684210526315789
0 0.6217791411042944 0.20175438596491227 0.00245398773006135 0.042105263157894736
0 0.6429447852760736 0.23859649122807017 0.0036809815950920245 0.05263157894736842
0 0.5492331288343558 0.22280701754385965 0.0027607361963190185 0.042105263157894736
0 0.6322085889570552 0.3780701754385965 0.0036809815950920245 0.05789473684210526
0 0.6300613496932516 0.2596491228070175 0.0036809815950920245 0.05263157894736842
0 0.5806748466257668 0.27280701754385966 0.003067484662576687 0.043859649122807015
0 0.5766871165644172 0.19824561403508772 0.00245398773006135 0.03859649122807018
0 0.5705521472392638 0.27280701754385966 0.0036809815950920245 0.054385964912280704
0 0.7516871165644172 0.3236842105263158 0.003374233128834356 0.054385964912280704
0 0.6909509202453987 0.26052631578947366 0.003987730061349694 0.04736842105263158
0 0.6561349693251534 0.3850877192982456 0.0036809815950920245 0.06140350877192982
0 0.6483128834355828 0.24210526315789474 0.003987730061349694 0.04912280701754386
0 0.6384969325153375 0.22280701754385965 0.003374233128834356 0.0456140350877193
0 0.5561349693251534 0.45087719298245615 0.004294478527607362 0.06666666666666667
0 0.5966257668711656 0.2894736842105263 0.003067484662576687 0.05263157894736842
0 0.5569018404907975 0.26228070175438595 0.0027607361963190185 0.043859649122807015
0 0.5734662576687116 0.21403508771929824 0.003987730061349694 0.05263157894736842
0 0.5004601226993866 0.17105263157894737 0.0027607361963190185 0.04736842105263158
0 0.5199386503067485 0.23421052631578948 0.005521472392638037 0.05087719298245614