0 0.26319018404907973 0.3447368421052632 0.003067484662576687 0.05789473684210526
0 0.40429447852760736 0.5219298245614035 0.0049079754601227 0.06842105263157895
0 0.4214723926380368 0.3991228070175439 0.004294478527607362 0.06140350877192982
0 0.4285276073619632 0.3201754385964912 0.0036809815950920245 0.06140350877192982
0 0.4368098159509202 0.22982456140350876 0.00245398773006135 0.042105263157894736
0 0.45720858895705524 0.42543859649122806 0.003987730061349694 0.06491228070175438
0 0.47024539877300614 0.29210526315789476 0.0049079754601227 0.06842105263157895
0 0.469478527607362 0.5745614035087719 0.004601226993865031 0.07894736842105263
0 0.48512269938650304 0.4728070175438597 0.004601226993865031 0.06842105263157895
0 0.5207055214723927 0.32894736842105265 0.003374233128834356 0.054385964912280704
0 0.5075153374233129 0.23596491228070177 0.0027607361963190185 0.04035087719298246
0 0.47699386503067487 0.44473684210526315 0.0036809815950920245 0.06491228070175438
0 0.7111963190184049 0.33157894736842103 0.003374233128834356 0.056140350877192984
0 0.6044478527607362 0.4789473684210526 0.004601226993865031 0.07017543859649122
0 0.49938650306748467 0.706140350877193 0.006134969325153374 0.09298245614035087
0 0.5912576687116564 0.30964912280701756 0.003374233128834356 0.054385964912280704
0 0.5312883435582823 0.18947368421052632 0.00245398773006135 0.03859649122807018
0 0.3920245398773006 0.6964912280701754 0.006134969325153374 0.0912280701754386
0 0.4677914110429448 0.4368421052631579 0.0036809815950920245 0.06666666666666667
0 0.48573619631901843 0.256140350877193 0.0027607361963190185 0.03859649122807018
0 0.5449386503067485 0.4280701754385965 0.003987730061349694 0.056140350877192984
0 0.452760736196319 0.1850877192982456 0.00245398773006135 0.04035087719298246
0 0.4214723926380368 0.3815789473684211 0.0036809815950920245 0.06140350877192982