0 0.30168711656441716 0.3675438596491228 0.003374233128834356 0.06842105263157895
0 0.5455521472392638 0.6692982456140351 0.005828220858895706 0.08947368421052632
0 0.49263803680981594 0.5324561403508772 0.0049079754601227 0.07543859649122807
0 0.4967791411042945 0.4 0.003987730061349694 0.06315789473684211
0 0.5004601226993866 0.25087719298245614 0.0027607361963190185 0.042105263157894736
0 0.5771472392638037 0.4956140350877193 0.004601226993865031 0.06140350877192982
0 0.6038343558282209 0.41578947368421054 0.003987730061349694 0.05263157894736842
0 0.7303680981595092 0.5649122807017544 0.0049079754601227 0.04912280701754386
0 0.6590490797546013 0.4763157894736842 0.004601226993865031 0.06491228070175438
0 0.7013803680981595 0.5008771929824561 0.004601226993865031 0.07192982456140351
0 0.6148773006134969 0.2929824561403509 0.0027607361963190185 0.05263157894736842
0 0.5799079754601227 0.4114035087719298 0.003374233128834356 0.05789473684210526
0 0.7720858895705521 0.35 0.0036809815950920245 0.05789473684210526
0 0.7822085889570553 0.5903508771929824 0.006134969325153374 0.0824561403508772
0 0.7446319018404908 0.6754385964912281 0.005828220858895706 0.08771929824561403
0 0.7090490797546012 0.37456140350877193 0.004601226993865031 0.06842105263157895
0 0.6360429447852761 0.2394736842105263 0.0027607361963190185 0.04736842105263158
0 0.5684049079754602 0.712280701754386 0.006134969325153374 0.0912280701754386
0 0.6693251533742332 0.4921052631578947 0.0049079754601227 0.07192982456140351
0 0.5532208588957055 0.41842105263157897 0.003987730061349694 0.06140350877192982
0 0.6720858895705522 0.4307017543859649 0.004294478527607362 0.06491228070175438
0 0.5237730061349694 0.21754385964912282 0.0027607361963190185 0.05263157894736842
0 0.5004601226993866 0.5578947368421052 0.005214723926380368 0.07719298245614035