0 0.3168711656441718 0.2982456140350877 0.004294478527607362 0.05263157894736842
0 0.49524539877300616 0.40964912280701754 0.003374233128834356 0.043859649122807015
0 0.4651840490797546 0.27456140350877195 0.0027607361963190185 0.05087719298245614
0 0.46365030674846625 0.1649122807017544 0.0027607361963190185 0.03508771929824561
0 0.5302147239263804 0.15263157894736842 0.002147239263803681 0.03859649122807018
0 0.551840490797546 0.27280701754385966 0.003067484662576687 0.05087719298245614
0 0.5115030674846626 0.18070175438596492 0.002147239263803681 0.02456140350877193
0 0.604601226993865 0.3701754385964912 0.0036809815950920245 0.05964912280701754
0 0.5823619631901841 0.25263157894736843 0.0027607361963190185 0.04912280701754386
0 0.5282208588957055 0.27017543859649124 0.003067484662576687 0.04912280701754386
0 0.5593558282208589 0.16228070175438597 0.003374233128834356 0.03684210526315789
0 0.5394171779141105 0.23859649122807017 0.003374233128834356 0.056140350877192984
0 0.7248466257668712 0.3078947368421053 0.003067484662576687 0.054385964912280704
0 0.6021472392638036 0.26666666666666666 0.003067484662576687 0.04912280701754386
0 0.6228527607361963 0.3368421052631579 0.003374233128834356 0.056140350877192984
0 0.6030674846625766 0.2236842105263158 0.003067484662576687 0.04736842105263158
0 0.5792944785276074 0.1763157894736842 0.0027607361963190185 0.03684210526315789
0 0.5444785276073619 0.37543859649122807 0.0036809815950920245 0.05964912280701754
0 0.5653374233128834 0.27017543859649124 0.003067484662576687 0.04912280701754386
0 0.5226993865030675 0.2043859649122807 0.00245398773006135 0.043859649122807015
0 0.5742331288343558 0.21228070175438596 0.003067484662576687 0.0456140350877193
0 0.5434049079754601 0.16842105263157894 0.002147239263803681 0.042105263157894736
0 0.48067484662576687 0.21228070175438596 0.003067484662576687 0.05263157894736842