0 0.20521472392638038 0.3763157894736842 0.003067484662576687 0.05789473684210526
0 0.20214723926380368 0.5289473684210526 0.0049079754601227 0.07543859649122807
0 0.3375766871165644 0.4964912280701754 0.005214723926380368 0.07017543859649122
0 0.25122699386503067 0.443859649122807 0.004294478527607362 0.06666666666666667
0 0.32745398773006135 0.32456140350877194 0.003374233128834356 0.056140350877192984
0 0.3983128834355828 0.3912280701754386 0.003987730061349694 0.06315789473684211
0 0.4199386503067485 0.5657894736842105 0.0049079754601227 0.06842105263157895
0 0.4315950920245399 0.6175438596491228 0.005521472392638037 0.07017543859649122
0 0.5119631901840491 0.5236842105263158 0.0049079754601227 0.07543859649122807
0 0.4901840490797546 0.39035087719298245 0.0036809815950920245 0.06140350877192982
0 0.4544478527607362 0.24649122807017543 0.0027607361963190185 0.04736842105263158
0 0.39677914110429446 0.4456140350877193 0.004601226993865031 0.07719298245614035
0 0.6817484662576687 0.3385964912280702 0.003374233128834356 0.0456140350877193
0 0.5588957055214724 0.5543859649122806 0.0049079754601227 0.07719298245614035
0 0.45674846625766874 0.7026315789473684 0.006134969325153374 0.08947368421052632
0 0.5530674846625767 0.3482456140350877 0.0036809815950920245 0.05789473684210526
0 0.4976993865030675 0.24736842105263157 0.0027607361963190185 0.0456140350877193
0 0.3131901840490798 0.6877192982456141 0.006134969325153374 0.0912280701754386
0 0.46886503067484664 0.5394736842105263 0.004601226993865031 0.08947368421052632
0 0.3476993865030675 0.5333333333333333 0.004601226993865031 0.07017543859649122
0 0.4317484662576687 0.4052631578947368 0.003987730061349694 0.06315789473684211
0 0.3495398773006135 0.2956140350877193 0.004601226993865031 0.054385964912280704
0 0.19263803680981595 0.531578947368421 0.0049079754601227 0.07368421052631578