0 0.34248466257668714 0.2807017543859649 0.003987730061349694 0.06666666666666667
0 0.49555214723926383 0.4149122807017544 0.003987730061349694 0.03684210526315789
0 0.4535276073619632 0.23421052631578948 0.0027607361963190185 0.04736842105263158
0 0.475920245398773 0.2043859649122807 0.003374233128834356 0.04736842105263158
0 0.5496932515337424 0.1570175438596491 0.00245398773006135 0.04736842105263158
0 0.571319018404908 0.23157894736842105 0.0027607361963190185 0.0456140350877193
0 0.5279141104294478 0.20526315789473684 0.00245398773006135 0.03859649122807018
0 0.6102760736196319 0.39824561403508774 0.003987730061349694 0.05964912280701754
0 0.5958588957055214 0.2596491228070175 0.0027607361963190185 0.0456140350877193
0 0.5395705521472393 0.27456140350877195 0.003067484662576687 0.05087719298245614
0 0.5544478527607362 0.17982456140350878 0.002147239263803681 0.02982456140350877
0 0.5513803680981595 0.2394736842105263 0.003374233128834356 0.054385964912280704
0 0.7133435582822086 0.306140350877193 0.003374233128834356 0.054385964912280704
0 0.6269938650306749 0.2754385964912281 0.0036809815950920245 0.056140350877192984
0 0.6263803680981596 0.35526315789473684 0.0036809815950920245 0.05789473684210526
0 0.6044478527607362 0.22982456140350876 0.003987730061349694 0.05263157894736842
0 0.6019938650306749 0.20789473684210527 0.003374233128834356 0.04736842105263158
0 0.5516871165644172 0.39649122807017545 0.003987730061349694 0.06315789473684211
0 0.5647239263803681 0.27456140350877195 0.003067484662576687 0.05087719298245614
0 0.530521472392638 0.25 0.0027607361963190185 0.04736842105263158
0 0.5602760736196319 0.20964912280701756 0.0027607361963190185 0.043859649122807015
0 0.5078220858895706 0.1631578947368421 0.0027607361963190185 0.03859649122807018
0 0.48190184049079754 0.21578947368421053 0.003067484662576687 0.04912280701754386