0 0.2273006134969325 0.4026315789473684 0.003067484662576687 0.06491228070175438
0 0.2397239263803681 0.5982456140350877 0.005214723926380368 0.07368421052631578
0 0.28205521472392636 0.49736842105263157 0.004601226993865031 0.06140350877192982
0 0.3361963190184049 0.27807017543859647 0.003067484662576687 0.05087719298245614
0 0.42576687116564416 0.21140350877192982 0.00245398773006135 0.043859649122807015
0 0.39769938650306746 0.3350877192982456 0.003374233128834356 0.04912280701754386
0 0.4368098159509202 0.5149122807017544 0.0049079754601227 0.07192982456140351
0 0.5335889570552147 0.5824561403508772 0.005214723926380368 0.07368421052631578
0 0.5110429447852761 0.4263157894736842 0.005521472392638037 0.0912280701754386
0 0.5003067484662577 0.3631578947368421 0.0036809815950920245 0.05964912280701754
0 0.5007668711656442 0.22982456140350876 0.0027607361963190185 0.0456140350877193
0 0.4766871165644172 0.30350877192982456 0.0036809815950920245 0.056140350877192984
0 0.7119631901840491 0.34912280701754383 0.0036809815950920245 0.056140350877192984
0 0.5653374233128834 0.4456140350877193 0.004294478527607362 0.06666666666666667
0 0.5483128834355828 0.593859649122807 0.005214723926380368 0.07894736842105263
0 0.5377300613496933 0.3631578947368421 0.0036809815950920245 0.05964912280701754
0 0.5242331288343558 0.27017543859649124 0.003067484662576687 0.04912280701754386
0 0.39493865030674846 0.6043859649122807 0.005214723926380368 0.0824561403508772
0 0.5006134969325153 0.46578947368421053 0.004294478527607362 0.06842105263157895
0 0.40475460122699386 0.49298245614035086 0.004601226993865031 0.07017543859649122
0 0.4705521472392638 0.35350877192982455 0.0036809815950920245 0.05789473684210526
0 0.38926380368098157 0.26842105263157895 0.0036809815950920245 0.056140350877192984
0 0.253680981595092 0.5368421052631579 0.0049079754601227 0.07017543859649122