0 0.24846625766871167 0.35789473684210527 0.0036809815950920245 0.06315789473684211
0 0.36533742331288344 0.6157894736842106 0.005521472392638037 0.06666666666666667
0 0.4110429447852761 0.49122807017543857 0.0036809815950920245 0.05964912280701754
0 0.39585889570552146 0.4342105263157895 0.003987730061349694 0.054385964912280704
0 0.4081288343558282 0.3219298245614035 0.003374233128834356 0.05087719298245614
0 0.43849693251533745 0.4298245614035088 0.003987730061349694 0.05263157894736842
0 0.4153374233128834 0.6114035087719298 0.005521472392638037 0.07192982456140351
0 0.4340490797546012 0.6850877192982456 0.006134969325153374 0.08947368421052632
0 0.5128834355828221 0.5324561403508772 0.0049079754601227 0.06140350877192982
0 0.507361963190184 0.3850877192982456 0.0036809815950920245 0.06140350877192982
0 0.4415644171779141 0.25 0.0027607361963190185 0.04736842105263158
0 0.4087423312883436 0.5008771929824561 0.003987730061349694 0.07192982456140351
0 0.7159509202453987 0.34649122807017546 0.0036809815950920245 0.05789473684210526
0 0.5664110429447853 0.5736842105263158 0.005214723926380368 0.07368421052631578
0 0.36180981595092027 0.756140350877193 0.007668711656441718 0.10526315789473684
0 0.5659509202453987 0.35526315789473684 0.0036809815950920245 0.05789473684210526
0 0.5047546012269939 0.23421052631578948 0.0027607361963190185 0.043859649122807015
0 0.3950920245398773 0.6991228070175438 0.006134969325153374 0.08947368421052632
0 0.46809815950920247 0.5798245614035088 0.005521472392638037 0.07192982456140351
0 0.39846625766871163 0.5640350877192982 0.0049079754601227 0.07543859649122807
0 0.46763803680981597 0.4026315789473684 0.003987730061349694 0.06491228070175438
0 0.4246932515337423 0.26403508771929823 0.003374233128834356 0.05087719298245614
0 0.37147239263803683 0.5421052631578948 0.0049079754601227 0.09473684210526316