0 0.25076687116564417 0.35789473684210527 0.0027607361963190185 0.06666666666666667
0 0.37607361963190183 0.5526315789473685 0.0036809815950920245 0.06666666666666667
0 0.39309815950920246 0.46403508771929824 0.003987730061349694 0.07192982456140351
0 0.38819018404907973 0.387719298245614 0.003374233128834356 0.05964912280701754
0 0.4081288343558282 0.29035087719298247 0.003987730061349694 0.054385964912280704
0 0.4610429447852761 0.38070175438596493 0.0036809815950920245 0.056140350877192984
0 0.43098159509202455 0.5008771929824561 0.0036809815950920245 0.06842105263157895
0 0.42668711656441716 0.6149122807017544 0.005521472392638037 0.0824561403508772
0 0.4845092024539877 0.4956140350877193 0.004601226993865031 0.07192982456140351
0 0.5245398773006135 0.37280701754385964 0.0036809815950920245 0.05789473684210526
0 0.4476993865030675 0.23421052631578948 0.0027607361963190185 0.043859649122807015
0 0.4088957055214724 0.5640350877192982 0.004294478527607362 0.08947368421052632
0 0.7187116564417177 0.3482456140350877 0.0036809815950920245 0.05789473684210526
0 0.5256134969325154 0.5263157894736842 0.005214723926380368 0.08421052631578947
0 0.420398773006135 0.7649122807017544 0.006441717791411043 0.09824561403508772
0 0.6081288343558282 0.30964912280701756 0.003374233128834356 0.054385964912280704
0 0.473159509202454 0.18070175438596492 0.002147239263803681 0.031578947368421054
0 0.35552147239263804 0.7263157894736842 0.006134969325153374 0.09473684210526316
0 0.4507668711656442 0.5657894736842105 0.005214723926380368 0.07894736842105263
0 0.41134969325153375 0.45789473684210524 0.004294478527607362 0.06666666666666667
0 0.48895705521472393 0.3991228070175439 0.0036809815950920245 0.06140350877192982
0 0.4242331288343558 0.2657894736842105 0.003067484662576687 0.054385964912280704
0 0.38987730061349696 0.41228070175438597 0.004294478527607362 0.05964912280701754