0 0.23865030674846627 0.3605263157894737 0.00245398773006135 0.06140350877192982
0 0.4098159509202454 0.6868421052631579 0.007361963190184049 0.08596491228070176
0 0.40659509202453986 0.5763157894736842 0.005214723926380368 0.07894736842105263
0 0.3889570552147239 0.4535087719298246 0.004294478527607362 0.06842105263157895
0 0.40751533742331286 0.32105263157894737 0.003374233128834356 0.0456140350877193
0 0.4414110429447853 0.46842105263157896 0.004294478527607362 0.05263157894736842
0 0.4237730061349693 0.6526315789473685 0.005828220858895706 0.08771929824561403
0 0.44217791411042945 0.7 0.005214723926380368 0.09824561403508772
0 0.5088957055214723 0.5456140350877193 0.0049079754601227 0.07719298245614035
0 0.5174846625766871 0.37719298245614036 0.0036809815950920245 0.05964912280701754
0 0.43604294478527605 0.25087719298245614 0.0027607361963190185 0.0456140350877193
0 0.41226993865030676 0.49473684210526314 0.004294478527607362 0.07719298245614035
0 0.7236196319018405 0.35526315789473684 0.0036809815950920245 0.05789473684210526
0 0.5484662576687117 0.5675438596491228 0.0049079754601227 0.07894736842105263
0 0.3983128834355828 0.7614035087719299 0.008282208588957056 0.10175438596491228
0 0.5549079754601227 0.36666666666666664 0.0036809815950920245 0.05964912280701754
0 0.5056748466257669 0.2324561403508772 0.0027607361963190185 0.043859649122807015
0 0.39723926380368096 0.7447368421052631 0.011656441717791411 0.03684210526315789
0 0.4434049079754601 0.5675438596491228 0.005214723926380368 0.07894736842105263
0 0.4087423312883436 0.5850877192982457 0.003987730061349694 0.07543859649122807
0 0.45904907975460124 0.49122807017543857 0.004601226993865031 0.07017543859649122
0 0.4107361963190184 0.2754385964912281 0.004294478527607362 0.05263157894736842
0 0.34938650306748464 0.5815789473684211 0.0049079754601227 0.08596491228070176