0 0.2432515337423313 0.36578947368421055 0.00245398773006135 0.054385964912280704
0 0.3696319018404908 0.6964912280701754 0.006134969325153374 0.08070175438596491
0 0.39969325153374236 0.55 0.0049079754601227 0.06842105263157895
0 0.3708588957055215 0.4456140350877193 0.004294478527607362 0.06666666666666667
0 0.3875766871165644 0.3298245614035088 0.003374233128834356 0.056140350877192984
0 0.4358895705521472 0.45087719298245615 0.004294478527607362 0.06666666666666667
0 0.4363496932515337 0.6517543859649123 0.005828220858895706 0.07894736842105263
0 0.4593558282208589 0.6719298245614035 0.005214723926380368 0.09824561403508772
0 0.506441717791411 0.5289473684210526 0.004294478527607362 0.07543859649122807
0 0.5217791411042945 0.37543859649122807 0.0036809815950920245 0.05964912280701754
0 0.4418711656441718 0.24385964912280703 0.0027607361963190185 0.0456140350877193
0 0.4179447852760736 0.4824561403508772 0.003987730061349694 0.07368421052631578
0 0.7242331288343559 0.3587719298245614 0.0036809815950920245 0.05789473684210526
0 0.5562883435582822 0.5728070175438597 0.005214723926380368 0.07894736842105263
0 0.4256134969325153 0.7105263157894737 0.00705521472392638 0.08421052631578947
0 0.5611963190184049 0.36578947368421055 0.003374233128834356 0.05789473684210526
0 0.5059815950920246 0.22631578947368422 0.0027607361963190185 0.0456140350877193
0 0.37883435582822084 0.7228070175438597 0.006134969325153374 0.0912280701754386
0 0.4638036809815951 0.5991228070175438 0.006134969325153374 0.0824561403508772
0 0.4111963190184049 0.5614035087719298 0.004601226993865031 0.06315789473684211
0 0.4611963190184049 0.4789473684210526 0.004601226993865031 0.07017543859649122
0 0.4032208588957055 0.2833333333333333 0.0027607361963190185 0.05087719298245614
0 0.3383435582822086 0.5903508771929824 0.004294478527607362 0.07543859649122807