0 0.2906441717791411 0.33596491228070174 0.003374233128834356 0.07543859649122807
0 0.473159509202454 0.6771929824561403 0.005828220858895706 0.08771929824561403
0 0.4285276073619632 0.4307017543859649 0.004294478527607362 0.06491228070175438
0 0.4605828220858896 0.23157894736842105 0.0027607361963190185 0.0456140350877193
0 0.5233128834355828 0.17456140350877192 0.0036809815950920245 0.04035087719298246
0 0.4803680981595092 0.28157894736842104 0.003067484662576687 0.043859649122807015
0 0.5101226993865031 0.4535087719298246 0.004294478527607362 0.06491228070175438
0 0.6121165644171779 0.5271929824561403 0.004601226993865031 0.07192982456140351
0 0.6026073619631902 0.4201754385964912 0.003987730061349694 0.06491228070175438
0 0.5817484662576687 0.3140350877192982 0.003374233128834356 0.056140350877192984
0 0.5216257668711657 0.33421052631578946 0.003374233128834356 0.054385964912280704
0 0.5358895705521473 0.2710526315789474 0.003067484662576687 0.05087719298245614
0 0.7345092024539878 0.32456140350877194 0.003374233128834356 0.056140350877192984
0 0.625 0.4017543859649123 0.003987730061349694 0.06315789473684211
0 0.623159509202454 0.4824561403508772 0.004601226993865031 0.07017543859649122
0 0.6062883435582822 0.3219298245614035 0.003374233128834356 0.054385964912280704
0 0.574079754601227 0.22894736842105262 0.0027607361963190185 0.043859649122807015
0 0.5533742331288344 0.5657894736842105 0.0049079754601227 0.07894736842105263
0 0.5710122699386503 0.4017543859649123 0.003987730061349694 0.06315789473684211
0 0.5115030674846626 0.31842105263157894 0.003374233128834356 0.054385964912280704
0 0.5835889570552147 0.30701754385964913 0.003987730061349694 0.05263157894736842
0 0.49601226993865033 0.2649122807017544 0.004294478527607362 0.05964912280701754
0 0.4855828220858896 0.43508771929824563 0.004294478527607362 0.06666666666666667