0 0.26625766871165646 0.34385964912280703 0.003067484662576687 0.07017543859649122
0 0.3946319018404908 0.6517543859649123 0.005828220858895706 0.07192982456140351
0 0.38128834355828223 0.46403508771929824 0.004294478527607362 0.06842105263157895
0 0.40843558282208586 0.23596491228070177 0.0027607361963190185 0.04736842105263158
0 0.5168711656441718 0.17105263157894737 0.0036809815950920245 0.04736842105263158
0 0.43558282208588955 0.2885964912280702 0.003067484662576687 0.043859649122807015
0 0.4592024539877301 0.4456140350877193 0.004294478527607362 0.06315789473684211
0 0.597239263803681 0.5789473684210527 0.0049079754601227 0.08070175438596491
0 0.5628834355828221 0.3701754385964912 0.0036809815950920245 0.056140350877192984
0 0.5412576687116565 0.3254385964912281 0.003374233128834356 0.054385964912280704
0 0.4625766871165644 0.30350877192982456 0.0036809815950920245 0.04912280701754386
0 0.523159509202454 0.2649122807017544 0.003987730061349694 0.06315789473684211
0 0.71579754601227 0.3280701754385965 0.003374233128834356 0.056140350877192984
0 0.5923312883435583 0.38333333333333336 0.0036809815950920245 0.06140350877192982
0 0.6023006134969325 0.5245614035087719 0.004601226993865031 0.07017543859649122
0 0.5753067484662576 0.3201754385964912 0.003374233128834356 0.054385964912280704
0 0.5519938650306748 0.22631578947368422 0.0027607361963190185 0.03859649122807018
0 0.5039877300613497 0.5429824561403509 0.0049079754601227 0.07543859649122807
0 0.5348159509202454 0.39210526315789473 0.003987730061349694 0.06140350877192982
0 0.4756134969325153 0.33596491228070174 0.003374233128834356 0.054385964912280704
0 0.526840490797546 0.30526315789473685 0.004601226993865031 0.04912280701754386
0 0.4822085889570552 0.2719298245614035 0.003067484662576687 0.04912280701754386
0 0.43236196319018405 0.46578947368421053 0.005214723926380368 0.07543859649122807