0 0.2894171779141104 0.34912280701754383 0.003987730061349694 0.05263157894736842
0 0.49570552147239266 0.5605263157894737 0.0049079754601227 0.07543859649122807
0 0.48190184049079754 0.39473684210526316 0.003067484662576687 0.056140350877192984
0 0.4843558282208589 0.31140350877192985 0.003067484662576687 0.054385964912280704
0 0.49171779141104294 0.20614035087719298 0.0036809815950920245 0.05087719298245614
0 0.5469325153374233 0.3736842105263158 0.004294478527607362 0.06315789473684211
0 0.535122699386503 0.26842105263157895 0.0027607361963190185 0.042105263157894736
0 0.5932515337423313 0.48771929824561405 0.004294478527607362 0.07017543859649122
0 0.6392638036809816 0.35964912280701755 0.0036809815950920245 0.05263157894736842
0 0.6524539877300614 0.2719298245614035 0.003067484662576687 0.0456140350877193
0 0.5809815950920245 0.20701754385964913 0.00245398773006135 0.03508771929824561
0 0.5375766871165644 0.38596491228070173 0.003374233128834356 0.05263157894736842
0 0.7409509202453988 0.32456140350877194 0.003374233128834356 0.05263157894736842
0 0.7648773006134969 0.493859649122807 0.004601226993865031 0.07192982456140351
0 0.6696319018404908 0.6912280701754386 0.006134969325153374 0.0912280701754386
0 0.6776073619631902 0.22719298245614036 0.003067484662576687 0.03684210526315789
0 0.5720858895705522 0.17543859649122806 0.00245398773006135 0.03859649122807018
0 0.5069018404907976 0.6210526315789474 0.005214723926380368 0.08421052631578947
0 0.5912576687116564 0.39824561403508774 0.003987730061349694 0.06315789473684211
0 0.5069018404907976 0.3350877192982456 0.003374233128834356 0.056140350877192984
0 0.6098159509202454 0.2807017543859649 0.0036809815950920245 0.0456140350877193
0 0.49447852760736194 0.17280701754385966 0.003067484662576687 0.043859649122807015
0 0.48282208588957054 0.37719298245614036 0.0036809815950920245 0.05964912280701754