0 0.2424846625766871 0.3868421052631579 0.003987730061349694 0.07894736842105263
0 0.2831288343558282 0.6464912280701754 0.005521472392638037 0.0824561403508772
0 0.2946319018404908 0.48596491228070177 0.005214723926380368 0.0912280701754386
0 0.35966257668711654 0.256140350877193 0.0027607361963190185 0.04912280701754386
0 0.4484662576687117 0.19210526315789472 0.00245398773006135 0.03684210526315789
0 0.37975460122699384 0.3605263157894737 0.0036809815950920245 0.05789473684210526
0 0.4470858895705521 0.49122807017543857 0.004601226993865031 0.06666666666666667
0 0.5595092024539877 0.5596491228070175 0.0049079754601227 0.07368421052631578
0 0.5262269938650307 0.4017543859649123 0.003987730061349694 0.06315789473684211
0 0.5127300613496932 0.34035087719298246 0.003374233128834356 0.056140350877192984
0 0.49892638036809817 0.22280701754385965 0.0027607361963190185 0.0456140350877193
0 0.49616564417177916 0.2807017543859649 0.003987730061349694 0.06315789473684211
0 0.7162576687116564 0.35175438596491226 0.0036809815950920245 0.05789473684210526
0 0.5714723926380368 0.4368421052631579 0.004294478527607362 0.06666666666666667
0 0.5700920245398773 0.5640350877192982 0.005214723926380368 0.07894736842105263
0 0.5446319018404908 0.3447368421052632 0.003374233128834356 0.05789473684210526
0 0.5355828220858896 0.27017543859649124 0.003067484662576687 0.04912280701754386
0 0.4214723926380368 0.6131578947368421 0.005521472392638037 0.0824561403508772
0 0.5150306748466258 0.46228070175438596 0.004294478527607362 0.06842105263157895
0 0.4263803680981595 0.45964912280701753 0.004294478527607362 0.06315789473684211
0 0.48512269938650304 0.3447368421052632 0.003374233128834356 0.05789473684210526
0 0.4062883435582822 0.25701754385964914 0.003374233128834356 0.04736842105263158
0 0.3052147239263804 0.5087719298245614 0.0049079754601227 0.07017543859649122