0 0.2607361963190184 0.3350877192982456 0.0036809815950920245 0.05964912280701754
0 0.4087423312883436 0.4789473684210526 0.004601226993865031 0.06315789473684211
0 0.422239263803681 0.35350877192982455 0.003374233128834356 0.05087719298245614
0 0.4226993865030675 0.2885964912280702 0.0036809815950920245 0.054385964912280704
0 0.43558282208588955 0.20087719298245615 0.00245398773006135 0.043859649122807015
0 0.449079754601227 0.3649122807017544 0.0036809815950920245 0.05964912280701754
0 0.4662576687116564 0.26842105263157895 0.003067484662576687 0.0456140350877193
0 0.4673312883435583 0.49912280701754386 0.004601226993865031 0.07192982456140351
0 0.507361963190184 0.3605263157894737 0.0036809815950920245 0.05789473684210526
0 0.5107361963190185 0.27017543859649124 0.003067484662576687 0.04912280701754386
0 0.49233128834355827 0.20526315789473684 0.00245398773006135 0.03859649122807018
0 0.47975460122699387 0.3956140350877193 0.0036809815950920245 0.06491228070175438
0 0.7007668711656442 0.31491228070175437 0.003374233128834356 0.054385964912280704
0 0.5978527607361963 0.4368421052631579 0.004294478527607362 0.06666666666666667
0 0.4897239263803681 0.6912280701754386 0.005828220858895706 0.0912280701754386
0 0.5556748466257668 0.23508771929824562 0.0027607361963190185 0.0456140350877193
0 0.504601226993865 0.16228070175438597 0.003067484662576687 0.03684210526315789
0 0.38926380368098157 0.631578947368421 0.005521472392638037 0.08421052631578947
0 0.4415644171779141 0.4219298245614035 0.003987730061349694 0.06491228070175438
0 0.49892638036809817 0.23508771929824562 0.0027607361963190185 0.0456140350877193
0 0.5269938650306748 0.35526315789473684 0.0036809815950920245 0.05789473684210526
0 0.4573619631901841 0.1631578947368421 0.00245398773006135 0.03508771929824561
0 0.44355828220858895 0.2982456140350877 0.004294478527607362 0.06315789473684211