0 0.29003067484662576 0.3254385964912281 0.003374233128834356 0.06140350877192982
0 0.47929447852760737 0.47368421052631576 0.004601226993865031 0.07017543859649122
0 0.4825153374233129 0.3456140350877193 0.003067484662576687 0.05964912280701754
0 0.48098159509202454 0.2596491228070175 0.00245398773006135 0.04912280701754386
0 0.497239263803681 0.18596491228070175 0.00245398773006135 0.03859649122807018
0 0.6173312883435583 0.2649122807017544 0.003374233128834356 0.04912280701754386
0 0.5326687116564417 0.24561403508771928 0.0027607361963190185 0.042105263157894736
0 0.5613496932515337 0.4587719298245614 0.004294478527607362 0.06842105263157895
0 0.6510736196319018 0.3991228070175439 0.003987730061349694 0.05789473684210526
0 0.6150306748466258 0.2 0.00245398773006135 0.042105263157894736
0 0.558282208588957 0.18947368421052632 0.00245398773006135 0.03859649122807018
0 0.5486196319018405 0.3368421052631579 0.003374233128834356 0.056140350877192984
0 0.7374233128834355 0.2850877192982456 0.003067484662576687 0.05087719298245614
0 0.699079754601227 0.4307017543859649 0.004294478527607362 0.06491228070175438
0 0.6139570552147239 0.6526315789473685 0.005828220858895706 0.08771929824561403
0 0.6210122699386503 0.18070175438596492 0.002147239263803681 0.02456140350877193
0 0.5306748466257669 0.16228070175438597 0.00245398773006135 0.03684210526315789
0 0.48819018404907977 0.5912280701754385 0.005214723926380368 0.08070175438596491
0 0.6093558282208589 0.34035087719298246 0.003374233128834356 0.056140350877192984
0 0.5059815950920246 0.22894736842105262 0.0027607361963190185 0.04035087719298246
0 0.6139570552147239 0.2719298245614035 0.003374233128834356 0.06315789473684211
0 0.5177914110429448 0.193859649122807 0.003067484662576687 0.04736842105263158
0 0.4794478527607362 0.306140350877193 0.003067484662576687 0.05789473684210526