0 0.2679447852760736 0.3385964912280702 0.004601226993865031 0.07368421052631578
0 0.4372699386503067 0.4903508771929825 0.003374233128834356 0.07192982456140351
0 0.450920245398773 0.38333333333333336 0.0036809815950920245 0.06140350877192982
0 0.4610429447852761 0.27456140350877195 0.003067484662576687 0.05087719298245614
0 0.452760736196319 0.20350877192982456 0.00245398773006135 0.042105263157894736
0 0.4869631901840491 0.3333333333333333 0.003374233128834356 0.04912280701754386
0 0.5292944785276074 0.24561403508771928 0.003374233128834356 0.042105263157894736
0 0.4745398773006135 0.4587719298245614 0.004294478527607362 0.06140350877192982
0 0.5501533742331288 0.4166666666666667 0.003987730061349694 0.06491228070175438
0 0.5274539877300614 0.3219298245614035 0.003374233128834356 0.054385964912280704
0 0.5104294478527608 0.20175438596491227 0.00245398773006135 0.042105263157894736
0 0.48113496932515337 0.393859649122807 0.003987730061349694 0.06140350877192982
0 0.7127300613496933 0.31140350877192985 0.003374233128834356 0.054385964912280704
0 0.618558282208589 0.4 0.003987730061349694 0.06315789473684211
0 0.4986196319018405 0.6736842105263158 0.005828220858895706 0.07719298245614035
0 0.6 0.2631578947368421 0.003067484662576687 0.04912280701754386
0 0.5329754601226994 0.1649122807017544 0.0027607361963190185 0.03859649122807018
0 0.4167177914110429 0.5692982456140351 0.005214723926380368 0.07894736842105263
0 0.5127300613496932 0.33157894736842103 0.003987730061349694 0.056140350877192984
0 0.5289877300613497 0.22894736842105262 0.0027607361963190185 0.03684210526315789
0 0.49447852760736194 0.26842105263157895 0.003067484662576687 0.04912280701754386
0 0.45521472392638035 0.1675438596491228 0.003067484662576687 0.043859649122807015
0 0.4285276073619632 0.4631578947368421 0.005521472392638037 0.07719298245614035