0 0.2907975460122699 0.32894736842105265 0.006134969325153374 0.06491228070175438
0 0.48665644171779143 0.55 0.004601226993865031 0.06842105263157895
0 0.4794478527607362 0.4149122807017544 0.004294478527607362 0.06140350877192982
0 0.48911042944785277 0.30964912280701756 0.003374233128834356 0.054385964912280704
0 0.4822085889570552 0.21578947368421053 0.00245398773006135 0.03859649122807018
0 0.5337423312883436 0.35350877192982455 0.0036809815950920245 0.05087719298245614
0 0.558282208588957 0.2824561403508772 0.003067484662576687 0.0456140350877193
0 0.6381901840490798 0.5157894736842106 0.004601226993865031 0.056140350877192984
0 0.6125766871165644 0.31666666666666665 0.0036809815950920245 0.05087719298245614
0 0.6470858895705521 0.3236842105263158 0.003374233128834356 0.054385964912280704
0 0.5921779141104294 0.2394736842105263 0.0027607361963190185 0.04035087719298246
0 0.5457055214723926 0.3719298245614035 0.0036809815950920245 0.05964912280701754
0 0.7507668711656442 0.3219298245614035 0.003374233128834356 0.05087719298245614
0 0.7024539877300614 0.4666666666666667 0.006134969325153374 0.08070175438596491
0 0.676840490797546 0.5763157894736842 0.005214723926380368 0.07894736842105263
0 0.6457055214723927 0.28421052631578947 0.0036809815950920245 0.0456140350877193
0 0.602760736196319 0.1868421052631579 0.00245398773006135 0.03333333333333333
0 0.49984662576687117 0.5745614035087719 0.005214723926380368 0.07894736842105263
0 0.6041411042944785 0.40087719298245617 0.003987730061349694 0.06140350877192982
0 0.5325153374233129 0.2719298245614035 0.003067484662576687 0.04912280701754386
0 0.6383435582822086 0.34649122807017546 0.0036809815950920245 0.05789473684210526
0 0.49049079754601227 0.1912280701754386 0.003067484662576687 0.04912280701754386
0 0.47791411042944787 0.43859649122807015 0.004294478527607362 0.06666666666666667