0 0.25996932515337423 0.33245614035087717 0.003374233128834356 0.05789473684210526
0 0.40705521472392636 0.4885964912280702 0.004294478527607362 0.06842105263157895
0 0.4294478527607362 0.35 0.003067484662576687 0.054385964912280704
0 0.4256134969325153 0.27982456140350875 0.003374233128834356 0.054385964912280704
0 0.4475460122699387 0.18333333333333332 0.00245398773006135 0.03684210526315789
0 0.4656441717791411 0.37456140350877193 0.0036809815950920245 0.05789473684210526
0 0.4789877300613497 0.25 0.0027607361963190185 0.04736842105263158
0 0.48282208588957054 0.47017543859649125 0.004294478527607362 0.056140350877192984
0 0.5108895705521472 0.3236842105263158 0.0027607361963190185 0.054385964912280704
0 0.5280674846625767 0.24473684210526317 0.0027607361963190185 0.04736842105263158
0 0.4874233128834356 0.2 0.00245398773006135 0.03508771929824561
0 0.47162576687116564 0.3929824561403509 0.003374233128834356 0.06666666666666667
0 0.6966257668711656 0.3043859649122807 0.003067484662576687 0.04736842105263158
0 0.6050613496932515 0.4166666666666667 0.003987730061349694 0.06491228070175438
0 0.503680981595092 0.7052631578947368 0.006134969325153374 0.0912280701754386
0 0.5581288343558283 0.2394736842105263 0.0027607361963190185 0.043859649122807015
0 0.5099693251533742 0.16052631578947368 0.002147239263803681 0.03684210526315789
0 0.3929447852760736 0.624561403508772 0.005521472392638037 0.08421052631578947
0 0.48512269938650304 0.4070175438596491 0.003987730061349694 0.06315789473684211
0 0.5010736196319019 0.22631578947368422 0.0027607361963190185 0.03859649122807018
0 0.5174846625766871 0.2885964912280702 0.003067484662576687 0.04736842105263158
0 0.46702453987730064 0.16228070175438597 0.003374233128834356 0.03684210526315789
0 0.4340490797546012 0.2885964912280702 0.003067484662576687 0.05087719298245614