0 0.2976993865030675 0.33157894736842103 0.003374233128834356 0.05964912280701754
0 0.4883435582822086 0.47017543859649125 0.004294478527607362 0.07017543859649122
0 0.49033742331288344 0.33157894736842103 0.003987730061349694 0.06315789473684211
0 0.48803680981595093 0.25877192982456143 0.003067484662576687 0.04736842105263158
0 0.49355828220858894 0.20087719298245615 0.003067484662576687 0.04035087719298246
0 0.6101226993865031 0.2833333333333333 0.003067484662576687 0.05087719298245614
0 0.5391104294478528 0.22982456140350876 0.0027607361963190185 0.03859649122807018
0 0.56579754601227 0.4149122807017544 0.003987730061349694 0.06140350877192982
0 0.6426380368098159 0.3508771929824561 0.0036809815950920245 0.04912280701754386
0 0.6365030674846626 0.19824561403508772 0.00245398773006135 0.042105263157894736
0 0.5622699386503067 0.2 0.00245398773006135 0.042105263157894736
0 0.55920245398773 0.30526315789473685 0.003067484662576687 0.05263157894736842
0 0.7177914110429447 0.26666666666666666 0.003067484662576687 0.04912280701754386
0 0.7331288343558282 0.4605263157894737 0.004294478527607362 0.06842105263157895
0 0.6269938650306749 0.637719298245614 0.005521472392638037 0.0824561403508772
0 0.6355828220858896 0.16578947368421051 0.004294478527607362 0.04035087719298246
0 0.5343558282208589 0.1587719298245614 0.0036809815950920245 0.043859649122807015
0 0.498159509202454 0.537719298245614 0.0049079754601227 0.07543859649122807
0 0.6234662576687117 0.3201754385964912 0.003374233128834356 0.054385964912280704
0 0.5032208588957056 0.24385964912280703 0.0027607361963190185 0.0456140350877193
0 0.5976993865030675 0.22456140350877193 0.003374233128834356 0.05263157894736842
0 0.5251533742331288 0.19649122807017544 0.0036809815950920245 0.0456140350877193
0 0.48512269938650304 0.28771929824561404 0.003374233128834356 0.05263157894736842