0 0.2682515337423313 0.3394736842105263 0.004601226993865031 0.07192982456140351
0 0.4378834355828221 0.4903508771929825 0.003374233128834356 0.07192982456140351
0 0.45153374233128835 0.3815789473684211 0.0036809815950920245 0.06140350877192982
0 0.4615030674846626 0.27456140350877195 0.0027607361963190185 0.05087719298245614
0 0.453680981595092 0.20087719298245615 0.00245398773006135 0.043859649122807015
0 0.48849693251533743 0.33245614035087717 0.003374233128834356 0.054385964912280704
0 0.5292944785276074 0.24561403508771928 0.003374233128834356 0.042105263157894736
0 0.47392638036809814 0.45964912280701753 0.004294478527607362 0.06315789473684211
0 0.5498466257668712 0.40964912280701754 0.003987730061349694 0.05789473684210526
0 0.5274539877300614 0.3219298245614035 0.003374233128834356 0.054385964912280704
0 0.5113496932515338 0.2 0.00245398773006135 0.042105263157894736
0 0.48144171779141104 0.39649122807017545 0.003987730061349694 0.06315789473684211
0 0.7136503067484663 0.3131578947368421 0.003374233128834356 0.054385964912280704
0 0.6200920245398773 0.39824561403508774 0.003987730061349694 0.06315789473684211
0 0.5004601226993866 0.6798245614035088 0.005828220858895706 0.08947368421052632
0 0.6004601226993865 0.26228070175438595 0.0027607361963190185 0.04736842105263158
0 0.533282208588957 0.1631578947368421 0.0027607361963190185 0.03859649122807018
0 0.4170245398773006 0.5719298245614035 0.005214723926380368 0.07719298245614035
0 0.5142638036809816 0.33245614035087717 0.003987730061349694 0.054385964912280704
0 0.5289877300613497 0.22807017543859648 0.0027607361963190185 0.03508771929824561
0 0.4938650306748466 0.2649122807017544 0.003067484662576687 0.04912280701754386
0 0.455521472392638 0.16842105263157894 0.003067484662576687 0.042105263157894736
0 0.4292944785276074 0.4631578947368421 0.005214723926380368 0.07719298245614035