0 0.22515337423312884 0.3201754385964912 0.00245398773006135 0.054385964912280704
0 0.25444785276073617 0.40789473684210525 0.003987730061349694 0.06491228070175438
0 0.250920245398773 0.3631578947368421 0.00245398773006135 0.0456140350877193
0 0.25766871165644173 0.2982456140350877 0.0036809815950920245 0.05964912280701754
0 0.28634969325153375 0.21403508771929824 0.003987730061349694 0.03859649122807018
0 0.31012269938650305 0.3447368421052632 0.003067484662576687 0.05789473684210526
0 0.3 0.29035087719298247 0.0036809815950920245 0.054385964912280704
0 0.35475460122699387 0.5008771929824561 0.004601226993865031 0.06491228070175438
0 0.5053680981595092 0.4070175438596491 0.003987730061349694 0.06315789473684211
0 0.4151840490797546 0.33245614035087717 0.003374233128834356 0.05087719298245614
0 0.30920245398773005 0.22017543859649122 0.00245398773006135 0.043859649122807015
0 0.3423312883435583 0.3824561403508772 0.004294478527607362 0.07017543859649122
0 0.6825153374233128 0.3175438596491228 0.003067484662576687 0.05263157894736842
0 0.5154907975460122 0.39210526315789473 0.003987730061349694 0.06140350877192982
0 0.4217791411042945 0.5236842105263158 0.0049079754601227 0.07543859649122807
0 0.5085889570552147 0.27631578947368424 0.003067484662576687 0.05087719298245614
0 0.447239263803681 0.20175438596491227 0.00245398773006135 0.03859649122807018
0 0.25966257668711656 0.3991228070175439 0.003374233128834356 0.06140350877192982
0 0.36441717791411044 0.32719298245614037 0.0036809815950920245 0.05789473684210526
0 0.2866564417177914 0.3157894736842105 0.003987730061349694 0.04912280701754386
0 0.4233128834355828 0.27631578947368424 0.003067484662576687 0.05087719298245614
0 0.2888036809815951 0.19912280701754387 0.003374233128834356 0.04035087719298246
0 0.23788343558282207 0.3894736842105263 0.003374233128834356 0.05964912280701754