0 0.3147239263803681 0.30087719298245613 0.00245398773006135 0.054385964912280704
0 0.4950920245398773 0.40789473684210525 0.004294478527607362 0.05087719298245614
0 0.46595092024539875 0.27631578947368424 0.003067484662576687 0.05087719298245614
0 0.4653374233128834 0.16842105263157894 0.003067484662576687 0.03859649122807018
0 0.529601226993865 0.14912280701754385 0.004601226993865031 0.05263157894736842
0 0.549079754601227 0.27456140350877195 0.003067484662576687 0.05087719298245614
0 0.5098159509202455 0.17105263157894737 0.003067484662576687 0.03684210526315789
0 0.603680981595092 0.3649122807017544 0.0036809815950920245 0.056140350877192984
0 0.5805214723926381 0.25263157894736843 0.0027607361963190185 0.04912280701754386
0 0.5263803680981595 0.26666666666666666 0.003067484662576687 0.04912280701754386
0 0.5593558282208589 0.16052631578947368 0.003374233128834356 0.03684210526315789
0 0.5395705521472393 0.24035087719298245 0.0036809815950920245 0.056140350877192984
0 0.7280674846625766 0.3078947368421053 0.003374233128834356 0.054385964912280704
0 0.6021472392638036 0.2649122807017544 0.003067484662576687 0.04912280701754386
0 0.6228527607361963 0.3350877192982456 0.003374233128834356 0.056140350877192984
0 0.6030674846625766 0.22280701754385965 0.003067484662576687 0.04912280701754386
0 0.5769938650306748 0.17543859649122806 0.003067484662576687 0.03508771929824561
0 0.5414110429447853 0.37543859649122807 0.0036809815950920245 0.05964912280701754
0 0.5653374233128834 0.27017543859649124 0.003067484662576687 0.04912280701754386
0 0.5226993865030675 0.20087719298245615 0.00245398773006135 0.043859649122807015
0 0.5757668711656442 0.2149122807017544 0.0036809815950920245 0.043859649122807015
0 0.5447852760736196 0.17017543859649123 0.003067484662576687 0.03859649122807018
0 0.48113496932515337 0.21140350877192982 0.0027607361963190185 0.05087719298245614