0 0.2282208588957055 0.3254385964912281 0.003067484662576687 0.05087719298245614
0 0.27699386503067486 0.45263157894736844 0.004294478527607362 0.056140350877192984
0 0.2846625766871166 0.3815789473684211 0.004294478527607362 0.06491228070175438
0 0.29524539877300615 0.2912280701754386 0.003374233128834356 0.056140350877192984
0 0.32239263803680984 0.2026315789473684 0.003067484662576687 0.043859649122807015
0 0.3360429447852761 0.3368421052631579 0.003374233128834356 0.056140350877192984
0 0.34294478527607364 0.2929824561403509 0.0036809815950920245 0.05964912280701754
0 0.3911042944785276 0.5385964912280702 0.0049079754601227 0.07017543859649122
0 0.5154907975460122 0.41228070175438597 0.003987730061349694 0.06315789473684211
0 0.43849693251533745 0.3412280701754386 0.003374233128834356 0.04736842105263158
0 0.3414110429447853 0.2149122807017544 0.00245398773006135 0.02982456140350877
0 0.36901840490797544 0.3824561403508772 0.004294478527607362 0.07368421052631578
0 0.6901840490797546 0.3201754385964912 0.003067484662576687 0.054385964912280704
0 0.525 0.39824561403508774 0.003987730061349694 0.06315789473684211
0 0.44263803680981595 0.5359649122807018 0.0049079754601227 0.07192982456140351
0 0.5165644171779141 0.27456140350877195 0.003067484662576687 0.05087719298245614
0 0.4647239263803681 0.2043859649122807 0.00245398773006135 0.04035087719298246
0 0.28773006134969326 0.4394736842105263 0.004294478527607362 0.06842105263157895
0 0.38404907975460123 0.3280701754385965 0.0036809815950920245 0.05964912280701754
0 0.33726993865030674 0.30964912280701756 0.0027607361963190185 0.043859649122807015
0 0.451840490797546 0.2885964912280702 0.003067484662576687 0.05087719298245614
0 0.326840490797546 0.193859649122807 0.003374233128834356 0.04035087719298246
0 0.2794478527607362 0.40964912280701754 0.0049079754601227 0.06842105263157895