0 0.3357361963190184 0.3280701754385965 0.003374233128834356 0.05964912280701754
0 0.5874233128834356 0.5394736842105263 0.0049079754601227 0.07543859649122807
0 0.5309815950920246 0.3605263157894737 0.0036809815950920245 0.05789473684210526
0 0.519478527607362 0.2543859649122807 0.0027607361963190185 0.04912280701754386
0 0.7053680981595092 0.19210526315789472 0.003374233128834356 0.04035087719298246
0 0.571319018404908 0.23771929824561402 0.0027607361963190185 0.04736842105263158
0 0.6081288343558282 0.3140350877192982 0.003374233128834356 0.0456140350877193
0 0.75 0.393859649122807 0.0036809815950920245 0.06140350877192982
0 0.6687116564417178 0.27807017543859647 0.003067484662576687 0.04035087719298246
0 0.7265337423312883 0.3219298245614035 0.003374233128834356 0.04035087719298246
0 0.6283742331288343 0.1824561403508772 0.002147239263803681 0.028070175438596492
0 0.6412576687116565 0.23596491228070177 0.003987730061349694 0.054385964912280704
0 0.7737730061349694 0.3254385964912281 0.004601226993865031 0.054385964912280704
0 0.7394171779141104 0.3307017543859649 0.003374233128834356 0.054385964912280704
0 0.755521472392638 0.37543859649122807 0.0036809815950920245 0.05263157894736842
0 0.7210122699386503 0.256140350877193 0.0027607361963190185 0.05263157894736842
0 0.7033742331288344 0.20526315789473684 0.004294478527607362 0.0456140350877193
0 0.6938650306748466 0.4570175438596491 0.004294478527607362 0.06842105263157895
0 0.7055214723926381 0.30701754385964913 0.0036809815950920245 0.05964912280701754
0 0.6001533742331289 0.2517543859649123 0.0027607361963190185 0.04736842105263158
0 0.6809815950920245 0.2833333333333333 0.003067484662576687 0.05087719298245614
0 0.6461656441717791 0.1956140350877193 0.003987730061349694 0.04736842105263158
0 0.5460122699386503 0.35526315789473684 0.004294478527607362 0.05087719298245614