0 0.2929447852760736 0.35526315789473684 0.00245398773006135 0.05087719298245614
0 0.5032208588957056 0.5991228070175438 0.005214723926380368 0.07543859649122807
0 0.5334355828220859 0.46578947368421053 0.004294478527607362 0.06842105263157895
0 0.4874233128834356 0.34035087719298246 0.0036809815950920245 0.06666666666666667
0 0.49846625766871167 0.23157894736842105 0.00245398773006135 0.0456140350877193
0 0.6605828220858896 0.41754385964912283 0.003987730061349694 0.06315789473684211
0 0.5570552147239264 0.3719298245614035 0.0036809815950920245 0.05964912280701754
0 0.6702453987730062 0.543859649122807 0.0049079754601227 0.06315789473684211
0 0.7797546012269939 0.5333333333333333 0.0049079754601227 0.06315789473684211
0 0.7650306748466258 0.387719298245614 0.0036809815950920245 0.04912280701754386
0 0.5805214723926381 0.24035087719298245 0.0027607361963190185 0.0456140350877193
0 0.5664110429447853 0.4114035087719298 0.003374233128834356 0.06842105263157895
0 0.7967791411042945 0.4087719298245614 0.003987730061349694 0.056140350877192984
0 0.8044478527607362 0.5859649122807018 0.005214723926380368 0.08070175438596491
0 0.7315950920245399 0.718421052631579 0.006134969325153374 0.09298245614035087
0 0.6585889570552147 0.20350877192982456 0.003067484662576687 0.042105263157894736
0 0.5503067484662577 0.1763157894736842 0.003067484662576687 0.04035087719298246
0 0.5176380368098159 0.6543859649122807 0.005828220858895706 0.07368421052631578
0 0.6262269938650307 0.4956140350877193 0.004601226993865031 0.07192982456140351
0 0.5441717791411043 0.4631578947368421 0.004294478527607362 0.06666666666666667
0 0.6699386503067485 0.35175438596491226 0.0036809815950920245 0.05789473684210526
0 0.5056748466257669 0.22982456140350876 0.0027607361963190185 0.0456140350877193
0 0.4920245398773006 0.3675438596491228 0.003067484662576687 0.054385964912280704