0 0.2388036809815951 0.36929824561403507 0.0027607361963190185 0.05789473684210526
0 0.3516871165644172 0.6096491228070176 0.005214723926380368 0.07543859649122807
0 0.37929447852760734 0.49912280701754386 0.004601226993865031 0.06491228070175438
0 0.33159509202453985 0.4649122807017544 0.004294478527607362 0.05964912280701754
0 0.375 0.33421052631578946 0.0027607361963190185 0.05789473684210526
0 0.4366564417177914 0.4201754385964912 0.003987730061349694 0.054385964912280704
0 0.4340490797546012 0.6464912280701754 0.004294478527607362 0.07192982456140351
0 0.47883435582822087 0.631578947368421 0.005521472392638037 0.08421052631578947
0 0.4878834355828221 0.5140350877192983 0.004601226993865031 0.06666666666666667
0 0.5217791411042945 0.3684210526315789 0.0036809815950920245 0.05964912280701754
0 0.44923312883435584 0.2412280701754386 0.0027607361963190185 0.043859649122807015
0 0.4217791411042945 0.4692982456140351 0.0036809815950920245 0.07192982456140351
0 0.7184049079754601 0.35350877192982455 0.0036809815950920245 0.05789473684210526
0 0.5475460122699386 0.5526315789473685 0.0049079754601227 0.07719298245614035
0 0.44355828220858895 0.6447368421052632 0.003067484662576687 0.07192982456140351
0 0.561042944785276 0.36666666666666664 0.0036809815950920245 0.05964912280701754
0 0.495398773006135 0.21578947368421053 0.00245398773006135 0.042105263157894736
0 0.3684049079754601 0.6482456140350877 0.005521472392638037 0.08596491228070176
0 0.4662576687116564 0.6394736842105263 0.005521472392638037 0.07543859649122807
0 0.40797546012269936 0.5228070175438596 0.0049079754601227 0.07368421052631578
0 0.46656441717791414 0.4570175438596491 0.004294478527607362 0.06842105263157895
0 0.39447852760736196 0.28771929824561404 0.003067484662576687 0.04912280701754386
0 0.31625766871165645 0.5956140350877193 0.004294478527607362 0.07543859649122807