0 0.19003067484662578 0.42105263157894735 0.003374233128834356 0.04912280701754386
0 0.2102760736196319 0.7885964912280702 0.006441717791411043 0.1
0 0.15720858895705522 0.6464912280701754 0.005828220858895706 0.08596491228070176
0 0.3177914110429448 0.4114035087719298 0.003067484662576687 0.06491228070175438
0 0.3590490797546012 0.3219298245614035 0.003374233128834356 0.054385964912280704
0 0.38128834355828223 0.6412280701754386 0.004294478527607362 0.09298245614035087
0 0.3884969325153374 0.4921052631578947 0.004601226993865031 0.06842105263157895
0 0.49892638036809817 0.6684210526315789 0.004601226993865031 0.08070175438596491
0 0.5633435582822086 0.6482456140350877 0.005828220858895706 0.08596491228070176
0 0.49846625766871167 0.3868421052631579 0.0036809815950920245 0.06140350877192982
0 0.49662576687116566 0.3043859649122807 0.003067484662576687 0.05087719298245614
0 0.4233128834355828 0.47192982456140353 0.004294478527607362 0.07719298245614035
0 0.6950920245398773 0.37543859649122807 0.0036809815950920245 0.05964912280701754
0 0.5440184049079755 0.5771929824561404 0.005214723926380368 0.08070175438596491
0 0.5039877300613497 0.6842105263157895 0.0049079754601227 0.09473684210526316
0 0.5449386503067485 0.4087719298245614 0.003987730061349694 0.06315789473684211
0 0.5078220858895706 0.29210526315789476 0.003374233128834356 0.04736842105263158
0 0.3079754601226994 0.718421052631579 0.006134969325153374 0.09298245614035087
0 0.3871165644171779 0.6403508771929824 0.005521472392638037 0.08421052631578947
0 0.3506134969325153 0.443859649122807 0.004294478527607362 0.06315789473684211
0 0.4096625766871166 0.4982456140350877 0.004601226993865031 0.07368421052631578
0 0.3651840490797546 0.3175438596491228 0.003374233128834356 0.05263157894736842
0 0.24478527607361963 0.5912280701754385 0.005521472392638037 0.07017543859649122