0 0.2441717791411043 0.3684210526315789 0.00245398773006135 0.05263157894736842
0 0.3670245398773006 0.6929824561403509 0.005828220858895706 0.08421052631578947
0 0.39969325153374236 0.543859649122807 0.0049079754601227 0.056140350877192984
0 0.36901840490797544 0.4473684210526316 0.004294478527607362 0.06666666666666667
0 0.3875766871165644 0.33157894736842103 0.003374233128834356 0.056140350877192984
0 0.4371165644171779 0.45087719298245615 0.004294478527607362 0.06666666666666667
0 0.4378834355828221 0.6535087719298246 0.005828220858895706 0.07894736842105263
0 0.4607361963190184 0.6710526315789473 0.005521472392638037 0.1
0 0.5067484662576687 0.5307017543859649 0.0036809815950920245 0.07543859649122807
0 0.5220858895705521 0.3763157894736842 0.0036809815950920245 0.05789473684210526
0 0.4424846625766871 0.24385964912280703 0.0027607361963190185 0.0456140350877193
0 0.418558282208589 0.48157894736842105 0.003987730061349694 0.07543859649122807
0 0.7242331288343559 0.3631578947368421 0.0036809815950920245 0.05964912280701754
0 0.5572085889570552 0.5745614035087719 0.005214723926380368 0.07894736842105263
0 0.42714723926380366 0.7052631578947368 0.00705521472392638 0.08421052631578947
0 0.5613496932515337 0.36666666666666664 0.0036809815950920245 0.05964912280701754
0 0.5059815950920246 0.22631578947368422 0.0027607361963190185 0.0456140350877193
0 0.37699386503067484 0.724561403508772 0.006134969325153374 0.09473684210526316
0 0.46503067484662575 0.6026315789473684 0.006134969325153374 0.0824561403508772
0 0.4121165644171779 0.5605263157894737 0.004601226993865031 0.06140350877192982
0 0.46180981595092024 0.47719298245614034 0.004601226993865031 0.07017543859649122
0 0.4032208588957055 0.2850877192982456 0.0027607361963190185 0.054385964912280704
0 0.33773006134969324 0.5903508771929824 0.004294478527607362 0.07543859649122807