0 0.25766871165644173 0.36578947368421055 0.0036809815950920245 0.05087719298245614
0 0.4437116564417178 0.7333333333333333 0.006441717791411043 0.09473684210526316
0 0.42914110429447855 0.4885964912280702 0.0036809815950920245 0.06842105263157895
0 0.44263803680981595 0.3587719298245614 0.0036809815950920245 0.05789473684210526
0 0.4615030674846626 0.2517543859649123 0.0027607361963190185 0.043859649122807015
0 0.49892638036809817 0.48771929824561405 0.004601226993865031 0.06666666666666667
0 0.4874233128834356 0.3526315789473684 0.003067484662576687 0.056140350877192984
0 0.5659509202453987 0.7280701754385965 0.006134969325153374 0.08771929824561403
0 0.6124233128834355 0.493859649122807 0.004601226993865031 0.06842105263157895
0 0.5412576687116565 0.3447368421052632 0.003374233128834356 0.05789473684210526
0 0.525920245398773 0.25 0.0027607361963190185 0.043859649122807015
0 0.48021472392638037 0.46842105263157896 0.003987730061349694 0.06666666666666667
0 0.7411042944785277 0.36403508771929827 0.0036809815950920245 0.05789473684210526
0 0.6598159509202454 0.5140350877192983 0.0049079754601227 0.07368421052631578
0 0.576840490797546 0.7368421052631579 0.006441717791411043 0.08421052631578947
0 0.6049079754601226 0.2912280701754386 0.003067484662576687 0.05263157894736842
0 0.5104294478527608 0.1736842105263158 0.003067484662576687 0.0456140350877193
0 0.4447852760736196 0.7649122807017544 0.006134969325153374 0.0912280701754386
0 0.5515337423312884 0.45526315789473687 0.004294478527607362 0.06842105263157895
0 0.48619631901840493 0.2912280701754386 0.003067484662576687 0.04912280701754386
0 0.4708588957055215 0.36666666666666664 0.0036809815950920245 0.05964912280701754
0 0.4605828220858896 0.193859649122807 0.0027607361963190185 0.03684210526315789
0 0.4326687116564417 0.44912280701754387 0.004601226993865031 0.05964912280701754