0 0.2852760736196319 0.3570175438596491 0.0036809815950920245 0.054385964912280704
0 0.4849693251533742 0.5324561403508772 0.0049079754601227 0.06140350877192982
0 0.48420245398773004 0.39210526315789473 0.003374233128834356 0.054385964912280704
0 0.4892638036809816 0.3236842105263158 0.003067484662576687 0.054385964912280704
0 0.49877300613496933 0.22807017543859648 0.0036809815950920245 0.0456140350877193
0 0.6156441717791411 0.3850877192982456 0.0036809815950920245 0.06140350877192982
0 0.5437116564417178 0.32456140350877194 0.003374233128834356 0.0456140350877193
0 0.6107361963190184 0.5710526315789474 0.0049079754601227 0.07894736842105263
0 0.7096625766871165 0.42105263157894735 0.003987730061349694 0.056140350877192984
0 0.6154907975460123 0.2614035087719298 0.0027607361963190185 0.04912280701754386
0 0.5504601226993865 0.23333333333333334 0.0027607361963190185 0.0456140350877193
0 0.5371165644171779 0.4149122807017544 0.0049079754601227 0.06140350877192982
0 0.7424846625766871 0.3350877192982456 0.003374233128834356 0.0456140350877193
0 0.7199386503067484 0.525438596491228 0.0049079754601227 0.07192982456140351
0 0.6285276073619632 0.7298245614035088 0.006134969325153374 0.09473684210526316
0 0.6386503067484662 0.2026315789473684 0.00245398773006135 0.043859649122807015
0 0.5291411042944786 0.16842105263157894 0.0018404907975460123 0.031578947368421054
0 0.4946319018404908 0.6228070175438597 0.005214723926380368 0.08421052631578947
0 0.6334355828220859 0.45526315789473687 0.004294478527607362 0.06842105263157895
0 0.5236196319018405 0.28421052631578947 0.003067484662576687 0.04912280701754386
0 0.6411042944785276 0.35526315789473684 0.0036809815950920245 0.05789473684210526
0 0.5013803680981596 0.193859649122807 0.003987730061349694 0.043859649122807015
0 0.4834355828220859 0.35789473684210527 0.0036809815950920245 0.056140350877192984