0 0.35230061349693254 0.3175438596491228 0.002147239263803681 0.05263157894736842
0 0.6217791411042944 0.4692982456140351 0.0036809815950920245 0.06842105263157895
0 0.5489263803680982 0.3385964912280702 0.003374233128834356 0.056140350877192984
0 0.5225460122699387 0.2543859649122807 0.0027607361963190185 0.04912280701754386
0 0.646319018404908 0.19473684210526315 0.00245398773006135 0.03508771929824561
0 0.6659509202453988 0.24298245614035088 0.003067484662576687 0.04035087719298246
0 0.5900306748466257 0.24736842105263157 0.0027607361963190185 0.042105263157894736
0 0.694478527607362 0.3824561403508772 0.004294478527607362 0.056140350877192984
0 0.6980061349693252 0.33421052631578946 0.003987730061349694 0.05789473684210526
0 0.6414110429447852 0.2833333333333333 0.003067484662576687 0.05087719298245614
0 0.5800613496932515 0.18333333333333332 0.00245398773006135 0.03684210526315789
0 0.6237730061349693 0.23596491228070177 0.003374233128834356 0.04736842105263158
0 0.7745398773006135 0.3333333333333333 0.004294478527607362 0.04912280701754386
0 0.696319018404908 0.3 0.003067484662576687 0.05263157894736842
0 0.713957055214724 0.36929824561403507 0.005214723926380368 0.06491228070175438
0 0.6685582822085889 0.24385964912280703 0.003987730061349694 0.05263157894736842
0 0.6613496932515337 0.2236842105263158 0.00245398773006135 0.03684210526315789
0 0.6702453987730062 0.44649122807017544 0.004294478527607362 0.05789473684210526
0 0.6602760736196319 0.30526315789473685 0.003374233128834356 0.05263157894736842
0 0.6329754601226993 0.24912280701754386 0.003374233128834356 0.0456140350877193
0 0.623159509202454 0.21403508771929824 0.003374233128834356 0.03859649122807018
0 0.5975460122699386 0.18421052631578946 0.003067484662576687 0.042105263157894736
0 0.5299079754601227 0.29210526315789476 0.003374233128834356 0.054385964912280704