0 0.2570552147239264 0.3447368421052632 0.003067484662576687 0.05789473684210526
0 0.4119631901840491 0.4675438596491228 0.004294478527607362 0.06491228070175438
0 0.42622699386503066 0.39035087719298245 0.003374233128834356 0.05789473684210526
0 0.4315950920245399 0.3192982456140351 0.004294478527607362 0.05964912280701754
0 0.43650306748466255 0.23333333333333334 0.00245398773006135 0.0456140350877193
0 0.4742331288343558 0.4263157894736842 0.004294478527607362 0.07368421052631578
0 0.4834355828220859 0.30701754385964913 0.003067484662576687 0.0456140350877193
0 0.48665644171779143 0.5201754385964912 0.004601226993865031 0.07192982456140351
0 0.5549079754601227 0.37719298245614036 0.0036809815950920245 0.05263157894736842
0 0.5625766871165644 0.27631578947368424 0.003067484662576687 0.043859649122807015
0 0.4950920245398773 0.2324561403508772 0.00245398773006135 0.04035087719298246
0 0.4708588957055215 0.4394736842105263 0.003067484662576687 0.07192982456140351
0 0.7099693251533742 0.3236842105263158 0.003374233128834356 0.054385964912280704
0 0.5915644171779141 0.39824561403508774 0.003987730061349694 0.06315789473684211
0 0.5641104294478527 0.6964912280701754 0.006134969325153374 0.0912280701754386
0 0.5950920245398773 0.26842105263157895 0.003067484662576687 0.04912280701754386
0 0.5122699386503068 0.17192982456140352 0.00245398773006135 0.03508771929824561
0 0.40521472392638036 0.5236842105263158 0.0049079754601227 0.07543859649122807
0 0.4855828220858896 0.5017543859649123 0.0036809815950920245 0.06666666666666667
0 0.501840490797546 0.27631578947368424 0.003067484662576687 0.04736842105263158
0 0.4642638036809816 0.36403508771929827 0.003987730061349694 0.05789473684210526
0 0.44263803680981595 0.1912280701754386 0.00245398773006135 0.03859649122807018
0 0.421319018404908 0.3394736842105263 0.003374233128834356 0.05087719298245614