0 0.36871165644171777 0.31666666666666665 0.003067484662576687 0.07192982456140351
0 0.6217791411042944 0.4649122807017544 0.004294478527607362 0.06666666666666667
0 0.521319018404908 0.3201754385964912 0.003374233128834356 0.054385964912280704
0 0.5170245398773006 0.24649122807017543 0.003374233128834356 0.043859649122807015
0 0.6757668711656442 0.2131578947368421 0.00245398773006135 0.043859649122807015
0 0.7101226993865031 0.2596491228070175 0.0036809815950920245 0.03508771929824561
0 0.5915644171779141 0.24561403508771928 0.0027607361963190185 0.042105263157894736
0 0.7193251533742331 0.3570175438596491 0.0036809815950920245 0.054385964912280704
0 0.6978527607361963 0.27280701754385966 0.0036809815950920245 0.06140350877192982
0 0.6420245398773006 0.27982456140350875 0.003067484662576687 0.05087719298245614
0 0.6033742331288343 0.193859649122807 0.00245398773006135 0.03684210526315789
0 0.6647239263803681 0.24298245614035088 0.00245398773006135 0.03684210526315789
0 0.7438650306748467 0.2771929824561403 0.003067484662576687 0.04912280701754386
0 0.7164110429447853 0.22017543859649122 0.003987730061349694 0.04736842105263158
0 0.7443251533742331 0.36140350877192984 0.005214723926380368 0.06315789473684211
0 0.7038343558282208 0.256140350877193 0.003374233128834356 0.05263157894736842
0 0.6878834355828221 0.2394736842105263 0.0027607361963190185 0.043859649122807015
0 0.683282208588957 0.4903508771929825 0.004601226993865031 0.07192982456140351
0 0.6602760736196319 0.30964912280701756 0.003374233128834356 0.054385964912280704
0 0.627760736196319 0.26842105263157895 0.003374233128834356 0.04912280701754386
0 0.6363496932515338 0.22543859649122808 0.0027607361963190185 0.043859649122807015
0 0.5904907975460123 0.16842105263157894 0.0036809815950920245 0.04912280701754386
0 0.5207055214723927 0.27982456140350875 0.003987730061349694 0.05087719298245614