0 0.3191717791411043 0.31842105263157894 0.003374233128834356 0.054385964912280704
0 0.5507668711656442 0.606140350877193 0.005214723926380368 0.0824561403508772
0 0.5039877300613497 0.38333333333333336 0.0036809815950920245 0.06140350877192982
0 0.5016871165644172 0.24649122807017543 0.0027607361963190185 0.04736842105263158
0 0.6219325153374233 0.1780701754385965 0.003987730061349694 0.03333333333333333
0 0.5338957055214724 0.22280701754385965 0.0027607361963190185 0.0456140350877193
0 0.5453987730061349 0.3043859649122807 0.003067484662576687 0.03684210526315789
0 0.698159509202454 0.44649122807017544 0.004294478527607362 0.06842105263157895
0 0.6145705521472392 0.23771929824561402 0.0027607361963190185 0.03333333333333333
0 0.647239263803681 0.3087719298245614 0.003067484662576687 0.05263157894736842
0 0.5941717791411043 0.20175438596491227 0.00245398773006135 0.042105263157894736
0 0.5868098159509203 0.23157894736842105 0.0036809815950920245 0.04912280701754386
0 0.7676380368098159 0.3280701754385965 0.003374233128834356 0.056140350877192984
0 0.674079754601227 0.3140350877192982 0.003987730061349694 0.05263157894736842
0 0.692638036809816 0.4 0.0049079754601227 0.06315789473684211
0 0.6368098159509202 0.23421052631578948 0.0049079754601227 0.05789473684210526
0 0.6226993865030674 0.21666666666666667 0.004294478527607362 0.03684210526315789
0 0.6378834355828221 0.519298245614035 0.004601226993865031 0.07368421052631578
0 0.6354294478527608 0.3131578947368421 0.003374233128834356 0.05087719298245614
0 0.5664110429447853 0.26403508771929823 0.0027607361963190185 0.04736842105263158
0 0.6111963190184049 0.26052631578947366 0.003987730061349694 0.05087719298245614
0 0.594478527607362 0.20701754385964913 0.0036809815950920245 0.05263157894736842
0 0.5340490797546013 0.3526315789473684 0.004294478527607362 0.05964912280701754