0 0.2871165644171779 0.3298245614035088 0.004294478527607362 0.05263157894736842
0 0.48190184049079754 0.4614035087719298 0.004294478527607362 0.05263157894736842
0 0.4771472392638037 0.33771929824561403 0.003374233128834356 0.054385964912280704
0 0.48328220858895704 0.2596491228070175 0.0027607361963190185 0.04912280701754386
0 0.4854294478527607 0.18947368421052632 0.0027607361963190185 0.042105263157894736
0 0.5349693251533743 0.30350877192982456 0.003067484662576687 0.05263157894736842
0 0.5242331288343558 0.2219298245614035 0.00245398773006135 0.03333333333333333
0 0.5751533742331288 0.39035087719298245 0.0036809815950920245 0.04736842105263158
0 0.6010736196319019 0.2771929824561403 0.003374233128834356 0.056140350877192984
0 0.6391104294478528 0.23157894736842105 0.0027607361963190185 0.042105263157894736
0 0.5984662576687116 0.19210526315789472 0.00245398773006135 0.03684210526315789
0 0.5371165644171779 0.32719298245614037 0.003067484662576687 0.05087719298245614
0 0.7256134969325153 0.3078947368421053 0.003374233128834356 0.054385964912280704
0 0.7188650306748466 0.4192982456140351 0.005214723926380368 0.07368421052631578
0 0.6421779141104295 0.5359649122807018 0.004601226993865031 0.07543859649122807
0 0.677760736196319 0.2026315789473684 0.003374233128834356 0.043859649122807015
0 0.5940184049079754 0.1692982456140351 0.0027607361963190185 0.03684210526315789
0 0.4897239263803681 0.5114035087719299 0.004601226993865031 0.07192982456140351
0 0.5909509202453987 0.3175438596491228 0.003374233128834356 0.05263157894736842
0 0.5007668711656442 0.2754385964912281 0.0027607361963190185 0.04912280701754386
0 0.6006134969325153 0.22982456140350876 0.00245398773006135 0.03508771929824561
0 0.48006134969325154 0.17017543859649123 0.003067484662576687 0.03859649122807018
0 0.47745398773006137 0.3307017543859649 0.0027607361963190185 0.054385964912280704