0 0.25690184049079756 0.35526315789473684 0.004601226993865031 0.06140350877192982
0 0.46794478527607364 0.7403508771929824 0.006441717791411043 0.08771929824561403
0 0.42254601226993865 0.5157894736842106 0.004601226993865031 0.07017543859649122
0 0.4334355828220859 0.3 0.003067484662576687 0.05263157894736842
0 0.48190184049079754 0.18421052631578946 0.00245398773006135 0.031578947368421054
0 0.4607361963190184 0.44035087719298244 0.0036809815950920245 0.05263157894736842
0 0.5 0.2868421052631579 0.003067484662576687 0.04035087719298246
0 0.5665644171779141 0.5587719298245614 0.006134969325153374 0.06842105263157895
0 0.6092024539877301 0.5552631578947368 0.0049079754601227 0.07192982456140351
0 0.5829754601226994 0.34912280701754383 0.003374233128834356 0.056140350877192984
0 0.5615030674846626 0.21403508771929824 0.003374233128834356 0.04912280701754386
0 0.531441717791411 0.3157894736842105 0.003374233128834356 0.05263157894736842
0 0.7380368098159509 0.35526315789473684 0.0036809815950920245 0.05789473684210526
0 0.621319018404908 0.5026315789473684 0.004601226993865031 0.07192982456140351
0 0.5708588957055215 0.5807017543859649 0.0049079754601227 0.05263157894736842
0 0.6039877300613496 0.36666666666666664 0.0036809815950920245 0.05964912280701754
0 0.5831288343558282 0.27017543859649124 0.003067484662576687 0.04912280701754386
0 0.5162576687116565 0.6140350877192983 0.005521472392638037 0.06315789473684211
0 0.5470858895705522 0.4885964912280702 0.004601226993865031 0.07192982456140351
0 0.4785276073619632 0.4052631578947368 0.0036809815950920245 0.056140350877192984
0 0.5561349693251534 0.36929824561403507 0.0036809815950920245 0.05789473684210526
0 0.5207055214723927 0.24561403508771928 0.003374233128834356 0.0456140350877193
0 0.43757668711656444 0.49736842105263157 0.004601226993865031 0.07192982456140351