0 0.2486196319018405 0.35526315789473684 0.002147239263803681 0.05789473684210526
0 0.39033742331288346 0.5780701754385965 0.003987730061349694 0.06491228070175438
0 0.40782208588957053 0.45526315789473687 0.005214723926380368 0.07543859649122807
0 0.40475460122699386 0.4166666666666667 0.003987730061349694 0.06491228070175438
0 0.4179447852760736 0.312280701754386 0.003374233128834356 0.05964912280701754
0 0.46932515337423314 0.3798245614035088 0.0036809815950920245 0.05087719298245614
0 0.45153374233128835 0.512280701754386 0.0036809815950920245 0.07017543859649122
0 0.4377300613496933 0.6140350877192983 0.005521472392638037 0.08421052631578947
0 0.5280674846625767 0.5035087719298246 0.004601226993865031 0.07017543859649122
0 0.5179447852760736 0.39649122807017545 0.003987730061349694 0.06315789473684211
0 0.450920245398773 0.27280701754385966 0.003067484662576687 0.05087719298245614
0 0.424079754601227 0.48947368421052634 0.003987730061349694 0.06666666666666667
0 0.7073619631901841 0.35175438596491226 0.0036809815950920245 0.05789473684210526
0 0.5492331288343558 0.5578947368421052 0.004601226993865031 0.07017543859649122
0 0.4377300613496933 0.7052631578947368 0.005521472392638037 0.0912280701754386
0 0.5831288343558282 0.2982456140350877 0.003067484662576687 0.05263157894736842
0 0.47346625766871164 0.193859649122807 0.0027607361963190185 0.05087719298245614
0 0.3708588957055215 0.7464912280701754 0.006134969325153374 0.09649122807017543
0 0.47607361963190187 0.5228070175438596 0.0049079754601227 0.07368421052631578
0 0.4427914110429448 0.4964912280701754 0.004601226993865031 0.07017543859649122
0 0.4947852760736196 0.3798245614035088 0.0036809815950920245 0.06140350877192982
0 0.4260736196319018 0.2964912280701754 0.003067484662576687 0.05263157894736842
0 0.4124233128834356 0.43508771929824563 0.003987730061349694 0.07017543859649122