0 0.25858895705521473 0.3429824561403509 0.003067484662576687 0.054385964912280704
0 0.4196319018404908 0.46228070175438596 0.004294478527607362 0.06842105263157895
0 0.4345092024539877 0.38070175438596493 0.003374233128834356 0.05964912280701754
0 0.44401840490797545 0.30964912280701756 0.003374233128834356 0.054385964912280704
0 0.44125766871165645 0.22894736842105262 0.0027607361963190185 0.03684210526315789
0 0.4799079754601227 0.4192982456140351 0.004601226993865031 0.08070175438596491
0 0.49325153374233127 0.29736842105263156 0.003067484662576687 0.05087719298245614
0 0.4911042944785276 0.5149122807017544 0.0049079754601227 0.06140350877192982
0 0.5705521472392638 0.362280701754386 0.0036809815950920245 0.054385964912280704
0 0.5708588957055215 0.27807017543859647 0.003067484662576687 0.04035087719298246
0 0.5038343558282209 0.22982456140350876 0.0027607361963190185 0.0456140350877193
0 0.47607361963190187 0.43508771929824563 0.003067484662576687 0.07368421052631578
0 0.712116564417178 0.3236842105263158 0.003374233128834356 0.054385964912280704
0 0.59079754601227 0.3684210526315789 0.0036809815950920245 0.056140350877192984
0 0.561042944785276 0.6894736842105263 0.006134969325153374 0.0912280701754386
0 0.6004601226993865 0.2614035087719298 0.0027607361963190185 0.04912280701754386
0 0.5145705521472392 0.1692982456140351 0.0027607361963190185 0.03684210526315789
0 0.4119631901840491 0.5236842105263158 0.0049079754601227 0.07543859649122807
0 0.49217791411042944 0.4964912280701754 0.003987730061349694 0.07017543859649122
0 0.5015337423312883 0.27807017543859647 0.003067484662576687 0.04736842105263158
0 0.46748466257668714 0.356140350877193 0.004294478527607362 0.05964912280701754
0 0.4476993865030675 0.18947368421052632 0.0027607361963190185 0.042105263157894736
0 0.42530674846625766 0.3368421052631579 0.003374233128834356 0.05263157894736842