0 0.2789877300613497 0.34210526315789475 0.003374233128834356 0.04912280701754386
0 0.4334355828220859 0.519298245614035 0.0049079754601227 0.07368421052631578
0 0.46457055214723925 0.4070175438596491 0.003374233128834356 0.05964912280701754
0 0.4340490797546012 0.3298245614035088 0.0036809815950920245 0.05263157894736842
0 0.4466257668711656 0.28157894736842104 0.003067484662576687 0.05087719298245614
0 0.46794478527607364 0.41403508771929826 0.003374233128834356 0.056140350877192984
0 0.5440184049079755 0.3447368421052632 0.003374233128834356 0.054385964912280704
0 0.5506134969325154 0.4324561403508772 0.004294478527607362 0.06491228070175438
0 0.6073619631901841 0.3017543859649123 0.003067484662576687 0.042105263157894736
0 0.5182515337423312 0.3701754385964912 0.004601226993865031 0.05964912280701754
0 0.5932515337423313 0.22543859649122808 0.004294478527607362 0.05789473684210526
0 0.5262269938650307 0.45087719298245615 0.005214723926380368 0.06666666666666667
0 0.7312883435582822 0.33245614035087717 0.003067484662576687 0.054385964912280704
0 0.6182515337423313 0.4166666666666667 0.003987730061349694 0.06491228070175438
0 0.5638036809815951 0.5429824561403509 0.0049079754601227 0.07543859649122807
0 0.5986196319018405 0.2719298245614035 0.003987730061349694 0.04912280701754386
0 0.573159509202454 0.23596491228070177 0.0027607361963190185 0.04736842105263158
0 0.4780674846625767 0.5745614035087719 0.005214723926380368 0.07894736842105263
0 0.5021472392638037 0.4307017543859649 0.0036809815950920245 0.054385964912280704
0 0.474079754601227 0.31666666666666665 0.003374233128834356 0.04736842105263158
0 0.5595092024539877 0.3394736842105263 0.003067484662576687 0.04736842105263158
0 0.45107361963190185 0.23596491228070177 0.003987730061349694 0.05789473684210526
0 0.4668711656441718 0.39649122807017545 0.004294478527607362 0.056140350877192984