0 0.25598159509202456 0.36578947368421055 0.003374233128834356 0.04736842105263158
0 0.44493865030674845 0.7298245614035088 0.006441717791411043 0.09473684210526316
0 0.4288343558282209 0.48333333333333334 0.0036809815950920245 0.06842105263157895
0 0.4427914110429448 0.3473684210526316 0.003374233128834356 0.04912280701754386
0 0.4621165644171779 0.24649122807017543 0.0027607361963190185 0.03684210526315789
0 0.48987730061349694 0.47368421052631576 0.004294478527607362 0.056140350877192984
0 0.48895705521472393 0.34385964912280703 0.003067484662576687 0.04912280701754386
0 0.552760736196319 0.7201754385964912 0.006134969325153374 0.09298245614035087
0 0.6019938650306749 0.4842105263157895 0.004601226993865031 0.056140350877192984
0 0.5400306748466258 0.3447368421052632 0.003374233128834356 0.05789473684210526
0 0.5191717791411042 0.2412280701754386 0.0027607361963190185 0.02982456140350877
0 0.47868098159509204 0.4649122807017544 0.003987730061349694 0.06666666666666667
0 0.7381901840490798 0.3587719298245614 0.003374233128834356 0.05789473684210526
0 0.6504601226993865 0.4956140350877193 0.004601226993865031 0.07192982456140351
0 0.5765337423312883 0.7517543859649123 0.006441717791411043 0.09649122807017543
0 0.6039877300613496 0.2868421052631579 0.003067484662576687 0.05087719298245614
0 0.5095092024539877 0.17192982456140352 0.003067484662576687 0.042105263157894736
0 0.4457055214723926 0.7596491228070176 0.006134969325153374 0.0912280701754386
0 0.5441717791411043 0.437719298245614 0.004294478527607362 0.06491228070175438
0 0.4855828220858896 0.2850877192982456 0.003067484662576687 0.04736842105263158
0 0.46932515337423314 0.3570175438596491 0.0036809815950920245 0.05789473684210526
0 0.46088957055214724 0.19298245614035087 0.0027607361963190185 0.03508771929824561
0 0.4329754601226994 0.44473684210526315 0.004601226993865031 0.06140350877192982