0 0.20751533742331288 0.38596491228070173 0.003374233128834356 0.056140350877192984
0 0.17960122699386502 0.8280701754385965 0.00705521472392638 0.08421052631578947
0 0.23696319018404907 0.5719298245614035 0.005214723926380368 0.07719298245614035
0 0.33634969325153374 0.3868421052631579 0.003374233128834356 0.06140350877192982
0 0.3604294478527607 0.30526315789473685 0.003067484662576687 0.0456140350877193
0 0.4361963190184049 0.6070175438596491 0.005521472392638037 0.08070175438596491
0 0.41088957055214725 0.44035087719298244 0.004601226993865031 0.07368421052631578
0 0.4742331288343558 0.65 0.004294478527607362 0.07543859649122807
0 0.5921779141104294 0.5877192982456141 0.005214723926380368 0.07719298245614035
0 0.5171779141104295 0.3605263157894737 0.0036809815950920245 0.05789473684210526
0 0.5067484662576687 0.2789473684210526 0.003067484662576687 0.04912280701754386
0 0.4050613496932515 0.4789473684210526 0.003987730061349694 0.08070175438596491
0 0.7046012269938651 0.36140350877192984 0.0036809815950920245 0.05964912280701754
0 0.573159509202454 0.5754385964912281 0.005828220858895706 0.0912280701754386
0 0.4785276073619632 0.6912280701754386 0.006134969325153374 0.0912280701754386
0 0.5608895705521473 0.35350877192982455 0.003374233128834356 0.05789473684210526
0 0.520398773006135 0.22894736842105262 0.003987730061349694 0.03684210526315789
0 0.2174846625766871 0.7763157894736842 0.006748466257668712 0.08947368421052632
0 0.475920245398773 0.5614035087719298 0.005214723926380368 0.07719298245614035
0 0.38926380368098157 0.3780701754385965 0.0036809815950920245 0.054385964912280704
0 0.4260736196319018 0.4587719298245614 0.004294478527607362 0.06491228070175438
0 0.36671779141104294 0.2824561403508772 0.003374233128834356 0.042105263157894736
0 0.295398773006135 0.5482456140350878 0.0049079754601227 0.06842105263157895