0 0.32791411042944785 0.29035087719298247 0.003067484662576687 0.05789473684210526
0 0.49524539877300616 0.4114035087719298 0.003374233128834356 0.04035087719298246
0 0.46088957055214724 0.2596491228070175 0.0027607361963190185 0.042105263157894736
0 0.46319018404907975 0.1675438596491228 0.003067484662576687 0.04035087719298246
0 0.5302147239263804 0.15175438596491228 0.002147239263803681 0.03684210526315789
0 0.5562883435582822 0.2614035087719298 0.0027607361963190185 0.04912280701754386
0 0.5141104294478528 0.18421052631578946 0.00245398773006135 0.031578947368421054
0 0.6076687116564418 0.3736842105263158 0.0036809815950920245 0.05964912280701754
0 0.5866564417177914 0.25087719298245614 0.0027607361963190185 0.0456140350877193
0 0.5300613496932516 0.2710526315789474 0.003067484662576687 0.05087719298245614
0 0.5578220858895706 0.16052631578947368 0.0027607361963190185 0.03333333333333333
0 0.5392638036809816 0.2307017543859649 0.003067484662576687 0.054385964912280704
0 0.7156441717791411 0.3017543859649123 0.003067484662576687 0.05263157894736842
0 0.602760736196319 0.26842105263157895 0.003067484662576687 0.0456140350877193
0 0.6280674846625767 0.33771929824561403 0.003374233128834356 0.054385964912280704
0 0.5996932515337423 0.22105263157894736 0.0036809815950920245 0.04912280701754386
0 0.5808282208588957 0.1780701754385965 0.0027607361963190185 0.03684210526315789
0 0.5484662576687117 0.3798245614035088 0.0036809815950920245 0.06140350877192982
0 0.5644171779141104 0.2710526315789474 0.003067484662576687 0.05087719298245614
0 0.5230061349693251 0.2131578947368421 0.00245398773006135 0.043859649122807015
0 0.5682515337423313 0.20877192982456141 0.003374233128834356 0.0456140350877193
0 0.5372699386503067 0.1675438596491228 0.003374233128834356 0.043859649122807015
0 0.4820552147239264 0.21754385964912282 0.0027607361963190185 0.04912280701754386