0 0.2348159509202454 0.387719298245614 0.003374233128834356 0.06666666666666667
0 0.2976993865030675 0.7412280701754386 0.006441717791411043 0.08947368421052632
0 0.297239263803681 0.6078947368421053 0.0049079754601227 0.07894736842105263
0 0.36503067484662577 0.46403508771929824 0.004294478527607362 0.06842105263157895
0 0.38865030674846623 0.3701754385964912 0.0036809815950920245 0.04912280701754386
0 0.3521472392638037 0.6324561403508772 0.0049079754601227 0.08596491228070176
0 0.40199386503067486 0.5780701754385965 0.005214723926380368 0.07543859649122807
0 0.373159509202454 0.7096491228070175 0.005828220858895706 0.10350877192982456
0 0.42070552147239265 0.7456140350877193 0.003987730061349694 0.07719298245614035
0 0.4771472392638037 0.43508771929824563 0.003987730061349694 0.06666666666666667
0 0.4943251533742331 0.35350877192982455 0.003374233128834356 0.05087719298245614
0 0.44033742331288345 0.4570175438596491 0.004601226993865031 0.07543859649122807
0 0.7030674846625767 0.38333333333333336 0.0036809815950920245 0.06140350877192982
0 0.5371165644171779 0.6280701754385964 0.005521472392638037 0.08421052631578947
0 0.4242331288343558 0.7228070175438597 0.0036809815950920245 0.08421052631578947
0 0.5302147239263804 0.4921052631578947 0.004601226993865031 0.07192982456140351
0 0.5119631901840491 0.3719298245614035 0.003067484662576687 0.05263157894736842
0 0.4032208588957055 0.7289473684210527 0.006441717791411043 0.09298245614035087
0 0.37607361963190183 0.6421052631578947 0.0049079754601227 0.08771929824561403
0 0.3838957055214724 0.49473684210526314 0.004601226993865031 0.06666666666666667
0 0.4361963190184049 0.6342105263157894 0.005521472392638037 0.0824561403508772
0 0.4151840490797546 0.3956140350877193 0.003987730061349694 0.06140350877192982
0 0.301840490797546 0.6149122807017544 0.0049079754601227 0.07192982456140351