0 0.248159509202454 0.3605263157894737 0.004294478527607362 0.06491228070175438
0 0.4062883435582822 0.6982456140350877 0.005828220858895706 0.08771929824561403
0 0.3773006134969325 0.6017543859649123 0.004294478527607362 0.07719298245614035
0 0.4102760736196319 0.3991228070175439 0.003374233128834356 0.06491228070175438
0 0.43098159509202455 0.29473684210526313 0.003067484662576687 0.05263157894736842
0 0.4526073619631902 0.5605263157894737 0.005214723926380368 0.07894736842105263
0 0.45015337423312884 0.4342105263157895 0.003987730061349694 0.05087719298245614
0 0.5038343558282209 0.6719298245614035 0.005828220858895706 0.08771929824561403
0 0.5745398773006135 0.4421052631578947 0.004294478527607362 0.06315789473684211
0 0.5110429447852761 0.4535087719298246 0.004294478527607362 0.06140350877192982
0 0.5102760736196319 0.23596491228070177 0.0027607361963190185 0.03684210526315789
0 0.4507668711656442 0.4982456140350877 0.004601226993865031 0.07719298245614035
0 0.7170245398773006 0.3447368421052632 0.003374233128834356 0.054385964912280704
0 0.5975460122699386 0.543859649122807 0.0049079754601227 0.07719298245614035
0 0.5503067484662577 0.7219298245614035 0.006134969325153374 0.09298245614035087
0 0.5796012269938651 0.3298245614035088 0.005214723926380368 0.06315789473684211
0 0.5446319018404908 0.2535087719298246 0.0027607361963190185 0.04736842105263158
0 0.40245398773006136 0.7517543859649123 0.006748466257668712 0.10350877192982456
0 0.5033742331288343 0.5280701754385965 0.0049079754601227 0.07368421052631578
0 0.4644171779141104 0.36578947368421055 0.004294478527607362 0.054385964912280704
0 0.5354294478527607 0.46842105263157896 0.003374233128834356 0.06666666666666667
0 0.4461656441717791 0.19298245614035087 0.003987730061349694 0.04912280701754386
0 0.3806748466257669 0.6394736842105263 0.0036809815950920245 0.06842105263157895