0 0.29386503067484665 0.3412280701754386 0.005521472392638037 0.06491228070175438
0 0.5059815950920246 0.5912280701754385 0.005214723926380368 0.06666666666666667
0 0.48282208588957054 0.4535087719298246 0.0036809815950920245 0.06140350877192982
0 0.4958588957055215 0.34210526315789475 0.003374233128834356 0.056140350877192984
0 0.49095092024539877 0.22982456140350876 0.0027607361963190185 0.0456140350877193
0 0.5473926380368098 0.4 0.003987730061349694 0.05964912280701754
0 0.5808282208588957 0.3350877192982456 0.003374233128834356 0.04912280701754386
0 0.6714723926380368 0.537719298245614 0.0049079754601227 0.07192982456140351
0 0.628680981595092 0.37280701754385964 0.003987730061349694 0.054385964912280704
0 0.6699386503067485 0.3868421052631579 0.0036809815950920245 0.06140350877192982
0 0.6021472392638036 0.26666666666666666 0.003067484662576687 0.0456140350877193
0 0.5588957055214724 0.38333333333333336 0.0036809815950920245 0.06140350877192982
0 0.7602760736196319 0.34210526315789475 0.003374233128834356 0.056140350877192984
0 0.7308282208588958 0.506140350877193 0.006441717791411043 0.0824561403508772
0 0.7027607361963191 0.6078947368421053 0.005521472392638037 0.07894736842105263
0 0.6728527607361963 0.31842105263157894 0.003374233128834356 0.054385964912280704
0 0.6174846625766871 0.20350877192982456 0.00245398773006135 0.042105263157894736
0 0.5265337423312884 0.6447368421052632 0.005828220858895706 0.08596491228070176
0 0.6291411042944786 0.4368421052631579 0.004294478527607362 0.05964912280701754
0 0.5440184049079755 0.3201754385964912 0.003374233128834356 0.04736842105263158
0 0.6524539877300614 0.3631578947368421 0.0036809815950920245 0.05263157894736842
0 0.5085889570552147 0.19298245614035087 0.003067484662576687 0.042105263157894736
0 0.48512269938650304 0.47543859649122805 0.004601226993865031 0.07017543859649122