0 0.33266871165644174 0.33157894736842103 0.003374233128834356 0.056140350877192984
0 0.7779141104294478 0.6692982456140351 0.007975460122699387 0.09649122807017543
0 0.49141104294478527 0.3798245614035088 0.0036809815950920245 0.06140350877192982
0 0.4840490797546012 0.29385964912280704 0.00245398773006135 0.04736842105263158
0 0.5570552147239264 0.19298245614035087 0.0036809815950920245 0.04912280701754386
0 0.5607361963190184 0.35 0.0036809815950920245 0.05789473684210526
0 0.6136503067484662 0.26228070175438595 0.0027607361963190185 0.043859649122807015
0 0.5427914110429448 0.47368421052631576 0.004601226993865031 0.06666666666666667
0 0.7119631901840491 0.38859649122807016 0.004294478527607362 0.06140350877192982
0 0.7138036809815951 0.36140350877192984 0.004294478527607362 0.05964912280701754
0 0.6664110429447853 0.25 0.0027607361963190185 0.04035087719298246
0 0.6329754601226993 0.3850877192982456 0.003987730061349694 0.06491228070175438
0 0.7125766871165644 0.2833333333333333 0.003067484662576687 0.04736842105263158
0 0.7190184049079754 0.3798245614035088 0.004294478527607362 0.05789473684210526
0 0.6888036809815951 0.5587719298245614 0.005214723926380368 0.07894736842105263
0 0.6878834355828221 0.2649122807017544 0.0027607361963190185 0.0456140350877193
0 0.7090490797546012 0.2929824561403509 0.004601226993865031 0.05964912280701754
0 0.7539877300613497 0.6350877192982456 0.005521472392638037 0.09473684210526316
0 0.6561349693251534 0.36403508771929827 0.004294478527607362 0.06491228070175438
0 0.5975460122699386 0.30350877192982456 0.003067484662576687 0.05263157894736842
0 0.6242331288343558 0.2412280701754386 0.0036809815950920245 0.05087719298245614
0 0.5842024539877301 0.15526315789473685 0.003374233128834356 0.04035087719298246
0 0.4822085889570552 0.32456140350877194 0.0036809815950920245 0.05263157894736842