0 0.2134969325153374 0.4052631578947368 0.004294478527607362 0.06315789473684211
0 0.20751533742331288 0.5710526315789474 0.005214723926380368 0.07543859649122807
0 0.30260736196319016 0.493859649122807 0.004601226993865031 0.07192982456140351
0 0.31533742331288345 0.30350877192982456 0.003067484662576687 0.05263157894736842
0 0.4023006134969325 0.23333333333333334 0.0027607361963190185 0.042105263157894736
0 0.39079754601226996 0.34649122807017546 0.0036809815950920245 0.05789473684210526
0 0.42760736196319016 0.5298245614035088 0.0049079754601227 0.07017543859649122
0 0.5122699386503068 0.6043859649122807 0.005521472392638037 0.0824561403508772
0 0.508282208588957 0.4421052631578947 0.004294478527607362 0.07017543859649122
0 0.49785276073619633 0.3780701754385965 0.0036809815950920245 0.06140350877192982
0 0.4943251533742331 0.2412280701754386 0.0027607361963190185 0.04736842105263158
0 0.45199386503067485 0.33157894736842103 0.003374233128834356 0.056140350877192984
0 0.700920245398773 0.34649122807017546 0.0036809815950920245 0.05789473684210526
0 0.5570552147239264 0.4605263157894737 0.004294478527607362 0.06842105263157895
0 0.5297546012269939 0.624561403508772 0.005521472392638037 0.08421052631578947
0 0.5361963190184049 0.3701754385964912 0.0036809815950920245 0.05964912280701754
0 0.5156441717791411 0.26666666666666666 0.003067484662576687 0.04912280701754386
0 0.37239263803680983 0.6175438596491228 0.005521472392638037 0.08421052631578947
0 0.5050613496932516 0.5008771929824561 0.004601226993865031 0.07192982456140351
0 0.38726993865030673 0.5052631578947369 0.004601226993865031 0.07017543859649122
0 0.4582822085889571 0.3631578947368421 0.0036809815950920245 0.05964912280701754
0 0.37561349693251533 0.27280701754385966 0.003374233128834356 0.054385964912280704
0 0.21242331288343558 0.5421052631578948 0.00705521472392638 0.08070175438596491