0 0.23558282208588957 0.3850877192982456 0.003067484662576687 0.06842105263157895
0 0.2995398773006135 0.7403508771929824 0.006441717791411043 0.0912280701754386
0 0.29892638036809815 0.6070175438596491 0.004601226993865031 0.07719298245614035
0 0.3665644171779141 0.46228070175438596 0.004294478527607362 0.06842105263157895
0 0.3895705521472393 0.37543859649122807 0.0036809815950920245 0.05964912280701754
0 0.35383435582822087 0.631578947368421 0.004601226993865031 0.08421052631578947
0 0.4035276073619632 0.5763157894736842 0.005214723926380368 0.07543859649122807
0 0.3754601226993865 0.7096491228070175 0.006134969325153374 0.10701754385964912
0 0.4208588957055215 0.7464912280701754 0.0036809815950920245 0.07543859649122807
0 0.4771472392638037 0.43859649122807015 0.003987730061349694 0.06315789473684211
0 0.4943251533742331 0.3570175438596491 0.003374233128834356 0.05789473684210526
0 0.44079754601226995 0.4570175438596491 0.004294478527607362 0.07543859649122807
0 0.7036809815950921 0.38333333333333336 0.0036809815950920245 0.06140350877192982
0 0.5371165644171779 0.6298245614035087 0.005521472392638037 0.08070175438596491
0 0.425 0.724561403508772 0.003987730061349694 0.08421052631578947
0 0.5311349693251534 0.493859649122807 0.004601226993865031 0.07192982456140351
0 0.5130368098159509 0.3719298245614035 0.003374233128834356 0.05263157894736842
0 0.40613496932515336 0.7254385964912281 0.006134969325153374 0.09298245614035087
0 0.37883435582822084 0.6368421052631579 0.0049079754601227 0.08771929824561403
0 0.3838957055214724 0.49473684210526314 0.004601226993865031 0.06315789473684211
0 0.43742331288343556 0.631578947368421 0.005521472392638037 0.08421052631578947
0 0.41641104294478526 0.393859649122807 0.003987730061349694 0.06140350877192982
0 0.30322085889570555 0.6131578947368421 0.005214723926380368 0.07543859649122807