0 0.3107361963190184 0.31666666666666665 0.003067484662576687 0.04736842105263158
0 0.5458588957055215 0.631578947368421 0.005214723926380368 0.08421052631578947
0 0.49279141104294477 0.40964912280701754 0.003987730061349694 0.05789473684210526
0 0.4934049079754601 0.2412280701754386 0.0027607361963190185 0.04736842105263158
0 0.5783742331288344 0.16578947368421051 0.003987730061349694 0.03684210526315789
0 0.5237730061349694 0.22982456140350876 0.0027607361963190185 0.0456140350877193
0 0.5230061349693251 0.30350877192982456 0.004294478527607362 0.056140350877192984
0 0.6722392638036809 0.47982456140350876 0.003987730061349694 0.06140350877192982
0 0.6098159509202454 0.2324561403508772 0.0036809815950920245 0.043859649122807015
0 0.6164110429447853 0.2956140350877193 0.003374233128834356 0.05087719298245614
0 0.5633435582822086 0.20964912280701756 0.003374233128834356 0.043859649122807015
0 0.572239263803681 0.22807017543859648 0.003374233128834356 0.0456140350877193
0 0.7538343558282209 0.3236842105263158 0.003374233128834356 0.054385964912280704
0 0.6498466257668711 0.3385964912280702 0.003374233128834356 0.056140350877192984
0 0.6725460122699386 0.4359649122807018 0.005214723926380368 0.06491228070175438
0 0.6179447852760737 0.2412280701754386 0.003374233128834356 0.05789473684210526
0 0.6081288343558282 0.21842105263157896 0.003374233128834356 0.04035087719298246
0 0.6182515337423313 0.5087719298245614 0.004601226993865031 0.07368421052631578
0 0.6133435582822085 0.32105263157894737 0.003374233128834356 0.05263157894736842
0 0.557361963190184 0.26666666666666666 0.003067484662576687 0.04912280701754386
0 0.5940184049079754 0.2692982456140351 0.003987730061349694 0.04736842105263158
0 0.5579754601226994 0.22543859649122808 0.00245398773006135 0.04035087719298246
0 0.5271472392638037 0.35526315789473684 0.003987730061349694 0.05789473684210526