0 0.2263803680981595 0.3929824561403509 0.004294478527607362 0.06666666666666667
0 0.2762269938650307 0.7640350877192983 0.006441717791411043 0.08947368421052632
0 0.28067484662576686 0.6131578947368421 0.005521472392638037 0.0824561403508772
0 0.3539877300613497 0.46403508771929824 0.004294478527607362 0.06842105263157895
0 0.37944785276073617 0.3719298245614035 0.0036809815950920245 0.05964912280701754
0 0.33680981595092024 0.6236842105263158 0.004294478527607362 0.0824561403508772
0 0.38773006134969323 0.5666666666666667 0.0049079754601227 0.07368421052631578
0 0.35245398773006137 0.7087719298245614 0.0049079754601227 0.08421052631578947
0 0.422239263803681 0.7280701754385965 0.003987730061349694 0.08070175438596491
0 0.47392638036809814 0.4307017543859649 0.004294478527607362 0.06491228070175438
0 0.49309815950920244 0.3570175438596491 0.003374233128834356 0.05789473684210526
0 0.4361963190184049 0.46228070175438596 0.004294478527607362 0.06842105263157895
0 0.701840490797546 0.38421052631578945 0.0036809815950920245 0.05964912280701754
0 0.5266871165644171 0.6263157894736842 0.005521472392638037 0.08421052631578947
0 0.4254601226993865 0.718421052631579 0.004294478527607362 0.08596491228070176
0 0.5234662576687117 0.4956140350877193 0.004601226993865031 0.07192982456140351
0 0.5047546012269939 0.356140350877193 0.003374233128834356 0.05964912280701754
0 0.36257668711656443 0.7201754385964912 0.006134969325153374 0.08596491228070176
0 0.3492331288343558 0.6368421052631579 0.004601226993865031 0.08421052631578947
0 0.37714723926380367 0.4824561403508772 0.004601226993865031 0.06666666666666667
0 0.4171779141104294 0.6017543859649123 0.005521472392638037 0.08070175438596491
0 0.4026073619631902 0.3956140350877193 0.003987730061349694 0.06140350877192982
0 0.28634969325153375 0.6210526315789474 0.005214723926380368 0.07368421052631578