0 0.36779141104294477 0.3157894736842105 0.003067484662576687 0.07017543859649122
0 0.6205521472392638 0.4649122807017544 0.004294478527607362 0.06315789473684211
0 0.5210122699386504 0.3078947368421053 0.003374233128834356 0.054385964912280704
0 0.5165644171779141 0.24649122807017543 0.003067484662576687 0.043859649122807015
0 0.6763803680981595 0.2149122807017544 0.00245398773006135 0.043859649122807015
0 0.7099693251533742 0.2578947368421053 0.003987730061349694 0.03508771929824561
0 0.5909509202453987 0.2482456140350877 0.0027607361963190185 0.043859649122807015
0 0.7180981595092024 0.35526315789473684 0.0036809815950920245 0.054385964912280704
0 0.6973926380368098 0.2692982456140351 0.0027607361963190185 0.04035087719298246
0 0.6420245398773006 0.27807017543859647 0.003067484662576687 0.05087719298245614
0 0.603680981595092 0.19649122807017544 0.00245398773006135 0.042105263157894736
0 0.6638036809815951 0.24385964912280703 0.00245398773006135 0.03508771929824561
0 0.7450920245398773 0.27807017543859647 0.003067484662576687 0.05087719298245614
0 0.71579754601227 0.22017543859649122 0.003987730061349694 0.04736842105263158
0 0.7430981595092024 0.35964912280701755 0.005214723926380368 0.06315789473684211
0 0.7039877300613497 0.25526315789473686 0.003067484662576687 0.05087719298245614
0 0.686963190184049 0.2394736842105263 0.0027607361963190185 0.043859649122807015
0 0.681441717791411 0.49736842105263157 0.004601226993865031 0.07192982456140351
0 0.6590490797546013 0.30964912280701756 0.003374233128834356 0.054385964912280704
0 0.6262269938650307 0.26666666666666666 0.003374233128834356 0.04912280701754386
0 0.6375766871165645 0.22982456140350876 0.0027607361963190185 0.0456140350877193
0 0.5884969325153374 0.16578947368421051 0.003987730061349694 0.05087719298245614
0 0.5199386503067485 0.2807017543859649 0.0036809815950920245 0.04912280701754386