0 0.26487730061349696 0.30350877192982456 0.003987730061349694 0.06315789473684211
0 0.4634969325153374 0.6403508771929824 0.005521472392638037 0.08421052631578947
0 0.4062883435582822 0.3991228070175439 0.003987730061349694 0.06140350877192982
0 0.4105828220858896 0.22280701754385965 0.0027607361963190185 0.0456140350877193
0 0.45475460122699385 0.18333333333333332 0.002147239263803681 0.02631578947368421
0 0.4602760736196319 0.3140350877192982 0.003374233128834356 0.056140350877192984
0 0.4771472392638037 0.24649122807017543 0.0027607361963190185 0.043859649122807015
0 0.5914110429447853 0.47017543859649125 0.004294478527607362 0.07017543859649122
0 0.570398773006135 0.30964912280701756 0.003987730061349694 0.05087719298245614
0 0.5588957055214724 0.27807017543859647 0.003067484662576687 0.05087719298245614
0 0.48865030674846627 0.16140350877192983 0.00245398773006135 0.03859649122807018
0 0.5326687116564417 0.25 0.003987730061349694 0.04736842105263158
0 0.7329754601226994 0.3201754385964912 0.003374233128834356 0.054385964912280704
0 0.5949386503067484 0.3201754385964912 0.003374233128834356 0.054385964912280704
0 0.6150306748466258 0.4324561403508772 0.004294478527607362 0.06491228070175438
0 0.5855828220858895 0.27017543859649124 0.003067484662576687 0.04912280701754386
0 0.5705521472392638 0.2149122807017544 0.00245398773006135 0.043859649122807015
0 0.5358895705521473 0.4570175438596491 0.004294478527607362 0.06842105263157895
0 0.5529141104294478 0.31140350877192985 0.003374233128834356 0.054385964912280704
0 0.49493865030674844 0.26228070175438595 0.0027607361963190185 0.04736842105263158
0 0.5366564417177914 0.24736842105263157 0.0027607361963190185 0.0456140350877193
0 0.49325153374233127 0.17456140350877192 0.0036809815950920245 0.04035087719298246
0 0.456441717791411 0.2982456140350877 0.003067484662576687 0.05263157894736842