0 0.2917177914110429 0.35526315789473684 0.00245398773006135 0.05087719298245614
0 0.49616564417177916 0.5973684210526315 0.005214723926380368 0.07894736842105263
0 0.5266871165644171 0.45087719298245615 0.004294478527607362 0.06666666666666667
0 0.48680981595092027 0.3350877192982456 0.003067484662576687 0.056140350877192984
0 0.49693251533742333 0.22719298245614036 0.00245398773006135 0.03684210526315789
0 0.6519938650306748 0.40614035087719297 0.003987730061349694 0.05087719298245614
0 0.554601226993865 0.3631578947368421 0.0036809815950920245 0.05964912280701754
0 0.6653374233128835 0.5526315789473685 0.0049079754601227 0.07368421052631578
0 0.7728527607361964 0.5228070175438596 0.004601226993865031 0.07368421052631578
0 0.7576687116564417 0.3763157894736842 0.0036809815950920245 0.054385964912280704
0 0.5771472392638037 0.23771929824561402 0.0027607361963190185 0.043859649122807015
0 0.5633435582822086 0.4105263157894737 0.003374233128834356 0.06666666666666667
0 0.7903374233128835 0.4070175438596491 0.003987730061349694 0.06315789473684211
0 0.8023006134969325 0.5807017543859649 0.005214723926380368 0.08070175438596491
0 0.7297546012269939 0.7280701754385965 0.006134969325153374 0.09473684210526316
0 0.6576687116564417 0.19912280701754387 0.003067484662576687 0.04035087719298246
0 0.5484662576687117 0.17543859649122806 0.003067484662576687 0.03859649122807018
0 0.5087423312883436 0.6614035087719298 0.005828220858895706 0.08771929824561403
0 0.6145705521472392 0.4903508771929825 0.004601226993865031 0.07192982456140351
0 0.5411042944785276 0.4570175438596491 0.004294478527607362 0.06140350877192982
0 0.6624233128834356 0.34210526315789475 0.003374233128834356 0.056140350877192984
0 0.5050613496932516 0.22807017543859648 0.0027607361963190185 0.0456140350877193
0 0.48941717791411044 0.36578947368421055 0.003374233128834356 0.054385964912280704