0 0.26763803680981596 0.3385964912280702 0.004601226993865031 0.07368421052631578
0 0.43604294478527605 0.48947368421052634 0.003374233128834356 0.07017543859649122
0 0.4503067484662577 0.38333333333333336 0.0036809815950920245 0.06140350877192982
0 0.46042944785276074 0.27631578947368424 0.003067484662576687 0.05087719298245614
0 0.4512269938650307 0.19912280701754387 0.00245398773006135 0.03333333333333333
0 0.48634969325153377 0.33157894736842103 0.003374233128834356 0.0456140350877193
0 0.5300613496932516 0.24473684210526317 0.0036809815950920245 0.043859649122807015
0 0.47576687116564415 0.4614035087719298 0.004294478527607362 0.06666666666666667
0 0.5501533742331288 0.41842105263157897 0.003987730061349694 0.06491228070175438
0 0.5274539877300614 0.3236842105263158 0.003374233128834356 0.054385964912280704
0 0.5101226993865031 0.2026315789473684 0.00245398773006135 0.043859649122807015
0 0.4789877300613497 0.39649122807017545 0.003987730061349694 0.06315789473684211
0 0.712116564417178 0.30964912280701756 0.003374233128834356 0.054385964912280704
0 0.617638036809816 0.4 0.003987730061349694 0.06315789473684211
0 0.49647239263803683 0.6771929824561403 0.005828220858895706 0.08070175438596491
0 0.599079754601227 0.26666666666666666 0.003067484662576687 0.04912280701754386
0 0.5308282208588957 0.16403508771929826 0.0027607361963190185 0.04035087719298246
0 0.41687116564417176 0.5657894736842105 0.0049079754601227 0.07894736842105263
0 0.5104294478527608 0.3307017543859649 0.004294478527607362 0.05789473684210526
0 0.5292944785276074 0.2324561403508772 0.0027607361963190185 0.03333333333333333
0 0.4947852760736196 0.26666666666666666 0.003067484662576687 0.04912280701754386
0 0.45521472392638035 0.1675438596491228 0.003067484662576687 0.043859649122807015
0 0.4273006134969325 0.4692982456140351 0.005521472392638037 0.07894736842105263