0 0.27469325153374236 0.36666666666666664 0.003987730061349694 0.05263157894736842
0 0.4742331288343558 0.7026315789473684 0.006134969325153374 0.08947368421052632
0 0.4532208588957055 0.4885964912280702 0.003374233128834356 0.07543859649122807
0 0.47699386503067487 0.3605263157894737 0.0036809815950920245 0.05789473684210526
0 0.49279141104294477 0.2394736842105263 0.0027607361963190185 0.043859649122807015
0 0.5961656441717792 0.5307017543859649 0.004601226993865031 0.07543859649122807
0 0.5337423312883436 0.3719298245614035 0.0036809815950920245 0.056140350877192984
0 0.6533742331288344 0.730701754385965 0.006134969325153374 0.0824561403508772
0 0.6906441717791411 0.5043859649122807 0.004601226993865031 0.06491228070175438
0 0.6328220858895706 0.3526315789473684 0.0036809815950920245 0.0456140350877193
0 0.5682515337423313 0.24736842105263157 0.0027607361963190185 0.0456140350877193
0 0.5357361963190184 0.4570175438596491 0.004601226993865031 0.06842105263157895
0 0.758282208588957 0.37543859649122807 0.0036809815950920245 0.05964912280701754
0 0.7673312883435582 0.5657894736842105 0.005214723926380368 0.07894736842105263
0 0.6800613496932515 0.7833333333333333 0.006748466257668712 0.1
0 0.6734662576687117 0.2482456140350877 0.0027607361963190185 0.04736842105263158
0 0.5627300613496933 0.1824561403508772 0.003374233128834356 0.042105263157894736
0 0.47929447852760737 0.7587719298245614 0.006441717791411043 0.09649122807017543
0 0.6306748466257669 0.5412280701754386 0.0049079754601227 0.07543859649122807
0 0.5118098159509202 0.34912280701754383 0.003374233128834356 0.05263157894736842
0 0.6187116564417178 0.3736842105263158 0.0036809815950920245 0.05964912280701754
0 0.4915644171779141 0.1868421052631579 0.003374233128834356 0.04736842105263158
0 0.4569018404907976 0.47719298245614034 0.003987730061349694 0.05964912280701754