0 0.3010736196319018 0.306140350877193 0.0027607361963190185 0.054385964912280704
0 0.5179447852760736 0.6280701754385964 0.005214723926380368 0.08421052631578947
0 0.4661042944785276 0.39824561403508774 0.003987730061349694 0.06315789473684211
0 0.48067484662576687 0.21929824561403508 0.00245398773006135 0.0456140350877193
0 0.5375766871165644 0.17192982456140352 0.003374233128834356 0.03859649122807018
0 0.5085889570552147 0.2149122807017544 0.00245398773006135 0.043859649122807015
0 0.5263803680981595 0.37719298245614036 0.0036809815950920245 0.05964912280701754
0 0.6647239263803681 0.5035087719298246 0.0049079754601227 0.07017543859649122
0 0.6369631901840491 0.3157894736842105 0.003374233128834356 0.04912280701754386
0 0.5996932515337423 0.2929824561403509 0.004294478527607362 0.04912280701754386
0 0.5556748466257668 0.2149122807017544 0.003987730061349694 0.04035087719298246
0 0.5544478527607362 0.24649122807017543 0.003374233128834356 0.054385964912280704
0 0.7541411042944786 0.3263157894736842 0.003374233128834356 0.05263157894736842
0 0.6507668711656441 0.34210526315789475 0.003374233128834356 0.056140350877192984
0 0.6608895705521473 0.443859649122807 0.005214723926380368 0.07719298245614035
0 0.6455521472392638 0.27807017543859647 0.003374233128834356 0.05087719298245614
0 0.55920245398773 0.17894736842105263 0.003067484662576687 0.042105263157894736
0 0.5878834355828221 0.5070175438596491 0.004601226993865031 0.07368421052631578
0 0.6004601226993865 0.34210526315789475 0.003374233128834356 0.05263157894736842
0 0.5662576687116564 0.2657894736842105 0.003067484662576687 0.04736842105263158
0 0.5842024539877301 0.23508771929824562 0.003987730061349694 0.056140350877192984
0 0.5654907975460123 0.19298245614035087 0.003374233128834356 0.042105263157894736
0 0.5075153374233129 0.387719298245614 0.003987730061349694 0.06666666666666667