0 0.350920245398773 0.30964912280701756 0.003067484662576687 0.05789473684210526
0 0.532361963190184 0.4280701754385965 0.003987730061349694 0.056140350877192984
0 0.4803680981595092 0.27280701754385966 0.003067484662576687 0.05087719298245614
0 0.5380368098159509 0.2236842105263158 0.0036809815950920245 0.05087719298245614
0 0.6386503067484662 0.21140350877192982 0.00245398773006135 0.043859649122807015
0 0.6627300613496933 0.2394736842105263 0.003374233128834356 0.04736842105263158
0 0.5523006134969325 0.2307017543859649 0.0027607361963190185 0.04035087719298246
0 0.65 0.37719298245614036 0.0036809815950920245 0.05964912280701754
0 0.6430981595092025 0.256140350877193 0.0027607361963190185 0.04912280701754386
0 0.5941717791411043 0.27631578947368424 0.003067484662576687 0.05087719298245614
0 0.5929447852760736 0.20175438596491227 0.00245398773006135 0.031578947368421054
0 0.5900306748466257 0.27631578947368424 0.003987730061349694 0.054385964912280704
0 0.7553680981595092 0.3219298245614035 0.003374233128834356 0.054385964912280704
0 0.7044478527607362 0.24912280701754386 0.003374233128834356 0.042105263157894736
0 0.6736196319018405 0.36929824561403507 0.0036809815950920245 0.05789473684210526
0 0.6661042944785276 0.24561403508771928 0.003987730061349694 0.0456140350877193
0 0.6496932515337424 0.22719298245614036 0.003067484662576687 0.04736842105263158
0 0.5622699386503067 0.4605263157894737 0.004294478527607362 0.06842105263157895
0 0.605521472392638 0.2964912280701754 0.003067484662576687 0.05263157894736842
0 0.5664110429447853 0.26052631578947366 0.0027607361963190185 0.043859649122807015
0 0.597239263803681 0.22017543859649122 0.004294478527607362 0.054385964912280704
0 0.5116564417177915 0.17456140350877192 0.00245398773006135 0.04035087719298246
0 0.533282208588957 0.2394736842105263 0.003987730061349694 0.04736842105263158