0 0.19662576687116565 0.4 0.003067484662576687 0.056140350877192984
0 0.1687116564417178 0.5456140350877193 0.0049079754601227 0.07719298245614035
0 0.31303680981595094 0.5008771929824561 0.004601226993865031 0.07192982456140351
0 0.28282208588957053 0.3587719298245614 0.0036809815950920245 0.05789473684210526
0 0.3615030674846626 0.27017543859649124 0.003374233128834356 0.05964912280701754
0 0.3852760736196319 0.3649122807017544 0.0036809815950920245 0.05964912280701754
0 0.4208588957055215 0.5517543859649123 0.0049079754601227 0.07192982456140351
0 0.47576687116564415 0.6105263157894737 0.005521472392638037 0.08070175438596491
0 0.5072085889570552 0.4807017543859649 0.004601226993865031 0.07017543859649122
0 0.4941717791411043 0.3868421052631579 0.0036809815950920245 0.06140350877192982
0 0.47745398773006137 0.24210526315789474 0.0027607361963190185 0.042105263157894736
0 0.42162576687116565 0.4070175438596491 0.004601226993865031 0.07719298245614035
0 0.6863496932515337 0.3394736842105263 0.003374233128834356 0.054385964912280704
0 0.5538343558282208 0.49912280701754386 0.004601226993865031 0.07192982456140351
0 0.49555214723926383 0.6605263157894737 0.005828220858895706 0.08596491228070176
0 0.5426380368098159 0.36666666666666664 0.0036809815950920245 0.05964912280701754
0 0.5032208588957056 0.26228070175438595 0.0027607361963190185 0.04736842105263158
0 0.33634969325153374 0.6631578947368421 0.005828220858895706 0.08421052631578947
0 0.49938650306748467 0.5324561403508772 0.0049079754601227 0.07543859649122807
0 0.36073619631901843 0.5201754385964912 0.0049079754601227 0.07192982456140351
0 0.4414110429447853 0.3736842105263158 0.0036809815950920245 0.05964912280701754
0 0.35521472392638037 0.28771929824561404 0.0036809815950920245 0.05964912280701754
0 0.17147239263803682 0.5456140350877193 0.006748466257668712 0.07368421052631578