0 0.2469325153374233 0.36578947368421055 0.00245398773006135 0.05789473684210526
0 0.3539877300613497 0.5508771929824562 0.0049079754601227 0.07368421052631578
0 0.3834355828220859 0.4728070175438597 0.004294478527607362 0.06140350877192982
0 0.347239263803681 0.45263157894736844 0.0049079754601227 0.07017543859649122
0 0.3918711656441718 0.29912280701754385 0.005214723926380368 0.06491228070175438
0 0.45812883435582824 0.39824561403508774 0.003987730061349694 0.05263157894736842
0 0.4331288343558282 0.5070175438596491 0.0036809815950920245 0.07017543859649122
0 0.45015337423312884 0.612280701754386 0.005214723926380368 0.07719298245614035
0 0.46365030674846625 0.512280701754386 0.004601226993865031 0.07368421052631578
0 0.5236196319018405 0.3701754385964912 0.0036809815950920245 0.05964912280701754
0 0.4427914110429448 0.22982456140350876 0.0027607361963190185 0.0456140350877193
0 0.4093558282208589 0.5456140350877193 0.004601226993865031 0.09473684210526316
0 0.7179447852760736 0.33771929824561403 0.003374233128834356 0.04035087719298246
0 0.5081288343558282 0.5105263157894737 0.004601226993865031 0.07368421052631578
0 0.42070552147239265 0.7596491228070176 0.006441717791411043 0.09824561403508772
0 0.6047546012269939 0.312280701754386 0.003374233128834356 0.04912280701754386
0 0.475920245398773 0.17982456140350878 0.002147239263803681 0.03333333333333333
0 0.34049079754601225 0.6868421052631579 0.006134969325153374 0.07894736842105263
0 0.4869631901840491 0.6412280701754386 0.005828220858895706 0.08596491228070176
0 0.41825153374233126 0.43508771929824563 0.003987730061349694 0.04912280701754386
0 0.5019938650306749 0.4307017543859649 0.003987730061349694 0.054385964912280704
0 0.4133435582822086 0.2657894736842105 0.003374233128834356 0.054385964912280704
0 0.3628834355828221 0.4710526315789474 0.004294478527607362 0.06491228070175438