0 0.24125766871165644 0.35964912280701755 0.0027607361963190185 0.05964912280701754
0 0.39478527607361963 0.643859649122807 0.005521472392638037 0.07368421052631578
0 0.4205521472392638 0.5342105263157895 0.004294478527607362 0.06491228070175438
0 0.39386503067484663 0.45087719298245615 0.004294478527607362 0.06666666666666667
0 0.41457055214723926 0.3263157894736842 0.003374233128834356 0.03508771929824561
0 0.44493865030674845 0.4789473684210526 0.004601226993865031 0.07017543859649122
0 0.4190184049079755 0.6456140350877193 0.005521472392638037 0.08070175438596491
0 0.4480061349693252 0.7035087719298245 0.005828220858895706 0.0912280701754386
0 0.5093558282208589 0.5412280701754386 0.004601226993865031 0.07543859649122807
0 0.5138036809815951 0.3798245614035088 0.0036809815950920245 0.05789473684210526
0 0.4357361963190184 0.2482456140350877 0.0027607361963190185 0.03684210526315789
0 0.40659509202453986 0.5035087719298246 0.003987730061349694 0.07017543859649122
0 0.7236196319018405 0.35526315789473684 0.0036809815950920245 0.05789473684210526
0 0.5484662576687117 0.5587719298245614 0.0049079754601227 0.07894736842105263
0 0.38052147239263806 0.7570175438596491 0.008282208588957056 0.11403508771929824
0 0.5539877300613497 0.3719298245614035 0.0036809815950920245 0.05964912280701754
0 0.5041411042944786 0.23421052631578948 0.0027607361963190185 0.043859649122807015
0 0.39754601226993863 0.724561403508772 0.006134969325153374 0.05964912280701754
0 0.4397239263803681 0.5350877192982456 0.003987730061349694 0.06666666666666667
0 0.4023006134969325 0.5763157894736842 0.004601226993865031 0.0824561403508772
0 0.4610429447852761 0.4649122807017544 0.004294478527607362 0.06666666666666667
0 0.42024539877300615 0.27280701754385966 0.004294478527607362 0.054385964912280704
0 0.3588957055214724 0.5701754385964912 0.005521472392638037 0.09824561403508772