0 0.3108895705521472 0.3263157894736842 0.003374233128834356 0.056140350877192984
0 0.6276073619631902 0.5973684210526315 0.0049079754601227 0.0824561403508772
0 0.4834355828220859 0.3649122807017544 0.0036809815950920245 0.05964912280701754
0 0.4845092024539877 0.29912280701754385 0.0027607361963190185 0.04736842105263158
0 0.5311349693251534 0.18859649122807018 0.0027607361963190185 0.043859649122807015
0 0.5552147239263804 0.35350877192982455 0.0036809815950920245 0.05789473684210526
0 0.5874233128834356 0.27017543859649124 0.003067484662576687 0.04912280701754386
0 0.48803680981595093 0.4807017543859649 0.004294478527607362 0.07017543859649122
0 0.6748466257668712 0.37719298245614036 0.0036809815950920245 0.05964912280701754
0 0.6475460122699387 0.3605263157894737 0.0036809815950920245 0.05789473684210526
0 0.6452453987730061 0.24298245614035088 0.0027607361963190185 0.04736842105263158
0 0.5831288343558282 0.4263157894736842 0.004294478527607362 0.07017543859649122
0 0.7226993865030675 0.3131578947368421 0.0036809815950920245 0.05087719298245614
0 0.7302147239263803 0.42719298245614035 0.003987730061349694 0.06491228070175438
0 0.6598159509202454 0.5982456140350877 0.005521472392638037 0.08070175438596491
0 0.6708588957055215 0.24385964912280703 0.003067484662576687 0.0456140350877193
0 0.6613496932515337 0.2675438596491228 0.003067484662576687 0.043859649122807015
0 0.6226993865030674 0.6508771929824562 0.005521472392638037 0.05964912280701754
0 0.6116564417177914 0.3850877192982456 0.0036809815950920245 0.06140350877192982
0 0.5567484662576687 0.3017543859649123 0.003067484662576687 0.04912280701754386
0 0.6038343558282209 0.26666666666666666 0.003374233128834356 0.0456140350877193
0 0.5519938650306748 0.1675438596491228 0.003987730061349694 0.043859649122807015
0 0.47791411042944787 0.3280701754385965 0.003067484662576687 0.05964912280701754