0 0.2883435582822086 0.3526315789473684 0.0036809815950920245 0.04912280701754386
0 0.49325153374233127 0.5859649122807018 0.0049079754601227 0.08070175438596491
0 0.47960122699386504 0.40964912280701754 0.003374233128834356 0.05789473684210526
0 0.4835889570552147 0.3201754385964912 0.003374233128834356 0.054385964912280704
0 0.49187116564417177 0.21140350877192982 0.003987730061349694 0.054385964912280704
0 0.5435582822085889 0.39210526315789473 0.0036809815950920245 0.05087719298245614
0 0.5349693251533743 0.2894736842105263 0.003067484662576687 0.0456140350877193
0 0.5970858895705522 0.5105263157894737 0.004601226993865031 0.07368421052631578
0 0.6457055214723927 0.3824561403508772 0.0036809815950920245 0.056140350877192984
0 0.6512269938650307 0.28596491228070176 0.003067484662576687 0.04912280701754386
0 0.5776073619631902 0.21666666666666667 0.00245398773006135 0.043859649122807015
0 0.5374233128834356 0.4043859649122807 0.003067484662576687 0.054385964912280704
0 0.7483128834355828 0.3394736842105263 0.003374233128834356 0.05087719298245614
0 0.7664110429447852 0.5070175438596491 0.004601226993865031 0.07368421052631578
0 0.6736196319018405 0.7166666666666667 0.006134969325153374 0.09298245614035087
0 0.6766871165644172 0.2324561403508772 0.003067484662576687 0.03684210526315789
0 0.5687116564417178 0.1763157894736842 0.003067484662576687 0.043859649122807015
0 0.49739263803680983 0.6482456140350877 0.005828220858895706 0.08596491228070176
0 0.5906441717791411 0.4236842105263158 0.003987730061349694 0.06491228070175438
0 0.5053680981595092 0.3368421052631579 0.003374233128834356 0.056140350877192984
0 0.6150306748466258 0.3017543859649123 0.003067484662576687 0.05263157894736842
0 0.49555214723926383 0.17543859649122806 0.003374233128834356 0.0456140350877193
0 0.47960122699386504 0.39035087719298245 0.003987730061349694 0.06491228070175438