0 0.3544478527607362 0.31666666666666665 0.003374233128834356 0.054385964912280704
0 0.6260736196319019 0.46403508771929824 0.004294478527607362 0.06491228070175438
0 0.5476993865030675 0.3385964912280702 0.003374233128834356 0.056140350877192984
0 0.5257668711656441 0.25526315789473686 0.003067484662576687 0.04736842105263158
0 0.656441717791411 0.20087719298245615 0.00245398773006135 0.03333333333333333
0 0.6849693251533743 0.24561403508771928 0.0036809815950920245 0.03859649122807018
0 0.5918711656441717 0.25 0.0027607361963190185 0.043859649122807015
0 0.7082822085889571 0.3798245614035088 0.0036809815950920245 0.05789473684210526
0 0.7050613496932515 0.3263157894736842 0.003987730061349694 0.05263157894736842
0 0.6450920245398774 0.2894736842105263 0.003067484662576687 0.05263157894736842
0 0.5823619631901841 0.18421052631578946 0.0027607361963190185 0.03859649122807018
0 0.6315950920245399 0.2394736842105263 0.0036809815950920245 0.054385964912280704
0 0.7680981595092025 0.32456140350877194 0.0049079754601227 0.056140350877192984
0 0.7107361963190184 0.29210526315789476 0.004294478527607362 0.054385964912280704
0 0.7223926380368099 0.356140350877193 0.004294478527607362 0.05964912280701754
0 0.6806748466257668 0.24561403508771928 0.0036809815950920245 0.05263157894736842
0 0.6746932515337424 0.23157894736842105 0.0027607361963190185 0.03859649122807018
0 0.6815950920245398 0.443859649122807 0.004294478527607362 0.06666666666666667
0 0.6638036809815951 0.3 0.003067484662576687 0.05263157894736842
0 0.6437116564417178 0.2517543859649123 0.003987730061349694 0.04736842105263158
0 0.6294478527607362 0.22631578947368422 0.0036809815950920245 0.04912280701754386
0 0.601840490797546 0.18596491228070175 0.003067484662576687 0.042105263157894736
0 0.5299079754601227 0.29210526315789476 0.003374233128834356 0.054385964912280704