0 0.3072085889570552 0.3263157894736842 0.003374233128834356 0.056140350877192984
0 0.633282208588957 0.6587719298245615 0.005828220858895706 0.0824561403508772
0 0.46932515337423314 0.38333333333333336 0.0036809815950920245 0.04736842105263158
0 0.475 0.23596491228070177 0.0027607361963190185 0.04736842105263158
0 0.5276073619631901 0.18157894736842106 0.003067484662576687 0.04035087719298246
0 0.5127300613496932 0.3798245614035088 0.003374233128834356 0.05789473684210526
0 0.5661042944785276 0.24035087719298245 0.0027607361963190185 0.03859649122807018
0 0.5585889570552147 0.45789473684210524 0.004294478527607362 0.05964912280701754
0 0.623159509202454 0.33421052631578946 0.003987730061349694 0.054385964912280704
0 0.5173312883435582 0.3543859649122807 0.003374233128834356 0.05263157894736842
0 0.5957055214723926 0.193859649122807 0.00245398773006135 0.04035087719298246
0 0.5409509202453988 0.2517543859649123 0.0027607361963190185 0.043859649122807015
0 0.7648773006134969 0.34649122807017546 0.003374233128834356 0.05789473684210526
0 0.6401840490797546 0.3736842105263158 0.0036809815950920245 0.05964912280701754
0 0.5806748466257668 0.4473684210526316 0.004294478527607362 0.05964912280701754
0 0.6197852760736197 0.3 0.004601226993865031 0.056140350877192984
0 0.6053680981595092 0.23157894736842105 0.003987730061349694 0.03859649122807018
0 0.6128834355828221 0.5508771929824562 0.0049079754601227 0.06315789473684211
0 0.5331288343558283 0.3631578947368421 0.0036809815950920245 0.05964912280701754
0 0.5397239263803681 0.2675438596491228 0.003374233128834356 0.04736842105263158
0 0.5789877300613497 0.3131578947368421 0.0027607361963190185 0.043859649122807015
0 0.5475460122699386 0.1850877192982456 0.003067484662576687 0.04035087719298246
0 0.4938650306748466 0.2868421052631579 0.003067484662576687 0.043859649122807015