0 0.32653374233128835 0.3236842105263158 0.003374233128834356 0.05789473684210526
0 0.5627300613496933 0.5728070175438597 0.005214723926380368 0.07894736842105263
0 0.5147239263803681 0.3649122807017544 0.0036809815950920245 0.05964912280701754
0 0.5093558282208589 0.2482456140350877 0.0027607361963190185 0.04736842105263158
0 0.657361963190184 0.18421052631578946 0.0036809815950920245 0.03508771929824561
0 0.5493865030674847 0.22105263157894736 0.00245398773006135 0.03859649122807018
0 0.5742331288343558 0.30701754385964913 0.003067484662576687 0.0456140350877193
0 0.7207055214723926 0.41578947368421054 0.004601226993865031 0.06666666666666667
0 0.6404907975460122 0.23859649122807017 0.003067484662576687 0.03508771929824561
0 0.6811349693251534 0.3236842105263158 0.003374233128834356 0.05789473684210526
0 0.6088957055214724 0.18596491228070175 0.0036809815950920245 0.042105263157894736
0 0.6079754601226994 0.23508771929824562 0.004294478527607362 0.056140350877192984
0 0.7739263803680981 0.3280701754385965 0.004294478527607362 0.05263157894736842
0 0.7007668711656442 0.31842105263157894 0.003987730061349694 0.054385964912280704
0 0.7207055214723926 0.3956140350877193 0.003987730061349694 0.06140350877192982
0 0.6690184049079755 0.23421052631578948 0.004294478527607362 0.05087719298245614
0 0.6533742331288344 0.20701754385964913 0.004294478527607362 0.042105263157894736
0 0.6621165644171779 0.4956140350877193 0.004601226993865031 0.07192982456140351
0 0.661042944785276 0.3087719298245614 0.003067484662576687 0.03859649122807018
0 0.5792944785276074 0.26052631578947366 0.0027607361963190185 0.04736842105263158
0 0.6400306748466258 0.2596491228070175 0.003987730061349694 0.04912280701754386
0 0.6182515337423313 0.20175438596491227 0.003374233128834356 0.042105263157894736
0 0.5392638036809816 0.3526315789473684 0.0036809815950920245 0.056140350877192984