0 0.25122699386503067 0.3868421052631579 0.005521472392638037 0.06140350877192982
0 0.5226993865030675 0.718421052631579 0.006134969325153374 0.08947368421052632
0 0.4128834355828221 0.5491228070175439 0.0049079754601227 0.07719298245614035
0 0.4559815950920245 0.3263157894736842 0.003374233128834356 0.056140350877192984
0 0.49263803680981594 0.20701754385964913 0.00245398773006135 0.042105263157894736
0 0.5013803680981596 0.5561403508771929 0.003374233128834356 0.07368421052631578
0 0.5211656441717791 0.36140350877192984 0.0036809815950920245 0.056140350877192984
0 0.6503067484662577 0.5605263157894737 0.0049079754601227 0.07543859649122807
0 0.6703987730061349 0.7473684210526316 0.006441717791411043 0.08421052631578947
0 0.595398773006135 0.3701754385964912 0.0036809815950920245 0.05964912280701754
0 0.5823619631901841 0.23508771929824562 0.004601226993865031 0.05263157894736842
0 0.5521472392638037 0.36578947368421055 0.003067484662576687 0.05087719298245614
0 0.75 0.3570175438596491 0.0036809815950920245 0.05789473684210526
0 0.6811349693251534 0.5657894736842105 0.005214723926380368 0.07894736842105263
0 0.6547546012269939 0.7157894736842105 0.008282208588957056 0.08771929824561403
0 0.6510736196319018 0.42280701754385963 0.003987730061349694 0.05263157894736842
0 0.6104294478527608 0.29385964912280704 0.003067484662576687 0.04736842105263158
0 0.5493865030674847 0.7271929824561404 0.006134969325153374 0.06140350877192982
0 0.591717791411043 0.5973684210526315 0.005521472392638037 0.0824561403508772
0 0.503680981595092 0.5333333333333333 0.005521472392638037 0.07719298245614035
0 0.5819018404907975 0.44912280701754387 0.004294478527607362 0.06315789473684211
0 0.549079754601227 0.26666666666666666 0.003067484662576687 0.042105263157894736
0 0.46702453987730064 0.5745614035087719 0.005214723926380368 0.07894736842105263