0 0.2549079754601227 0.362280701754386 0.004294478527607362 0.05789473684210526
0 0.4820552147239264 0.7359649122807017 0.006441717791411043 0.08596491228070176
0 0.4176380368098159 0.5140350877192983 0.004601226993865031 0.07017543859649122
0 0.4397239263803681 0.30526315789473685 0.003374233128834356 0.05263157894736842
0 0.48466257668711654 0.18947368421052632 0.00245398773006135 0.028070175438596492
0 0.4682515337423313 0.48157894736842105 0.003374233128834356 0.05789473684210526
0 0.504601226993865 0.3087719298245614 0.003067484662576687 0.0456140350877193
0 0.5849693251533742 0.5464912280701755 0.006134969325153374 0.06842105263157895
0 0.621319018404908 0.6105263157894737 0.005214723926380368 0.07719298245614035
0 0.5865030674846625 0.35526315789473684 0.0036809815950920245 0.05789473684210526
0 0.5650306748466257 0.21666666666666667 0.0036809815950920245 0.05087719298245614
0 0.5366564417177914 0.3298245614035088 0.003374233128834356 0.056140350877192984
0 0.7406441717791411 0.35526315789473684 0.003374233128834356 0.05789473684210526
0 0.632361963190184 0.5605263157894737 0.005214723926380368 0.07894736842105263
0 0.5914110429447853 0.6052631578947368 0.006134969325153374 0.06666666666666667
0 0.6138036809815951 0.3798245614035088 0.0036809815950920245 0.06140350877192982
0 0.5901840490797546 0.2771929824561403 0.003067484662576687 0.0456140350877193
0 0.5111963190184049 0.6728070175438596 0.005828220858895706 0.08596491228070176
0 0.5501533742331288 0.5210526315789473 0.004601226993865031 0.07368421052631578
0 0.48067484662576687 0.4517543859649123 0.004294478527607362 0.06491228070175438
0 0.5608895705521473 0.39210526315789473 0.003987730061349694 0.06140350877192982
0 0.5282208588957055 0.2517543859649123 0.0036809815950920245 0.04736842105263158
0 0.4438650306748466 0.5228070175438596 0.0049079754601227 0.07368421052631578