0 0.32745398773006135 0.3280701754385965 0.003374233128834356 0.056140350877192984
0 0.7470858895705521 0.656140350877193 0.007668711656441718 0.10877192982456141
0 0.48895705521472393 0.37719298245614036 0.0036809815950920245 0.05964912280701754
0 0.4834355828220859 0.29210526315789476 0.003067484662576687 0.04736842105263158
0 0.5515337423312884 0.18859649122807018 0.0036809815950920245 0.05087719298245614
0 0.5613496932515337 0.3482456140350877 0.0036809815950920245 0.05789473684210526
0 0.6047546012269939 0.25877192982456143 0.003374233128834356 0.043859649122807015
0 0.5280674846625767 0.47543859649122805 0.004601226993865031 0.06666666666666667
0 0.6950920245398773 0.3798245614035088 0.0036809815950920245 0.06140350877192982
0 0.6992331288343558 0.356140350877193 0.003374233128834356 0.04912280701754386
0 0.6587423312883436 0.24385964912280703 0.003374233128834356 0.04912280701754386
0 0.6237730061349693 0.393859649122807 0.003987730061349694 0.06491228070175438
0 0.7142638036809816 0.2868421052631579 0.0027607361963190185 0.04736842105263158
0 0.7159509202453987 0.3824561403508772 0.004294478527607362 0.05964912280701754
0 0.6835889570552147 0.5657894736842105 0.005214723926380368 0.07543859649122807
0 0.6854294478527607 0.2675438596491228 0.0027607361963190185 0.043859649122807015
0 0.7007668711656442 0.29035087719298247 0.004601226993865031 0.05087719298245614
0 0.7271472392638036 0.637719298245614 0.005214723926380368 0.08596491228070176
0 0.6469325153374234 0.3701754385964912 0.0036809815950920245 0.05964912280701754
0 0.589877300613497 0.2982456140350877 0.003067484662576687 0.05263157894736842
0 0.6144171779141104 0.2412280701754386 0.0036809815950920245 0.05087719298245614
0 0.5789877300613497 0.156140350877193 0.003374233128834356 0.042105263157894736
0 0.4799079754601227 0.3192982456140351 0.003987730061349694 0.056140350877192984