0 0.25950920245398773 0.3429824561403509 0.003067484662576687 0.054385964912280704
0 0.4226993865030675 0.45526315789473687 0.004294478527607362 0.05789473684210526
0 0.43757668711656444 0.3798245614035088 0.003374233128834356 0.05789473684210526
0 0.448159509202454 0.30964912280701756 0.003067484662576687 0.054385964912280704
0 0.4450920245398773 0.22894736842105262 0.00245398773006135 0.03684210526315789
0 0.48144171779141104 0.41578947368421054 0.004601226993865031 0.08070175438596491
0 0.49647239263803683 0.2894736842105263 0.003374233128834356 0.04912280701754386
0 0.49325153374233127 0.512280701754386 0.0049079754601227 0.06315789473684211
0 0.5751533742331288 0.3543859649122807 0.0036809815950920245 0.042105263157894736
0 0.5720858895705522 0.28157894736842104 0.003067484662576687 0.05087719298245614
0 0.5070552147239263 0.22280701754385965 0.00245398773006135 0.03859649122807018
0 0.4780674846625767 0.43333333333333335 0.003374233128834356 0.07719298245614035
0 0.7124233128834356 0.3236842105263158 0.003374233128834356 0.054385964912280704
0 0.5911042944785276 0.3649122807017544 0.0036809815950920245 0.04912280701754386
0 0.560122699386503 0.6877192982456141 0.006134969325153374 0.0912280701754386
0 0.6016871165644172 0.2578947368421053 0.0027607361963190185 0.04912280701754386
0 0.5154907975460122 0.1692982456140351 0.0027607361963190185 0.03684210526315789
0 0.4134969325153374 0.5236842105263158 0.0049079754601227 0.07543859649122807
0 0.4946319018404908 0.493859649122807 0.003987730061349694 0.07192982456140351
0 0.5006134969325153 0.2736842105263158 0.003067484662576687 0.05263157894736842
0 0.4691717791411043 0.35350877192982455 0.003987730061349694 0.05789473684210526
0 0.4503067484662577 0.1912280701754386 0.00245398773006135 0.03859649122807018
0 0.4273006134969325 0.33771929824561403 0.0036809815950920245 0.054385964912280704