0 0.2504601226993865 0.3570175438596491 0.004601226993865031 0.07192982456140351
0 0.4012269938650307 0.6885964912280702 0.006134969325153374 0.09649122807017543
0 0.3806748466257669 0.5885964912280702 0.0049079754601227 0.08947368421052632
0 0.4110429447852761 0.39210526315789473 0.003067484662576687 0.05789473684210526
0 0.42914110429447855 0.2885964912280702 0.003067484662576687 0.05087719298245614
0 0.44969325153374234 0.5324561403508772 0.0049079754601227 0.07543859649122807
0 0.4553680981595092 0.42105263157894735 0.003987730061349694 0.056140350877192984
0 0.502760736196319 0.6596491228070176 0.005521472392638037 0.08421052631578947
0 0.5716257668711656 0.443859649122807 0.003987730061349694 0.06666666666666667
0 0.5145705521472392 0.44912280701754387 0.003987730061349694 0.06666666666666667
0 0.5035276073619632 0.23157894736842105 0.0027607361963190185 0.042105263157894736
0 0.45 0.49736842105263157 0.004294478527607362 0.07894736842105263
0 0.717638036809816 0.34210526315789475 0.003374233128834356 0.05263157894736842
0 0.5960122699386503 0.537719298245614 0.0049079754601227 0.07543859649122807
0 0.5493865030674847 0.7131578947368421 0.006134969325153374 0.09298245614035087
0 0.5792944785276074 0.3254385964912281 0.005214723926380368 0.06491228070175438
0 0.5430981595092025 0.2543859649122807 0.0027607361963190185 0.0456140350877193
0 0.39309815950920246 0.7473684210526316 0.005828220858895706 0.10175438596491228
0 0.5053680981595092 0.49912280701754386 0.004601226993865031 0.05789473684210526
0 0.46717791411042947 0.3543859649122807 0.004294478527607362 0.05263157894736842
0 0.5424846625766871 0.4710526315789474 0.003374233128834356 0.06842105263157895
0 0.4466257668711656 0.1912280701754386 0.0036809815950920245 0.04912280701754386
0 0.3782208588957055 0.6350877192982456 0.004294478527607362 0.07719298245614035