0 0.2156441717791411 0.3973684210526316 0.0036809815950920245 0.06491228070175438
0 0.25 0.775438596491228 0.006748466257668712 0.09824561403508772
0 0.23190184049079754 0.6263157894736842 0.005521472392638037 0.08421052631578947
0 0.33404907975460124 0.4587719298245614 0.004294478527607362 0.06842105263157895
0 0.36180981595092027 0.3543859649122807 0.003374233128834356 0.04912280701754386
0 0.3056748466257669 0.6482456140350877 0.005828220858895706 0.08596491228070176
0 0.37377300613496933 0.5473684210526316 0.004601226993865031 0.07719298245614035
0 0.4157975460122699 0.65 0.005828220858895706 0.08947368421052632
0 0.48021472392638037 0.6973684210526315 0.005828220858895706 0.08596491228070176
0 0.4799079754601227 0.4166666666666667 0.003987730061349694 0.05087719298245614
0 0.49647239263803683 0.34035087719298246 0.003374233128834356 0.056140350877192984
0 0.4279141104294479 0.49122807017543857 0.004294478527607362 0.07719298245614035
0 0.7052147239263804 0.3763157894736842 0.0036809815950920245 0.05789473684210526
0 0.5081288343558282 0.6745614035087719 0.005828220858895706 0.08947368421052632
0 0.45383435582822085 0.6964912280701754 0.005214723926380368 0.0912280701754386
0 0.5279141104294478 0.4675438596491228 0.004294478527607362 0.06842105263157895
0 0.5038343558282209 0.34035087719298246 0.003374233128834356 0.05263157894736842
0 0.3880368098159509 0.7219298245614035 0.006134969325153374 0.09298245614035087
0 0.3253067484662577 0.6614035087719298 0.004601226993865031 0.08421052631578947
0 0.3530674846625767 0.4789473684210526 0.004294478527607362 0.06666666666666667
0 0.3983128834355828 0.5587719298245614 0.005214723926380368 0.07192982456140351
0 0.37438650306748467 0.37280701754385964 0.003374233128834356 0.06140350877192982
0 0.25766871165644173 0.612280701754386 0.006748466257668712 0.08070175438596491