0 0.2523006134969325 0.3675438596491228 0.003374233128834356 0.054385964912280704
0 0.4111963190184049 0.5973684210526315 0.005214723926380368 0.0824561403508772
0 0.4032208588957055 0.5912280701754385 0.005214723926380368 0.08070175438596491
0 0.4102760736196319 0.4245614035087719 0.003987730061349694 0.06315789473684211
0 0.4233128834355828 0.3 0.003067484662576687 0.05263157894736842
0 0.49877300613496933 0.5561403508771929 0.0049079754601227 0.07719298245614035
0 0.46042944785276074 0.4921052631578947 0.004294478527607362 0.06140350877192982
0 0.5136503067484662 0.6526315789473685 0.005828220858895706 0.08421052631578947
0 0.6162576687116564 0.5973684210526315 0.005521472392638037 0.0824561403508772
0 0.5363496932515337 0.4842105263157895 0.004601226993865031 0.056140350877192984
0 0.48374233128834354 0.2657894736842105 0.003067484662576687 0.043859649122807015
0 0.45245398773006135 0.47368421052631576 0.0036809815950920245 0.056140350877192984
0 0.7193251533742331 0.36140350877192984 0.0036809815950920245 0.05964912280701754
0 0.6184049079754601 0.5228070175438596 0.0049079754601227 0.07368421052631578
0 0.3418711656441718 0.6824561403508772 0.005828220858895706 0.08421052631578947
0 0.616717791411043 0.3263157894736842 0.003374233128834356 0.056140350877192984
0 0.5365030674846626 0.22105263157894736 0.00245398773006135 0.042105263157894736
0 0.4226993865030675 0.537719298245614 0.0049079754601227 0.07543859649122807
0 0.5411042944785276 0.5482456140350878 0.0049079754601227 0.07543859649122807
0 0.4691717791411043 0.3456140350877193 0.003374233128834356 0.05263157894736842
0 0.5225460122699387 0.42894736842105263 0.003987730061349694 0.06491228070175438
0 0.44585889570552145 0.19912280701754387 0.004601226993865031 0.05789473684210526
0 0.4736196319018405 0.7140350877192982 0.006748466257668712 0.08771929824561403