0 0.25674846625766873 0.3447368421052632 0.003067484662576687 0.05789473684210526
0 0.40659509202453986 0.4956140350877193 0.004601226993865031 0.07192982456140351
0 0.42392638036809815 0.3868421052631579 0.0036809815950920245 0.06140350877192982
0 0.4242331288343558 0.31491228070175437 0.0036809815950920245 0.06140350877192982
0 0.4368098159509202 0.21228070175438596 0.00245398773006135 0.031578947368421054
0 0.48052147239263804 0.4280701754385965 0.003987730061349694 0.056140350877192984
0 0.47607361963190187 0.2964912280701754 0.003067484662576687 0.042105263157894736
0 0.48512269938650304 0.5201754385964912 0.004601226993865031 0.07192982456140351
0 0.5184049079754601 0.3868421052631579 0.0036809815950920245 0.04736842105263158
0 0.5317484662576687 0.26842105263157895 0.0027607361963190185 0.04912280701754386
0 0.48236196319018404 0.23596491228070177 0.0027607361963190185 0.04736842105263158
0 0.471319018404908 0.443859649122807 0.003987730061349694 0.06666666666666667
0 0.7050613496932515 0.3298245614035088 0.003374233128834356 0.056140350877192984
0 0.5789877300613497 0.42719298245614035 0.003987730061349694 0.06491228070175438
0 0.5587423312883436 0.7368421052631579 0.006441717791411043 0.09473684210526316
0 0.5791411042944785 0.26666666666666666 0.003067484662576687 0.04912280701754386
0 0.5111963190184049 0.17280701754385966 0.002147239263803681 0.03333333333333333
0 0.40475460122699386 0.5675438596491228 0.005214723926380368 0.07894736842105263
0 0.4874233128834356 0.4710526315789474 0.004294478527607362 0.07192982456140351
0 0.4958588957055215 0.2614035087719298 0.0027607361963190185 0.0456140350877193
0 0.47883435582822087 0.35 0.0036809815950920245 0.05789473684210526
0 0.4415644171779141 0.19298245614035087 0.0027607361963190185 0.03859649122807018
0 0.4263803680981595 0.3236842105263158 0.003067484662576687 0.05087719298245614