0 0.24877300613496933 0.3587719298245614 0.0036809815950920245 0.06491228070175438
0 0.36134969325153377 0.6219298245614036 0.005521472392638037 0.06140350877192982
0 0.4067484662576687 0.49736842105263157 0.004294478527607362 0.07192982456140351
0 0.39493865030674846 0.4342105263157895 0.003987730061349694 0.054385964912280704
0 0.4093558282208589 0.3140350877192982 0.003374233128834356 0.042105263157894736
0 0.43604294478527605 0.42894736842105263 0.003987730061349694 0.06491228070175438
0 0.4187116564417178 0.6043859649122807 0.005521472392638037 0.07192982456140351
0 0.42760736196319016 0.6815789473684211 0.006134969325153374 0.08947368421052632
0 0.5165644171779141 0.5394736842105263 0.0049079754601227 0.06842105263157895
0 0.505521472392638 0.3780701754385965 0.0036809815950920245 0.05087719298245614
0 0.4427914110429448 0.25 0.0027607361963190185 0.04736842105263158
0 0.4092024539877301 0.5008771929824561 0.004294478527607362 0.07543859649122807
0 0.7141104294478527 0.34649122807017546 0.0036809815950920245 0.05789473684210526
0 0.5719325153374233 0.5912280701754385 0.005214723926380368 0.08070175438596491
0 0.36119631901840493 0.7771929824561403 0.007668711656441718 0.10175438596491228
0 0.5674846625766872 0.35175438596491226 0.0036809815950920245 0.05789473684210526
0 0.5047546012269939 0.23421052631578948 0.0027607361963190185 0.043859649122807015
0 0.3911042944785276 0.7043859649122807 0.006134969325153374 0.09298245614035087
0 0.4661042944785276 0.5885964912280702 0.005828220858895706 0.07543859649122807
0 0.401840490797546 0.5614035087719298 0.0049079754601227 0.07719298245614035
0 0.47346625766871164 0.39824561403508774 0.003987730061349694 0.056140350877192984
0 0.425 0.26228070175438595 0.003374233128834356 0.05087719298245614
0 0.37147239263803683 0.5359649122807018 0.005521472392638037 0.1