0 0.350920245398773 0.312280701754386 0.00245398773006135 0.05263157894736842
0 0.6130368098159509 0.47368421052631576 0.004601226993865031 0.06666666666666667
0 0.5492331288343558 0.33596491228070174 0.003374233128834356 0.054385964912280704
0 0.5176380368098159 0.2543859649122807 0.0027607361963190185 0.04912280701754386
0 0.6199386503067484 0.1780701754385965 0.003067484662576687 0.04035087719298246
0 0.6245398773006134 0.2219298245614035 0.003067484662576687 0.03333333333333333
0 0.5857361963190184 0.23771929824561402 0.0027607361963190185 0.04035087719298246
0 0.6829754601226994 0.3929824561403509 0.003987730061349694 0.06666666666666667
0 0.6806748466257668 0.34035087719298246 0.0036809815950920245 0.056140350877192984
0 0.6386503067484662 0.26666666666666666 0.003067484662576687 0.04912280701754386
0 0.5739263803680982 0.1780701754385965 0.0018404907975460123 0.03333333333333333
0 0.6104294478527608 0.2324561403508772 0.0036809815950920245 0.05087719298245614
0 0.7737730061349694 0.33596491228070174 0.003374233128834356 0.03333333333333333
0 0.6736196319018405 0.2982456140350877 0.003067484662576687 0.05263157894736842
0 0.7001533742331288 0.38596491228070173 0.004601226993865031 0.07017543859649122
0 0.6506134969325154 0.2394736842105263 0.004294478527607362 0.04736842105263158
0 0.6309815950920246 0.20526315789473684 0.00245398773006135 0.03508771929824561
0 0.648159509202454 0.44035087719298244 0.004294478527607362 0.06666666666666667
0 0.6516871165644171 0.3201754385964912 0.003374233128834356 0.054385964912280704
0 0.6029141104294479 0.22719298245614036 0.003374233128834356 0.04035087719298246
0 0.6064417177914111 0.20614035087719298 0.0036809815950920245 0.043859649122807015
0 0.5842024539877301 0.18771929824561404 0.0027607361963190185 0.042105263157894736
0 0.5309815950920246 0.29385964912280704 0.004294478527607362 0.054385964912280704