0 0.29141104294478526 0.3298245614035088 0.0036809815950920245 0.06315789473684211
0 0.4808282208588957 0.48947368421052634 0.004601226993865031 0.07017543859649122
0 0.4831288343558282 0.3649122807017544 0.003067484662576687 0.05964912280701754
0 0.4883435582822086 0.2912280701754386 0.003067484662576687 0.05263157894736842
0 0.49923312883435583 0.22105263157894736 0.0027607361963190185 0.0456140350877193
0 0.6378834355828221 0.2850877192982456 0.003987730061349694 0.054385964912280704
0 0.5429447852760736 0.2736842105263158 0.003067484662576687 0.042105263157894736
0 0.5719325153374233 0.4921052631578947 0.004601226993865031 0.07192982456140351
0 0.662883435582822 0.43333333333333335 0.004294478527607362 0.06666666666666667
0 0.6223926380368098 0.21929824561403508 0.00245398773006135 0.0456140350877193
0 0.558282208588957 0.19824561403508772 0.00245398773006135 0.042105263157894736
0 0.5466257668711656 0.35 0.0036809815950920245 0.05789473684210526
0 0.748159509202454 0.30350877192982456 0.003067484662576687 0.05263157894736842
0 0.7039877300613497 0.45526315789473687 0.004294478527607362 0.06842105263157895
0 0.6092024539877301 0.6833333333333333 0.006134969325153374 0.08947368421052632
0 0.625920245398773 0.18070175438596492 0.002147239263803681 0.031578947368421054
0 0.531441717791411 0.1649122807017544 0.002147239263803681 0.03508771929824561
0 0.48803680981595093 0.631578947368421 0.005521472392638037 0.08421052631578947
0 0.6208588957055214 0.37543859649122807 0.0036809815950920245 0.05964912280701754
0 0.5256134969325154 0.24912280701754386 0.0027607361963190185 0.042105263157894736
0 0.6383435582822086 0.29473684210526313 0.0049079754601227 0.05964912280701754
0 0.5104294478527608 0.19912280701754387 0.003067484662576687 0.043859649122807015
0 0.4812883435582822 0.33157894736842103 0.004294478527607362 0.06315789473684211