0 0.2892638036809816 0.3254385964912281 0.0036809815950920245 0.06491228070175438
0 0.4794478527607362 0.47017543859649125 0.004294478527607362 0.07017543859649122
0 0.48190184049079754 0.34210526315789475 0.003067484662576687 0.056140350877192984
0 0.47960122699386504 0.26052631578947366 0.002147239263803681 0.04736842105263158
0 0.4938650306748466 0.1912280701754386 0.003067484662576687 0.03859649122807018
0 0.6128834355828221 0.2649122807017544 0.003067484662576687 0.04912280701754386
0 0.5317484662576687 0.23859649122807017 0.0027607361963190185 0.042105263157894736
0 0.55920245398773 0.4473684210526316 0.004294478527607362 0.05964912280701754
0 0.6486196319018405 0.3929824561403509 0.003987730061349694 0.056140350877192984
0 0.6144171779141104 0.19649122807017544 0.00245398773006135 0.042105263157894736
0 0.558282208588957 0.18859649122807018 0.00245398773006135 0.04035087719298246
0 0.5492331288343558 0.31842105263157894 0.003374233128834356 0.054385964912280704
0 0.7334355828220859 0.2754385964912281 0.003067484662576687 0.04912280701754386
0 0.6992331288343558 0.42543859649122806 0.003987730061349694 0.06491228070175438
0 0.6142638036809815 0.6412280701754386 0.005828220858895706 0.08596491228070176
0 0.620398773006135 0.1780701754385965 0.002147239263803681 0.02631578947368421
0 0.5303680981595092 0.1587719298245614 0.003067484662576687 0.04035087719298246
0 0.4869631901840491 0.5745614035087719 0.005214723926380368 0.07894736842105263
0 0.6087423312883435 0.3350877192982456 0.003374233128834356 0.056140350877192984
0 0.5032208588957056 0.22719298245614036 0.0027607361963190185 0.04035087719298246
0 0.6081288343558282 0.2578947368421053 0.003374233128834356 0.05263157894736842
0 0.5217791411042945 0.19298245614035087 0.0036809815950920245 0.0456140350877193
0 0.4794478527607362 0.3026315789473684 0.003067484662576687 0.05789473684210526