0 0.2889570552147239 0.3394736842105263 0.004294478527607362 0.054385964912280704
0 0.4897239263803681 0.5035087719298246 0.004601226993865031 0.06315789473684211
0 0.48052147239263804 0.362280701754386 0.003374233128834356 0.054385964912280704
0 0.4843558282208589 0.28157894736842104 0.003067484662576687 0.05087719298245614
0 0.4929447852760736 0.19824561403508772 0.003067484662576687 0.0456140350877193
0 0.5480061349693252 0.3307017543859649 0.003374233128834356 0.05789473684210526
0 0.5308282208588957 0.2394736842105263 0.0027607361963190185 0.04035087719298246
0 0.5835889570552147 0.42719298245614035 0.003987730061349694 0.05789473684210526
0 0.6196319018404908 0.3043859649122807 0.003067484662576687 0.03684210526315789
0 0.6486196319018405 0.2482456140350877 0.0027607361963190185 0.04736842105263158
0 0.5914110429447853 0.2 0.00245398773006135 0.03508771929824561
0 0.5368098159509203 0.35350877192982455 0.003067484662576687 0.05087719298245614
0 0.7262269938650306 0.30964912280701756 0.003374233128834356 0.054385964912280704
0 0.744478527607362 0.4631578947368421 0.0049079754601227 0.07017543859649122
0 0.6553680981595092 0.6043859649122807 0.005214723926380368 0.0824561403508772
0 0.6806748466257668 0.21228070175438596 0.003067484662576687 0.03859649122807018
0 0.5831288343558282 0.17105263157894737 0.0036809815950920245 0.05087719298245614
0 0.5079754601226993 0.5491228070175439 0.0049079754601227 0.07719298245614035
0 0.5969325153374233 0.35 0.0036809815950920245 0.05789473684210526
0 0.5041411042944786 0.312280701754386 0.003374233128834356 0.05263157894736842
0 0.6072085889570552 0.25 0.003374233128834356 0.043859649122807015
0 0.48773006134969327 0.17105263157894737 0.003067484662576687 0.043859649122807015
0 0.48067484662576687 0.3473684210526316 0.003067484662576687 0.05964912280701754