0 0.2254601226993865 0.3219298245614035 0.00245398773006135 0.054385964912280704
0 0.26273006134969323 0.4263157894736842 0.003987730061349694 0.06666666666666667
0 0.26625766871165646 0.3675438596491228 0.00245398773006135 0.04736842105263158
0 0.27223926380368096 0.29035087719298247 0.003374233128834356 0.05789473684210526
0 0.30030674846625766 0.20789473684210527 0.0036809815950920245 0.043859649122807015
0 0.3200920245398773 0.3429824561403509 0.003987730061349694 0.06140350877192982
0 0.3170245398773006 0.29035087719298247 0.003374233128834356 0.04736842105263158
0 0.37070552147239266 0.5096491228070176 0.004601226993865031 0.06140350877192982
0 0.5099693251533742 0.4043859649122807 0.003987730061349694 0.06140350877192982
0 0.4237730061349693 0.34035087719298246 0.003374233128834356 0.056140350877192984
0 0.3200920245398773 0.21754385964912282 0.003374233128834356 0.042105263157894736
0 0.3530674846625767 0.3824561403508772 0.004294478527607362 0.07368421052631578
0 0.6854294478527607 0.3201754385964912 0.0027607361963190185 0.05087719298245614
0 0.5200920245398774 0.3956140350877193 0.003987730061349694 0.06140350877192982
0 0.4294478527607362 0.5289473684210526 0.0049079754601227 0.07192982456140351
0 0.5116564417177915 0.27456140350877195 0.003067484662576687 0.05087719298245614
0 0.45429447852760735 0.20350877192982456 0.00245398773006135 0.03859649122807018
0 0.27039877300613496 0.42105263157894735 0.005214723926380368 0.07719298245614035
0 0.372239263803681 0.3254385964912281 0.003374233128834356 0.05789473684210526
0 0.30828220858895705 0.31140350877192985 0.0036809815950920245 0.04736842105263158
0 0.4361963190184049 0.2789473684210526 0.003067484662576687 0.0456140350877193
0 0.3033742331288344 0.19473684210526315 0.003067484662576687 0.042105263157894736
0 0.2556748466257669 0.393859649122807 0.003374233128834356 0.05789473684210526