0 0.26134969325153373 0.3605263157894737 0.0036809815950920245 0.054385964912280704
0 0.4096625766871166 0.5824561403508772 0.005214723926380368 0.06666666666666667
0 0.43466257668711655 0.45789473684210524 0.004294478527607362 0.056140350877192984
0 0.426840490797546 0.3482456140350877 0.003374233128834356 0.054385964912280704
0 0.43742331288343556 0.2912280701754386 0.003067484662576687 0.05263157894736842
0 0.4728527607361963 0.5052631578947369 0.004601226993865031 0.07017543859649122
0 0.5184049079754601 0.36578947368421055 0.0036809815950920245 0.043859649122807015
0 0.532361963190184 0.4921052631578947 0.004601226993865031 0.07192982456140351
0 0.59079754601227 0.32719298245614037 0.003067484662576687 0.05087719298245614
0 0.5164110429447852 0.3824561403508772 0.004601226993865031 0.05964912280701754
0 0.5786809815950921 0.22894736842105262 0.0027607361963190185 0.03684210526315789
0 0.5202453987730061 0.4482456140350877 0.0049079754601227 0.06491228070175438
0 0.7306748466257669 0.33421052631578946 0.003067484662576687 0.04736842105263158
0 0.6052147239263803 0.45087719298245615 0.004294478527607362 0.06666666666666667
0 0.5437116564417178 0.5929824561403508 0.005214723926380368 0.07719298245614035
0 0.5891104294478527 0.3043859649122807 0.003987730061349694 0.04736842105263158
0 0.573159509202454 0.2482456140350877 0.0027607361963190185 0.04736842105263158
0 0.4329754601226994 0.6614035087719298 0.005828220858895706 0.08771929824561403
0 0.4946319018404908 0.525438596491228 0.004601226993865031 0.06491228070175438
0 0.4726993865030675 0.3526315789473684 0.0036809815950920245 0.05263157894736842
0 0.5429447852760736 0.3763157894736842 0.004294478527607362 0.05789473684210526
0 0.4475460122699387 0.21842105263157896 0.003067484662576687 0.05087719298245614
0 0.44585889570552145 0.47192982456140353 0.003987730061349694 0.05964912280701754