0 0.2625766871165644 0.3140350877192982 0.0049079754601227 0.07368421052631578
0 0.4634969325153374 0.6578947368421053 0.005521472392638037 0.08771929824561403
0 0.4062883435582822 0.40350877192982454 0.003987730061349694 0.06315789473684211
0 0.4151840490797546 0.22631578947368422 0.0027607361963190185 0.0456140350877193
0 0.4598159509202454 0.18947368421052632 0.00245398773006135 0.042105263157894736
0 0.4602760736196319 0.31842105263157894 0.003374233128834356 0.054385964912280704
0 0.47684049079754603 0.25263157894736843 0.0027607361963190185 0.042105263157894736
0 0.5860429447852761 0.4745614035087719 0.004601226993865031 0.06491228070175438
0 0.564877300613497 0.3105263157894737 0.003374233128834356 0.05263157894736842
0 0.554601226993865 0.27807017543859647 0.003067484662576687 0.05087719298245614
0 0.48819018404907977 0.16052631578947368 0.002147239263803681 0.03684210526315789
0 0.5309815950920246 0.25087719298245614 0.0036809815950920245 0.0456140350877193
0 0.7322085889570552 0.3236842105263158 0.003067484662576687 0.054385964912280704
0 0.5973926380368099 0.3263157894736842 0.003374233128834356 0.056140350877192984
0 0.6144171779141104 0.4456140350877193 0.004294478527607362 0.06666666666666667
0 0.5868098159509203 0.27280701754385966 0.003067484662576687 0.05087719298245614
0 0.5720858895705522 0.21929824561403508 0.00245398773006135 0.0456140350877193
0 0.5365030674846626 0.4675438596491228 0.004294478527607362 0.06842105263157895
0 0.5523006134969325 0.31491228070175437 0.003374233128834356 0.054385964912280704
0 0.49785276073619633 0.27456140350877195 0.003067484662576687 0.05087719298245614
0 0.5388036809815951 0.25087719298245614 0.0027607361963190185 0.03859649122807018
0 0.49969325153374233 0.18070175438596492 0.003067484662576687 0.0456140350877193
0 0.4553680981595092 0.30526315789473685 0.003374233128834356 0.05263157894736842