0 0.26533742331288346 0.29912280701754385 0.004294478527607362 0.06842105263157895
0 0.4633435582822086 0.6447368421052632 0.005828220858895706 0.08596491228070176
0 0.39662576687116563 0.3956140350877193 0.0036809815950920245 0.05087719298245614
0 0.40015337423312886 0.22456140350877193 0.0027607361963190185 0.0456140350877193
0 0.4486196319018405 0.18157894736842106 0.002147239263803681 0.02631578947368421
0 0.4592024539877301 0.3131578947368421 0.0036809815950920245 0.05789473684210526
0 0.47745398773006137 0.24035087719298245 0.0027607361963190185 0.042105263157894736
0 0.5960122699386503 0.45789473684210524 0.004294478527607362 0.06666666666666667
0 0.5765337423312883 0.3201754385964912 0.003374233128834356 0.054385964912280704
0 0.5656441717791411 0.27456140350877195 0.003067484662576687 0.05087719298245614
0 0.49524539877300616 0.1587719298245614 0.0027607361963190185 0.03333333333333333
0 0.5292944785276074 0.2482456140350877 0.003987730061349694 0.04736842105263158
0 0.7332822085889571 0.3201754385964912 0.003374233128834356 0.054385964912280704
0 0.5875766871165644 0.31842105263157894 0.003374233128834356 0.054385964912280704
0 0.6087423312883435 0.4201754385964912 0.003987730061349694 0.06140350877192982
0 0.5834355828220859 0.27017543859649124 0.003067484662576687 0.04912280701754386
0 0.5671779141104294 0.20701754385964913 0.00245398773006135 0.042105263157894736
0 0.5297546012269939 0.443859649122807 0.004294478527607362 0.06666666666666667
0 0.552760736196319 0.3017543859649123 0.003067484662576687 0.05263157894736842
0 0.48819018404907977 0.24736842105263157 0.0027607361963190185 0.0456140350877193
0 0.528680981595092 0.23684210526315788 0.0027607361963190185 0.042105263157894736
0 0.48006134969325154 0.1736842105263158 0.003067484662576687 0.042105263157894736
0 0.4521472392638037 0.29210526315789476 0.0036809815950920245 0.05087719298245614