0 0.26088957055214723 0.37456140350877193 0.003987730061349694 0.054385964912280704
0 0.3763803680981595 0.6780701754385965 0.004294478527607362 0.07543859649122807
0 0.4138036809815951 0.5096491228070176 0.006134969325153374 0.07543859649122807
0 0.4363496932515337 0.39210526315789473 0.003987730061349694 0.06140350877192982
0 0.46042944785276074 0.27982456140350875 0.003067484662576687 0.04736842105263158
0 0.5438650306748466 0.5412280701754386 0.0049079754601227 0.07543859649122807
0 0.47868098159509204 0.40789473684210525 0.0027607361963190185 0.05789473684210526
0 0.5180981595092025 0.6543859649122807 0.006134969325153374 0.0912280701754386
0 0.6355828220858896 0.543859649122807 0.0049079754601227 0.07719298245614035
0 0.5501533742331288 0.3412280701754386 0.003374233128834356 0.04736842105263158
0 0.5441717791411043 0.2692982456140351 0.003067484662576687 0.04736842105263158
0 0.48067484662576687 0.47192982456140353 0.003067484662576687 0.056140350877192984
0 0.7423312883435583 0.35789473684210527 0.0036809815950920245 0.056140350877192984
0 0.6748466257668712 0.6043859649122807 0.005521472392638037 0.0824561403508772
0 0.571319018404908 0.7254385964912281 0.006441717791411043 0.08947368421052632
0 0.6101226993865031 0.29473684210526313 0.003067484662576687 0.042105263157894736
0 0.5184049079754601 0.1850877192982456 0.00245398773006135 0.03684210526315789
0 0.36671779141104294 0.7140350877192982 0.005828220858895706 0.09824561403508772
0 0.5654907975460123 0.512280701754386 0.004601226993865031 0.07368421052631578
0 0.48819018404907977 0.3131578947368421 0.003374233128834356 0.04736842105263158
0 0.4812883435582822 0.4201754385964912 0.004294478527607362 0.054385964912280704
0 0.45996932515337424 0.1956140350877193 0.0027607361963190185 0.03684210526315789
0 0.42714723926380366 0.48596491228070177 0.004601226993865031 0.05964912280701754