0 0.26380368098159507 0.3017543859649123 0.004294478527607362 0.06315789473684211
0 0.4664110429447853 0.6947368421052632 0.005828220858895706 0.0912280701754386
0 0.371319018404908 0.42719298245614035 0.003987730061349694 0.06491228070175438
0 0.39800613496932513 0.22982456140350876 0.0027607361963190185 0.0456140350877193
0 0.4493865030674847 0.1868421052631579 0.00245398773006135 0.03684210526315789
0 0.4587423312883436 0.3201754385964912 0.003374233128834356 0.054385964912280704
0 0.47868098159509204 0.2324561403508772 0.0027607361963190185 0.04035087719298246
0 0.5878834355828221 0.4543859649122807 0.003987730061349694 0.06666666666666667
0 0.5696319018404908 0.3570175438596491 0.0036809815950920245 0.05087719298245614
0 0.5659509202453987 0.2833333333333333 0.003067484662576687 0.05087719298245614
0 0.5133435582822086 0.1692982456140351 0.0027607361963190185 0.03333333333333333
0 0.5185582822085889 0.24736842105263157 0.0027607361963190185 0.04912280701754386
0 0.7292944785276073 0.3236842105263158 0.003374233128834356 0.054385964912280704
0 0.5799079754601227 0.34035087719298246 0.003374233128834356 0.056140350877192984
0 0.5941717791411043 0.4324561403508772 0.004294478527607362 0.06491228070175438
0 0.5773006134969325 0.27456140350877195 0.003067484662576687 0.05087719298245614
0 0.558282208588957 0.21052631578947367 0.00245398773006135 0.042105263157894736
0 0.5125766871165645 0.44649122807017544 0.004294478527607362 0.06140350877192982
0 0.5375766871165644 0.31666666666666665 0.003374233128834356 0.054385964912280704
0 0.48052147239263804 0.2482456140350877 0.0027607361963190185 0.03684210526315789
0 0.5185582822085889 0.24210526315789474 0.0027607361963190185 0.04912280701754386
0 0.47576687116564415 0.18947368421052632 0.0036809815950920245 0.04912280701754386
0 0.4420245398773006 0.3043859649122807 0.0036809815950920245 0.054385964912280704