0 0.2656441717791411 0.3719298245614035 0.0036809815950920245 0.04912280701754386
0 0.4092024539877301 0.6912280701754386 0.0049079754601227 0.08070175438596491
0 0.42914110429447855 0.5026315789473684 0.003067484662576687 0.05789473684210526
0 0.4450920245398773 0.38596491228070173 0.0036809815950920245 0.05964912280701754
0 0.4621165644171779 0.2692982456140351 0.0027607361963190185 0.04736842105263158
0 0.5475460122699386 0.5271929824561403 0.0049079754601227 0.07192982456140351
0 0.48588957055214727 0.3868421052631579 0.0036809815950920245 0.05789473684210526
0 0.5384969325153375 0.6692982456140351 0.006441717791411043 0.09298245614035087
0 0.6361963190184049 0.531578947368421 0.0049079754601227 0.07368421052631578
0 0.5489263803680982 0.34385964912280703 0.003374233128834356 0.0456140350877193
0 0.5450920245398773 0.26666666666666666 0.003067484662576687 0.042105263157894736
0 0.4883435582822086 0.4745614035087719 0.0036809815950920245 0.06491228070175438
0 0.744478527607362 0.35526315789473684 0.0036809815950920245 0.05789473684210526
0 0.6840490797546013 0.5973684210526315 0.005521472392638037 0.0824561403508772
0 0.5674846625766872 0.75 0.007975460122699387 0.08596491228070176
0 0.6110429447852761 0.2894736842105263 0.003067484662576687 0.05263157894736842
0 0.5157975460122699 0.18070175438596492 0.0027607361963190185 0.03859649122807018
0 0.40567484662576686 0.7342105263157894 0.008282208588957056 0.09298245614035087
0 0.5665644171779141 0.5210526315789473 0.0049079754601227 0.07368421052631578
0 0.4929447852760736 0.30350877192982456 0.003067484662576687 0.03859649122807018
0 0.48466257668711654 0.4052631578947368 0.004294478527607362 0.06666666666666667
0 0.4611963190184049 0.19210526315789472 0.0027607361963190185 0.03684210526315789
0 0.4363496932515337 0.4728070175438597 0.003987730061349694 0.05789473684210526