0 0.26993865030674846 0.34912280701754383 0.0036809815950920245 0.04912280701754386
0 0.44263803680981595 0.5508771929824562 0.0036809815950920245 0.05964912280701754
0 0.4605828220858896 0.41842105263157897 0.003987730061349694 0.06491228070175438
0 0.4628834355828221 0.3017543859649123 0.003067484662576687 0.05263157894736842
0 0.4717791411042945 0.22631578947368422 0.00245398773006135 0.0456140350877193
0 0.49141104294478527 0.37719298245614036 0.0036809815950920245 0.05964912280701754
0 0.5050613496932516 0.2833333333333333 0.003374233128834356 0.043859649122807015
0 0.5004601226993866 0.5184210526315789 0.004601226993865031 0.06491228070175438
0 0.5575153374233128 0.4052631578947368 0.003987730061349694 0.056140350877192984
0 0.5440184049079755 0.3219298245614035 0.003374233128834356 0.054385964912280704
0 0.5180981595092025 0.21842105263157896 0.00245398773006135 0.04035087719298246
0 0.48052147239263804 0.42543859649122806 0.003987730061349694 0.06491228070175438
0 0.7253067484662576 0.3350877192982456 0.003374233128834356 0.056140350877192984
0 0.6245398773006134 0.4307017543859649 0.004294478527607362 0.06491228070175438
0 0.5777607361963191 0.7368421052631579 0.006441717791411043 0.09473684210526316
0 0.6030674846625766 0.27456140350877195 0.003067484662576687 0.04736842105263158
0 0.5174846625766871 0.1675438596491228 0.003067484662576687 0.05087719298245614
0 0.44631901840490795 0.6763157894736842 0.005521472392638037 0.08947368421052632
0 0.5487730061349694 0.3570175438596491 0.0036809815950920245 0.05789473684210526
0 0.5007668711656442 0.24298245614035088 0.0027607361963190185 0.04736842105263158
0 0.47960122699386504 0.3078947368421053 0.003374233128834356 0.054385964912280704
0 0.47116564417177914 0.1736842105263158 0.003067484662576687 0.03859649122807018
0 0.45 0.4105263157894737 0.0036809815950920245 0.06666666666666667