0 0.2842024539877301 0.3570175438596491 0.003374233128834356 0.054385964912280704
0 0.4826687116564417 0.5368421052631579 0.004601226993865031 0.07017543859649122
0 0.4829754601226994 0.3973684210526316 0.003374233128834356 0.054385964912280704
0 0.48865030674846627 0.3263157894736842 0.003067484662576687 0.056140350877192984
0 0.49846625766871167 0.22982456140350876 0.0036809815950920245 0.042105263157894736
0 0.61579754601227 0.3929824561403509 0.003987730061349694 0.05964912280701754
0 0.5437116564417178 0.33245614035087717 0.003374233128834356 0.05087719298245614
0 0.6075153374233129 0.5736842105263158 0.005214723926380368 0.07719298245614035
0 0.7093558282208589 0.4342105263157895 0.003987730061349694 0.05087719298245614
0 0.6154907975460123 0.2649122807017544 0.0027607361963190185 0.04912280701754386
0 0.5501533742331288 0.23684210526315788 0.0027607361963190185 0.03859649122807018
0 0.5361963190184049 0.4166666666666667 0.0049079754601227 0.06140350877192982
0 0.7464723926380368 0.3412280701754386 0.003374233128834356 0.05087719298245614
0 0.719478527607362 0.5228070175438596 0.005214723926380368 0.07368421052631578
0 0.6256134969325153 0.7412280701754386 0.006441717791411043 0.09649122807017543
0 0.6377300613496932 0.20526315789473684 0.00245398773006135 0.042105263157894736
0 0.5297546012269939 0.1692982456140351 0.0018404907975460123 0.03333333333333333
0 0.4920245398773006 0.631578947368421 0.005521472392638037 0.08421052631578947
0 0.6352760736196319 0.45789473684210524 0.004294478527607362 0.06666666666666667
0 0.5239263803680981 0.28771929824561404 0.003067484662576687 0.04912280701754386
0 0.6423312883435582 0.3587719298245614 0.0036809815950920245 0.05789473684210526
0 0.500920245398773 0.19473684210526315 0.0036809815950920245 0.042105263157894736
0 0.4825153374233129 0.362280701754386 0.0036809815950920245 0.05789473684210526