0 0.2714723926380368 0.3894736842105263 0.005521472392638037 0.06315789473684211
0 0.6110429447852761 0.7 0.006134969325153374 0.08771929824561403
0 0.472239263803681 0.5728070175438597 0.005214723926380368 0.07894736842105263
0 0.4892638036809816 0.3701754385964912 0.0036809815950920245 0.05964912280701754
0 0.508282208588957 0.21929824561403508 0.00245398773006135 0.042105263157894736
0 0.5596625766871166 0.5657894736842105 0.003987730061349694 0.0824561403508772
0 0.566717791411043 0.4087719298245614 0.003987730061349694 0.05964912280701754
0 0.723159509202454 0.5649122807017544 0.005214723926380368 0.07368421052631578
0 0.7858895705521473 0.7833333333333333 0.007975460122699387 0.11052631578947368
0 0.6177914110429448 0.38333333333333336 0.0036809815950920245 0.06140350877192982
0 0.6147239263803681 0.2692982456140351 0.003067484662576687 0.043859649122807015
0 0.5987730061349693 0.3736842105263158 0.0036809815950920245 0.05964912280701754
0 0.7736196319018405 0.36578947368421055 0.0036809815950920245 0.054385964912280704
0 0.7679447852760736 0.5728070175438597 0.005214723926380368 0.07894736842105263
0 0.8116564417177914 0.8122807017543859 0.005521472392638037 0.07017543859649122
0 0.7084355828220859 0.4166666666666667 0.003987730061349694 0.06491228070175438
0 0.6478527607361964 0.2964912280701754 0.003067484662576687 0.05263157894736842
0 0.6237730061349693 0.7298245614035088 0.006441717791411043 0.09473684210526316
0 0.6763803680981595 0.5973684210526315 0.005521472392638037 0.0824561403508772
0 0.5590490797546013 0.5307017543859649 0.005214723926380368 0.07192982456140351
0 0.6533742331288344 0.4605263157894737 0.004294478527607362 0.06842105263157895
0 0.575920245398773 0.26666666666666666 0.003374233128834356 0.0456140350877193
0 0.5019938650306749 0.5842105263157895 0.005214723926380368 0.08070175438596491