0 0.26763803680981596 0.3736842105263158 0.003374233128834356 0.056140350877192984
0 0.4838957055214724 0.5921052631578947 0.005214723926380368 0.06491228070175438
0 0.4601226993865031 0.6359649122807017 0.005521472392638037 0.07192982456140351
0 0.4602760736196319 0.393859649122807 0.003987730061349694 0.06140350877192982
0 0.4789877300613497 0.2631578947368421 0.0027607361963190185 0.03508771929824561
0 0.602760736196319 0.6210526315789474 0.005521472392638037 0.06315789473684211
0 0.5269938650306748 0.4307017543859649 0.0036809815950920245 0.05789473684210526
0 0.5803680981595092 0.6982456140350877 0.006134969325153374 0.08421052631578947
0 0.713957055214724 0.5973684210526315 0.005214723926380368 0.0824561403508772
0 0.6069018404907975 0.4236842105263158 0.003987730061349694 0.06491228070175438
0 0.56579754601227 0.27017543859649124 0.0027607361963190185 0.04912280701754386
0 0.5289877300613497 0.44912280701754387 0.003987730061349694 0.06315789473684211
0 0.7515337423312883 0.3631578947368421 0.0036809815950920245 0.05964912280701754
0 0.7414110429447853 0.6052631578947368 0.005521472392638037 0.08070175438596491
0 0.5519938650306748 0.6859649122807018 0.004601226993865031 0.08771929824561403
0 0.6588957055214724 0.2868421052631579 0.003067484662576687 0.05087719298245614
0 0.5742331288343558 0.20087719298245615 0.00245398773006135 0.043859649122807015
0 0.4958588957055215 0.5763157894736842 0.005214723926380368 0.07192982456140351
0 0.6535276073619631 0.5982456140350877 0.005214723926380368 0.07368421052631578
0 0.5088957055214723 0.36666666666666664 0.0036809815950920245 0.05263157894736842
0 0.5947852760736196 0.4456140350877193 0.004294478527607362 0.06666666666666667
0 0.4854294478527607 0.20614035087719298 0.0027607361963190185 0.043859649122807015
0 0.47791411042944787 0.6412280701754386 0.004294478527607362 0.07192982456140351