0 0.24570552147239264 0.3675438596491228 0.00245398773006135 0.054385964912280704
0 0.35276073619631904 0.5482456140350878 0.0049079754601227 0.07192982456140351
0 0.3815950920245399 0.4745614035087719 0.004294478527607362 0.06140350877192982
0 0.344478527607362 0.46228070175438596 0.004294478527607362 0.06491228070175438
0 0.3906441717791411 0.30087719298245613 0.005214723926380368 0.06491228070175438
0 0.4578220858895706 0.4043859649122807 0.003987730061349694 0.06140350877192982
0 0.4325153374233129 0.5078947368421053 0.0036809815950920245 0.07192982456140351
0 0.4513803680981595 0.6105263157894737 0.005214723926380368 0.07719298245614035
0 0.4625766871165644 0.5140350877192983 0.0049079754601227 0.07368421052631578
0 0.5233128834355828 0.362280701754386 0.0036809815950920245 0.04736842105263158
0 0.4424846625766871 0.2307017543859649 0.0027607361963190185 0.043859649122807015
0 0.40904907975460125 0.5456140350877193 0.004601226993865031 0.09473684210526316
0 0.7179447852760736 0.3482456140350877 0.003374233128834356 0.05789473684210526
0 0.5081288343558282 0.512280701754386 0.004601226993865031 0.07368421052631578
0 0.42070552147239265 0.7596491228070176 0.006441717791411043 0.09824561403508772
0 0.6044478527607362 0.312280701754386 0.003374233128834356 0.04912280701754386
0 0.475920245398773 0.17982456140350878 0.002147239263803681 0.03333333333333333
0 0.33726993865030674 0.6850877192982456 0.005828220858895706 0.07543859649122807
0 0.48726993865030677 0.6394736842105263 0.005828220858895706 0.08596491228070176
0 0.4162576687116564 0.4368421052631579 0.004294478527607362 0.05263157894736842
0 0.5004601226993866 0.4298245614035088 0.003987730061349694 0.05263157894736842
0 0.4124233128834356 0.2675438596491228 0.003374233128834356 0.054385964912280704
0 0.3595092024539877 0.47719298245614034 0.004294478527607362 0.06315789473684211