0 0.2634969325153374 0.3912280701754386 0.005521472392638037 0.05964912280701754
0 0.587116564417178 0.6754385964912281 0.0049079754601227 0.07368421052631578
0 0.4539877300613497 0.5561403508771929 0.0049079754601227 0.06666666666666667
0 0.4799079754601227 0.35526315789473684 0.003374233128834356 0.05789473684210526
0 0.5024539877300613 0.20789473684210527 0.00245398773006135 0.03333333333333333
0 0.5470858895705522 0.5622807017543859 0.004601226993865031 0.0824561403508772
0 0.552760736196319 0.3868421052631579 0.0036809815950920245 0.054385964912280704
0 0.7058282208588957 0.5570175438596491 0.0049079754601227 0.07192982456140351
0 0.7650306748466258 0.7789473684210526 0.006134969325153374 0.08421052631578947
0 0.6107361963190184 0.37543859649122807 0.0036809815950920245 0.05964912280701754
0 0.6070552147239264 0.2614035087719298 0.005521472392638037 0.056140350877192984
0 0.5838957055214724 0.37456140350877193 0.003374233128834356 0.054385964912280704
0 0.7665644171779141 0.3605263157894737 0.0036809815950920245 0.054385964912280704
0 0.7394171779141104 0.5605263157894737 0.005214723926380368 0.07894736842105263
0 0.7705521472392638 0.7824561403508772 0.006748466257668712 0.08771929824561403
0 0.6992331288343558 0.4219298245614035 0.003987730061349694 0.06491228070175438
0 0.6398773006134969 0.29912280701754385 0.003067484662576687 0.05087719298245614
0 0.6153374233128834 0.7280701754385965 0.006134969325153374 0.09473684210526316
0 0.6516871165644171 0.5982456140350877 0.005214723926380368 0.08070175438596491
0 0.5457055214723926 0.5368421052631579 0.0049079754601227 0.07017543859649122
0 0.6328220858895706 0.4543859649122807 0.004294478527607362 0.056140350877192984
0 0.568558282208589 0.2710526315789474 0.003374233128834356 0.043859649122807015
0 0.49371165644171777 0.5807017543859649 0.005214723926380368 0.08070175438596491