0 0.3414110429447853 0.2807017543859649 0.004294478527607362 0.06315789473684211
0 0.49555214723926383 0.41578947368421054 0.003987730061349694 0.03859649122807018
0 0.4541411042944785 0.22807017543859648 0.0027607361963190185 0.042105263157894736
0 0.4762269938650307 0.20526315789473684 0.003374233128834356 0.0456140350877193
0 0.5529141104294478 0.1587719298245614 0.002147239263803681 0.043859649122807015
0 0.574079754601227 0.22982456140350876 0.0027607361963190185 0.0456140350877193
0 0.5288343558282208 0.20526315789473684 0.00245398773006135 0.03859649122807018
0 0.6084355828220859 0.3991228070175439 0.003987730061349694 0.06140350877192982
0 0.597239263803681 0.26228070175438595 0.003067484662576687 0.06491228070175438
0 0.5414110429447853 0.27280701754385966 0.003067484662576687 0.05087719298245614
0 0.5547546012269938 0.18070175438596492 0.002147239263803681 0.031578947368421054
0 0.5510736196319018 0.2394736842105263 0.003374233128834356 0.054385964912280704
0 0.7150306748466257 0.30350877192982456 0.003067484662576687 0.05263157894736842
0 0.6294478527607362 0.27631578947368424 0.0036809815950920245 0.054385964912280704
0 0.6269938650306749 0.3570175438596491 0.0036809815950920245 0.05789473684210526
0 0.6061349693251534 0.2307017543859649 0.0036809815950920245 0.054385964912280704
0 0.6035276073619632 0.20877192982456141 0.003374233128834356 0.04912280701754386
0 0.5516871165644172 0.4017543859649123 0.003987730061349694 0.06315789473684211
0 0.5650306748466257 0.27456140350877195 0.003067484662576687 0.05087719298245614
0 0.531441717791411 0.25 0.0027607361963190185 0.04736842105263158
0 0.5602760736196319 0.20964912280701756 0.0027607361963190185 0.043859649122807015
0 0.5052147239263803 0.16403508771929826 0.003067484662576687 0.03684210526315789
0 0.4820552147239264 0.2149122807017544 0.0027607361963190185 0.04736842105263158