0 0.2869631901840491 0.3447368421052632 0.003987730061349694 0.05789473684210526
0 0.48895705521472393 0.4789473684210526 0.004294478527607362 0.06315789473684211
0 0.48803680981595093 0.36578947368421055 0.003067484662576687 0.05789473684210526
0 0.49325153374233127 0.3 0.003067484662576687 0.05263157894736842
0 0.503680981595092 0.21403508771929824 0.003067484662576687 0.03508771929824561
0 0.5983128834355829 0.3219298245614035 0.003374233128834356 0.043859649122807015
0 0.5355828220858896 0.2868421052631579 0.003067484662576687 0.04736842105263158
0 0.5937116564417177 0.5166666666666667 0.004601226993865031 0.06842105263157895
0 0.7072085889570552 0.34035087719298246 0.003374233128834356 0.056140350877192984
0 0.6145705521472392 0.24649122807017543 0.0027607361963190185 0.04736842105263158
0 0.5506134969325154 0.21578947368421053 0.00245398773006135 0.03859649122807018
0 0.5289877300613497 0.4 0.003987730061349694 0.07017543859649122
0 0.7107361963190184 0.30087719298245613 0.003067484662576687 0.05087719298245614
0 0.7193251533742331 0.4921052631578947 0.0049079754601227 0.07543859649122807
0 0.623159509202454 0.6473684210526316 0.005828220858895706 0.07368421052631578
0 0.6401840490797546 0.19473684210526315 0.00245398773006135 0.03859649122807018
0 0.5236196319018405 0.16578947368421051 0.003067484662576687 0.03333333333333333
0 0.5 0.5578947368421052 0.004294478527607362 0.07719298245614035
0 0.5986196319018405 0.43333333333333335 0.003987730061349694 0.0456140350877193
0 0.5164110429447852 0.2578947368421053 0.0027607361963190185 0.0456140350877193
0 0.6118098159509202 0.312280701754386 0.003374233128834356 0.0456140350877193
0 0.5038343558282209 0.19210526315789472 0.003374233128834356 0.03684210526315789
0 0.4865030674846626 0.32456140350877194 0.0036809815950920245 0.05964912280701754