0 0.2892638036809816 0.3254385964912281 0.0036809815950920245 0.06491228070175438
0 0.4794478527607362 0.46842105263157896 0.004294478527607362 0.07017543859649122
0 0.48190184049079754 0.3412280701754386 0.003067484662576687 0.05789473684210526
0 0.47960122699386504 0.2596491228070175 0.002147239263803681 0.0456140350877193
0 0.49355828220858894 0.1912280701754386 0.003067484662576687 0.03859649122807018
0 0.6122699386503068 0.2631578947368421 0.003067484662576687 0.04912280701754386
0 0.5317484662576687 0.23771929824561402 0.0027607361963190185 0.04035087719298246
0 0.55920245398773 0.4473684210526316 0.004294478527607362 0.06315789473684211
0 0.6483128834355828 0.3912280701754386 0.003987730061349694 0.05964912280701754
0 0.6147239263803681 0.19473684210526315 0.00245398773006135 0.03859649122807018
0 0.558282208588957 0.18771929824561404 0.00245398773006135 0.042105263157894736
0 0.5489263803680982 0.31842105263157894 0.003374233128834356 0.054385964912280704
0 0.7331288343558282 0.27807017543859647 0.003067484662576687 0.043859649122807015
0 0.6992331288343558 0.42543859649122806 0.003987730061349694 0.06491228070175438
0 0.6144171779141104 0.6394736842105263 0.005521472392638037 0.0824561403508772
0 0.620398773006135 0.17982456140350878 0.002147239263803681 0.02982456140350877
0 0.5303680981595092 0.15789473684210525 0.003067484662576687 0.042105263157894736
0 0.4869631901840491 0.5728070175438597 0.005214723926380368 0.07894736842105263
0 0.6087423312883435 0.3368421052631579 0.003374233128834356 0.056140350877192984
0 0.5033742331288343 0.2236842105263158 0.00245398773006135 0.03684210526315789
0 0.6073619631901841 0.256140350877193 0.003067484662576687 0.05263157894736842
0 0.5220858895705521 0.19210526315789472 0.0036809815950920245 0.043859649122807015
0 0.4794478527607362 0.30087719298245613 0.003067484662576687 0.05789473684210526