0 0.27116564417177913 0.3456140350877193 0.0036809815950920245 0.06666666666666667
0 0.4219325153374233 0.6657894736842105 0.005828220858895706 0.08596491228070176
0 0.39754601226993863 0.4605263157894737 0.004294478527607362 0.06842105263157895
0 0.422239263803681 0.23684210526315788 0.0027607361963190185 0.0456140350877193
0 0.5193251533742331 0.17017543859649123 0.0018404907975460123 0.03859649122807018
0 0.452760736196319 0.2868421052631579 0.003067484662576687 0.05087719298245614
0 0.4664110429447853 0.44912280701754387 0.003987730061349694 0.06666666666666667
0 0.5996932515337423 0.5745614035087719 0.005521472392638037 0.08596491228070176
0 0.5805214723926381 0.40350877192982454 0.003987730061349694 0.05263157894736842
0 0.5504601226993865 0.34210526315789475 0.003374233128834356 0.056140350877192984
0 0.4668711656441718 0.3587719298245614 0.0036809815950920245 0.05789473684210526
0 0.5257668711656441 0.27280701754385966 0.0036809815950920245 0.05789473684210526
0 0.725 0.3350877192982456 0.003374233128834356 0.056140350877192984
0 0.6038343558282209 0.4 0.003987730061349694 0.06315789473684211
0 0.6096625766871165 0.5394736842105263 0.004601226993865031 0.06842105263157895
0 0.5900306748466257 0.3298245614035088 0.003374233128834356 0.056140350877192984
0 0.5642638036809816 0.2307017543859649 0.0027607361963190185 0.043859649122807015
0 0.5200920245398774 0.5657894736842105 0.005214723926380368 0.07894736842105263
0 0.5449386503067485 0.4017543859649123 0.003987730061349694 0.06315789473684211
0 0.4892638036809816 0.356140350877193 0.0036809815950920245 0.0456140350877193
0 0.5437116564417178 0.33245614035087717 0.005214723926380368 0.054385964912280704
0 0.4976993865030675 0.2868421052631579 0.003374233128834356 0.043859649122807015
0 0.4553680981595092 0.45614035087719296 0.003374233128834356 0.05964912280701754