0 0.2420245398773006 0.36403508771929827 0.00245398773006135 0.054385964912280704
0 0.37423312883435583 0.6973684210526315 0.007361963190184049 0.1
0 0.39846625766871163 0.5447368421052632 0.0049079754601227 0.05087719298245614
0 0.37300613496932516 0.4473684210526316 0.004294478527607362 0.06666666666666667
0 0.38726993865030673 0.3263157894736842 0.003374233128834356 0.0456140350877193
0 0.4352760736196319 0.45087719298245615 0.004294478527607362 0.06666666666666667
0 0.4338957055214724 0.6552631578947369 0.005214723926380368 0.07894736842105263
0 0.4573619631901841 0.6763157894736842 0.005521472392638037 0.1
0 0.5065950920245399 0.5289473684210526 0.004601226993865031 0.07543859649122807
0 0.5214723926380368 0.3780701754385965 0.0036809815950920245 0.054385964912280704
0 0.4409509202453988 0.24473684210526317 0.0027607361963190185 0.043859649122807015
0 0.41687116564417176 0.4842105263157895 0.004294478527607362 0.07368421052631578
0 0.7245398773006135 0.3587719298245614 0.0036809815950920245 0.05789473684210526
0 0.5547546012269938 0.5745614035087719 0.005214723926380368 0.07894736842105263
0 0.4237730061349693 0.7228070175438597 0.00705521472392638 0.08421052631578947
0 0.5604294478527607 0.36666666666666664 0.0036809815950920245 0.05964912280701754
0 0.5059815950920246 0.22719298245614036 0.0027607361963190185 0.043859649122807015
0 0.38282208588957056 0.7228070175438597 0.006134969325153374 0.0912280701754386
0 0.4621165644171779 0.5964912280701754 0.005828220858895706 0.08070175438596491
0 0.40996932515337425 0.5701754385964912 0.005214723926380368 0.06666666666666667
0 0.4596625766871166 0.4807017543859649 0.004601226993865031 0.07017543859649122
0 0.4032208588957055 0.2833333333333333 0.0027607361963190185 0.05087719298245614
0 0.3392638036809816 0.5903508771929824 0.004294478527607362 0.07543859649122807