0 0.25674846625766873 0.3447368421052632 0.003067484662576687 0.054385964912280704
0 0.4088957055214724 0.4745614035087719 0.004294478527607362 0.06140350877192982
0 0.4210122699386503 0.3912280701754386 0.003374233128834356 0.05964912280701754
0 0.42346625766871165 0.3131578947368421 0.003374233128834356 0.05789473684210526
0 0.4335889570552147 0.23333333333333334 0.0027607361963190185 0.0456140350877193
0 0.4728527607361963 0.4201754385964912 0.003987730061349694 0.06491228070175438
0 0.4771472392638037 0.3078947368421053 0.003374233128834356 0.054385964912280704
0 0.4838957055214724 0.5219298245614035 0.004601226993865031 0.06842105263157895
0 0.5371165644171779 0.3868421052631579 0.0036809815950920245 0.054385964912280704
0 0.5435582822085889 0.2736842105263158 0.003067484662576687 0.03508771929824561
0 0.4848159509202454 0.24298245614035088 0.0027607361963190185 0.04035087719298246
0 0.4690184049079755 0.44649122807017544 0.003067484662576687 0.07192982456140351
0 0.7090490797546012 0.3298245614035088 0.003374233128834356 0.056140350877192984
0 0.5805214723926381 0.41842105263157897 0.003987730061349694 0.06491228070175438
0 0.5634969325153374 0.7149122807017544 0.006134969325153374 0.09298245614035087
0 0.5892638036809816 0.2736842105263158 0.003067484662576687 0.04912280701754386
0 0.5098159509202455 0.17105263157894737 0.00245398773006135 0.03684210526315789
0 0.4021472392638037 0.5307017543859649 0.0049079754601227 0.07543859649122807
0 0.47960122699386504 0.4982456140350877 0.003987730061349694 0.07017543859649122
0 0.495398773006135 0.27631578947368424 0.003067484662576687 0.04736842105263158
0 0.46748466257668714 0.3701754385964912 0.0036809815950920245 0.05263157894736842
0 0.44033742331288345 0.1912280701754386 0.0027607361963190185 0.03859649122807018
0 0.4228527607361963 0.33421052631578946 0.003374233128834356 0.054385964912280704