0 0.248159509202454 0.38070175438596493 0.0036809815950920245 0.07719298245614035
0 0.30260736196319016 0.656140350877193 0.005828220858895706 0.08771929824561403
0 0.3084355828220859 0.47543859649122805 0.004601226993865031 0.07017543859649122
0 0.3679447852760736 0.2517543859649123 0.0027607361963190185 0.04736842105263158
0 0.4584355828220859 0.18333333333333332 0.002147239263803681 0.02631578947368421
0 0.37883435582822084 0.3631578947368421 0.0036809815950920245 0.05964912280701754
0 0.4452453987730061 0.4842105263157895 0.004601226993865031 0.06666666666666667
0 0.5682515337423313 0.5561403508771929 0.005214723926380368 0.07719298245614035
0 0.531441717791411 0.3929824561403509 0.003987730061349694 0.056140350877192984
0 0.5164110429447852 0.33157894736842103 0.003374233128834356 0.056140350877192984
0 0.48665644171779143 0.23684210526315788 0.0027607361963190185 0.03859649122807018
0 0.5004601226993866 0.27631578947368424 0.003987730061349694 0.06491228070175438
0 0.714877300613497 0.34912280701754383 0.003374233128834356 0.05263157894736842
0 0.5719325153374233 0.42543859649122806 0.003987730061349694 0.06491228070175438
0 0.5774539877300614 0.5578947368421052 0.005214723926380368 0.07719298245614035
0 0.5483128834355828 0.3385964912280702 0.003374233128834356 0.056140350877192984
0 0.5349693251533743 0.2631578947368421 0.003067484662576687 0.04912280701754386
0 0.43098159509202455 0.6157894736842106 0.005521472392638037 0.08421052631578947
0 0.5208588957055215 0.46228070175438596 0.004294478527607362 0.06842105263157895
0 0.4345092024539877 0.4307017543859649 0.003987730061349694 0.06491228070175438
0 0.49125766871165644 0.3368421052631579 0.003374233128834356 0.056140350877192984
0 0.41687116564417176 0.2517543859649123 0.003067484662576687 0.04736842105263158
0 0.329601226993865 0.5017543859649123 0.004601226993865031 0.07017543859649122