0 0.2733128834355828 0.33771929824561403 0.004294478527607362 0.05789473684210526
0 0.4699386503067485 0.45087719298245615 0.004294478527607362 0.06666666666666667
0 0.47392638036809814 0.36666666666666664 0.0036809815950920245 0.05964912280701754
0 0.4815950920245399 0.3017543859649123 0.003067484662576687 0.05263157894736842
0 0.48803680981595093 0.21578947368421053 0.003067484662576687 0.04912280701754386
0 0.5153374233128835 0.3780701754385965 0.0049079754601227 0.07543859649122807
0 0.5141104294478528 0.27807017543859647 0.003067484662576687 0.05087719298245614
0 0.5311349693251534 0.5149122807017544 0.004601226993865031 0.07192982456140351
0 0.6469325153374234 0.3412280701754386 0.003067484662576687 0.054385964912280704
0 0.594478527607362 0.2649122807017544 0.003067484662576687 0.04912280701754386
0 0.5404907975460123 0.21052631578947367 0.00245398773006135 0.042105263157894736
0 0.49969325153374233 0.41228070175438597 0.0036809815950920245 0.06666666666666667
0 0.7119631901840491 0.31491228070175437 0.003067484662576687 0.054385964912280704
0 0.6452453987730061 0.3868421052631579 0.003987730061349694 0.06491228070175438
0 0.5803680981595092 0.7114035087719298 0.006134969325153374 0.09298245614035087
0 0.61579754601227 0.22807017543859648 0.0027607361963190185 0.0456140350877193
0 0.5219325153374234 0.16228070175438597 0.0027607361963190185 0.04035087719298246
0 0.4539877300613497 0.531578947368421 0.0049079754601227 0.05964912280701754
0 0.5171779141104295 0.44649122807017544 0.004294478527607362 0.06491228070175438
0 0.49923312883435583 0.27017543859649124 0.0027607361963190185 0.04912280701754386
0 0.5122699386503068 0.32456140350877194 0.0036809815950920245 0.056140350877192984
0 0.48006134969325154 0.1912280701754386 0.003067484662576687 0.04912280701754386
0 0.4656441717791411 0.3254385964912281 0.004294478527607362 0.06140350877192982