0 0.2946319018404908 0.3508771929824561 0.003374233128834356 0.0456140350877193
0 0.47914110429447854 0.5640350877192982 0.0049079754601227 0.06842105263157895
0 0.4901840490797546 0.3912280701754386 0.0036809815950920245 0.05964912280701754
0 0.4869631901840491 0.30350877192982456 0.003987730061349694 0.04912280701754386
0 0.49693251533742333 0.22456140350877193 0.00245398773006135 0.0456140350877193
0 0.6196319018404908 0.3736842105263158 0.0036809815950920245 0.05964912280701754
0 0.5484662576687117 0.29912280701754385 0.003067484662576687 0.04035087719298246
0 0.6283742331288343 0.5614035087719298 0.005214723926380368 0.07368421052631578
0 0.7283742331288343 0.5070175438596491 0.004601226993865031 0.07017543859649122
0 0.692638036809816 0.2771929824561403 0.003067484662576687 0.03508771929824561
0 0.5682515337423313 0.22807017543859648 0.0027607361963190185 0.0456140350877193
0 0.5524539877300614 0.3798245614035088 0.0036809815950920245 0.06140350877192982
0 0.7599693251533742 0.3429824561403509 0.003374233128834356 0.054385964912280704
0 0.7779141104294478 0.5473684210526316 0.0049079754601227 0.07719298245614035
0 0.6980061349693252 0.7552631578947369 0.006441717791411043 0.09649122807017543
0 0.6549079754601227 0.1763157894736842 0.003067484662576687 0.03684210526315789
0 0.5421779141104295 0.1675438596491228 0.0027607361963190185 0.043859649122807015
0 0.4815950920245399 0.6280701754385964 0.005521472392638037 0.08421052631578947
0 0.6052147239263803 0.39473684210526316 0.0036809815950920245 0.05263157894736842
0 0.5165644171779141 0.36140350877192984 0.0036809815950920245 0.05263157894736842
0 0.6273006134969326 0.2833333333333333 0.003067484662576687 0.05087719298245614
0 0.5084355828220859 0.21052631578947367 0.003987730061349694 0.0456140350877193
0 0.48113496932515337 0.3385964912280702 0.003374233128834356 0.056140350877192984