0 0.19478527607361965 0.3956140350877193 0.003067484662576687 0.054385964912280704
0 0.16119631901840492 0.5385964912280702 0.003374233128834356 0.06666666666666667
0 0.3197852760736196 0.5087719298245614 0.004601226993865031 0.07368421052631578
0 0.2659509202453988 0.3850877192982456 0.0036809815950920245 0.06140350877192982
0 0.34432515337423314 0.2868421052631579 0.003374233128834356 0.05087719298245614
0 0.38834355828220857 0.3736842105263158 0.0036809815950920245 0.05964912280701754
0 0.41978527607361965 0.5596491228070175 0.004601226993865031 0.07719298245614035
0 0.45950920245398774 0.612280701754386 0.005521472392638037 0.07368421052631578
0 0.5059815950920246 0.493859649122807 0.004601226993865031 0.07192982456140351
0 0.49309815950920244 0.38859649122807016 0.003987730061349694 0.06140350877192982
0 0.46978527607361964 0.24473684210526317 0.0027607361963190185 0.043859649122807015
0 0.40950920245398775 0.42894736842105263 0.0049079754601227 0.07894736842105263
0 0.6820552147239264 0.3429824561403509 0.003374233128834356 0.05789473684210526
0 0.553680981595092 0.5175438596491229 0.0049079754601227 0.07368421052631578
0 0.4820552147239264 0.6719298245614035 0.005828220858895706 0.08421052631578947
0 0.5447852760736196 0.3631578947368421 0.0036809815950920245 0.05964912280701754
0 0.49984662576687117 0.26052631578947366 0.0027607361963190185 0.04736842105263158
0 0.3219325153374233 0.6771929824561403 0.005828220858895706 0.08421052631578947
0 0.48957055214723927 0.5324561403508772 0.0049079754601227 0.07543859649122807
0 0.35322085889570554 0.525438596491228 0.004601226993865031 0.07192982456140351
0 0.4358895705521472 0.3798245614035088 0.0036809815950920245 0.06140350877192982
0 0.345398773006135 0.29385964912280704 0.003067484662576687 0.05087719298245614
0 0.15828220858895706 0.5473684210526316 0.006134969325153374 0.07017543859649122