0 0.1960122699386503 0.3991228070175439 0.003067484662576687 0.054385964912280704
0 0.1668711656441718 0.5456140350877193 0.0049079754601227 0.07719298245614035
0 0.3142638036809816 0.5043859649122807 0.004601226993865031 0.07192982456140351
0 0.27883435582822086 0.3649122807017544 0.0036809815950920245 0.056140350877192984
0 0.3581288343558282 0.2736842105263158 0.003374233128834356 0.056140350877192984
0 0.38588957055214723 0.36666666666666664 0.0036809815950920245 0.05964912280701754
0 0.4208588957055215 0.5508771929824562 0.0049079754601227 0.07017543859649122
0 0.4717791411042945 0.6087719298245614 0.005521472392638037 0.07368421052631578
0 0.5069018404907976 0.4842105263157895 0.004601226993865031 0.07017543859649122
0 0.49401840490797544 0.38859649122807016 0.003987730061349694 0.06140350877192982
0 0.475920245398773 0.24473684210526317 0.0027607361963190185 0.04736842105263158
0 0.4191717791411043 0.41228070175438597 0.004601226993865031 0.07719298245614035
0 0.6861963190184049 0.35175438596491226 0.0036809815950920245 0.05789473684210526
0 0.5538343558282208 0.5026315789473684 0.004601226993865031 0.07192982456140351
0 0.4934049079754601 0.6631578947368421 0.005828220858895706 0.08421052631578947
0 0.5432515337423313 0.3649122807017544 0.0036809815950920245 0.05964912280701754
0 0.5026073619631902 0.26228070175438595 0.0027607361963190185 0.04736842105263158
0 0.33542944785276074 0.6649122807017543 0.005828220858895706 0.08771929824561403
0 0.497239263803681 0.5289473684210526 0.0049079754601227 0.07543859649122807
0 0.35920245398773004 0.5219298245614035 0.0049079754601227 0.07192982456140351
0 0.4411042944785276 0.37543859649122807 0.0036809815950920245 0.05964912280701754
0 0.3530674846625767 0.29035087719298247 0.0036809815950920245 0.05789473684210526
0 0.16947852760736196 0.5456140350877193 0.006441717791411043 0.07368421052631578