0 0.2785276073619632 0.35526315789473684 0.003067484662576687 0.05789473684210526
0 0.4647239263803681 0.5552631578947368 0.0049079754601227 0.06842105263157895
0 0.47914110429447854 0.41403508771929826 0.003067484662576687 0.056140350877192984
0 0.48665644171779143 0.3385964912280702 0.003374233128834356 0.056140350877192984
0 0.49325153374233127 0.23859649122807017 0.0036809815950920245 0.042105263157894736
0 0.6380368098159509 0.43333333333333335 0.004294478527607362 0.05964912280701754
0 0.5449386503067485 0.3508771929824561 0.003374233128834356 0.05263157894736842
0 0.5860429447852761 0.5771929824561404 0.005214723926380368 0.08070175438596491
0 0.6970858895705522 0.48947368421052634 0.004601226993865031 0.07017543859649122
0 0.6174846625766871 0.27807017543859647 0.003067484662576687 0.05087719298245614
0 0.5489263803680982 0.2394736842105263 0.0027607361963190185 0.04035087719298246
0 0.5289877300613497 0.42543859649122806 0.004601226993865031 0.06140350877192982
0 0.7532208588957056 0.35 0.003374233128834356 0.05087719298245614
0 0.7217791411042945 0.5342105263157895 0.0049079754601227 0.07543859649122807
0 0.6019938650306749 0.7552631578947369 0.006441717791411043 0.09649122807017543
0 0.6343558282208589 0.20789473684210527 0.00245398773006135 0.043859649122807015
0 0.5343558282208589 0.1736842105263158 0.00245398773006135 0.031578947368421054
0 0.4696319018404908 0.6912280701754386 0.006134969325153374 0.0912280701754386
0 0.6397239263803681 0.4482456140350877 0.004601226993865031 0.06491228070175438
0 0.5245398773006135 0.29736842105263156 0.003067484662576687 0.04736842105263158
0 0.6570552147239264 0.37719298245614036 0.0036809815950920245 0.05964912280701754
0 0.497239263803681 0.2026315789473684 0.003067484662576687 0.043859649122807015
0 0.47868098159509204 0.38333333333333336 0.003374233128834356 0.054385964912280704