0 0.19463190184049078 0.4149122807017544 0.003374233128834356 0.05087719298245614
0 0.2062883435582822 0.7833333333333333 0.006441717791411043 0.1
0 0.16503067484662576 0.6280701754385964 0.005521472392638037 0.08421052631578947
0 0.324079754601227 0.3973684210526316 0.003374233128834356 0.06140350877192982
0 0.3602760736196319 0.3131578947368421 0.003374233128834356 0.054385964912280704
0 0.3960122699386503 0.6342105263157894 0.005521472392638037 0.0824561403508772
0 0.3987730061349693 0.47368421052631576 0.004294478527607362 0.06315789473684211
0 0.49033742331288344 0.6692982456140351 0.003987730061349694 0.07192982456140351
0 0.5726993865030675 0.631578947368421 0.005521472392638037 0.08421052631578947
0 0.5052147239263803 0.37105263157894736 0.0036809815950920245 0.05087719298245614
0 0.5021472392638037 0.2964912280701754 0.003067484662576687 0.05263157894736842
0 0.41886503067484665 0.45964912280701753 0.004601226993865031 0.07368421052631578
0 0.696319018404908 0.3684210526315789 0.0036809815950920245 0.05263157894736842
0 0.5513803680981595 0.5728070175438597 0.005214723926380368 0.07894736842105263
0 0.4941717791411043 0.6894736842105263 0.005521472392638037 0.08771929824561403
0 0.5495398773006135 0.393859649122807 0.003987730061349694 0.06140350877192982
0 0.5154907975460122 0.27280701754385966 0.003987730061349694 0.04035087719298246
0 0.29570552147239265 0.7201754385964912 0.006134969325153374 0.08596491228070176
0 0.4004601226993865 0.624561403508772 0.005214723926380368 0.08421052631578947
0 0.36319018404907977 0.43157894736842106 0.004294478527607362 0.06315789473684211
0 0.42346625766871165 0.4824561403508772 0.004601226993865031 0.07017543859649122
0 0.36549079754601227 0.306140350877193 0.003374233128834356 0.054385964912280704
0 0.26012269938650306 0.5771929824561404 0.006134969325153374 0.07719298245614035