0 0.20613496932515338 0.4114035087719298 0.005521472392638037 0.07543859649122807
0 0.24585889570552147 0.7719298245614035 0.006441717791411043 0.09824561403508772
0 0.21012269938650308 0.625438596491228 0.005521472392638037 0.06842105263157895
0 0.3254601226993865 0.45526315789473687 0.004294478527607362 0.06842105263157895
0 0.35736196319018404 0.35350877192982455 0.0036809815950920245 0.05789473684210526
0 0.31012269938650305 0.6587719298245615 0.005521472392638037 0.08947368421052632
0 0.37147239263803683 0.537719298245614 0.0049079754601227 0.07543859649122807
0 0.44079754601226995 0.631578947368421 0.005521472392638037 0.08421052631578947
0 0.5174846625766871 0.706140350877193 0.006134969325153374 0.08947368421052632
0 0.4854294478527607 0.41842105263157897 0.003987730061349694 0.06491228070175438
0 0.4946319018404908 0.33157894736842103 0.003374233128834356 0.056140350877192984
0 0.4251533742331288 0.4964912280701754 0.004294478527607362 0.07368421052631578
0 0.7015337423312883 0.37719298245614036 0.0036809815950920245 0.05964912280701754
0 0.5233128834355828 0.637719298245614 0.005521472392638037 0.08596491228070176
0 0.45904907975460124 0.6692982456140351 0.005214723926380368 0.0824561403508772
0 0.5285276073619631 0.45526315789473687 0.004294478527607362 0.06842105263157895
0 0.5023006134969326 0.33157894736842103 0.0027607361963190185 0.0456140350877193
0 0.36349693251533743 0.7201754385964912 0.006134969325153374 0.09298245614035087
0 0.3374233128834356 0.6587719298245615 0.0049079754601227 0.09298245614035087
0 0.34570552147239264 0.4763157894736842 0.004294478527607362 0.06842105263157895
0 0.3950920245398773 0.5517543859649123 0.0049079754601227 0.07192982456140351
0 0.3670245398773006 0.36403508771929827 0.003374233128834356 0.05789473684210526
0 0.25122699386503067 0.6078947368421053 0.006748466257668712 0.07894736842105263