0 0.2561349693251534 0.3631578947368421 0.003067484662576687 0.0456140350877193
0 0.43987730061349695 0.6982456140350877 0.006134969325153374 0.08771929824561403
0 0.4312883435582822 0.47719298245614034 0.0036809815950920245 0.07017543859649122
0 0.4446319018404908 0.34210526315789475 0.003374233128834356 0.056140350877192984
0 0.4639570552147239 0.24385964912280703 0.0027607361963190185 0.03859649122807018
0 0.48588957055214727 0.45 0.004294478527607362 0.054385964912280704
0 0.49171779141104294 0.3350877192982456 0.00245398773006135 0.0456140350877193
0 0.5411042944785276 0.7175438596491228 0.006134969325153374 0.08070175438596491
0 0.5938650306748466 0.4710526315789474 0.004294478527607362 0.06842105263157895
0 0.5400306748466258 0.34035087719298246 0.003374233128834356 0.056140350877192984
0 0.5157975460122699 0.23771929824561402 0.0027607361963190185 0.03684210526315789
0 0.4780674846625767 0.4605263157894737 0.003987730061349694 0.06842105263157895
0 0.7369631901840491 0.3570175438596491 0.003374233128834356 0.05789473684210526
0 0.644478527607362 0.47719298245614034 0.004294478527607362 0.06666666666666667
0 0.5737730061349693 0.7508771929824561 0.006441717791411043 0.08421052631578947
0 0.6042944785276073 0.2868421052631579 0.003067484662576687 0.05087719298245614
0 0.5093558282208589 0.1675438596491228 0.0027607361963190185 0.043859649122807015
0 0.4437116564417178 0.7596491228070176 0.006441717791411043 0.09824561403508772
0 0.5403374233128835 0.4166666666666667 0.003374233128834356 0.05087719298245614
0 0.4865030674846626 0.28157894736842104 0.003067484662576687 0.05087719298245614
0 0.46932515337423314 0.3482456140350877 0.0036809815950920245 0.05789473684210526
0 0.46180981595092024 0.1912280701754386 0.0027607361963190185 0.03508771929824561
0 0.43466257668711655 0.44035087719298244 0.0049079754601227 0.07719298245614035