0 0.19003067484662578 0.4201754385964912 0.003374233128834356 0.05087719298245614
0 0.20996932515337424 0.7868421052631579 0.006441717791411043 0.1
0 0.15736196319018406 0.6385964912280702 0.005521472392638037 0.07017543859649122
0 0.3179447852760736 0.40964912280701754 0.003374233128834356 0.06491228070175438
0 0.3590490797546012 0.3140350877192982 0.003374233128834356 0.0456140350877193
0 0.3815950920245399 0.6403508771929824 0.004294478527607362 0.0912280701754386
0 0.38880368098159507 0.49298245614035086 0.004601226993865031 0.06666666666666667
0 0.49877300613496933 0.6684210526315789 0.0049079754601227 0.08070175438596491
0 0.5641104294478527 0.6482456140350877 0.005521472392638037 0.08596491228070176
0 0.49846625766871167 0.3850877192982456 0.0036809815950920245 0.06140350877192982
0 0.49693251533742333 0.30350877192982456 0.003067484662576687 0.05263157894736842
0 0.423159509202454 0.4710526315789474 0.003987730061349694 0.07543859649122807
0 0.6950920245398773 0.3736842105263158 0.0036809815950920245 0.05964912280701754
0 0.5440184049079755 0.5789473684210527 0.005214723926380368 0.08070175438596491
0 0.503680981595092 0.6842105263157895 0.0049079754601227 0.09473684210526316
0 0.5449386503067485 0.4087719298245614 0.003987730061349694 0.06315789473684211
0 0.5081288343558282 0.29210526315789476 0.003374233128834356 0.04736842105263158
0 0.3085889570552147 0.7166666666666667 0.006134969325153374 0.09298245614035087
0 0.38742331288343557 0.6403508771929824 0.005521472392638037 0.08421052631578947
0 0.3512269938650307 0.443859649122807 0.004294478527607362 0.06315789473684211
0 0.4101226993865031 0.4964912280701754 0.0049079754601227 0.07368421052631578
0 0.3651840490797546 0.31666666666666665 0.003374233128834356 0.054385964912280704
0 0.24539877300613497 0.5894736842105263 0.005521472392638037 0.07017543859649122