0 0.19769938650306748 0.4166666666666667 0.004601226993865031 0.07192982456140351
0 0.23466257668711657 0.7719298245614035 0.006748466257668712 0.0912280701754386
0 0.18819018404907975 0.6464912280701754 0.005828220858895706 0.08596491228070176
0 0.3196319018404908 0.443859649122807 0.004294478527607362 0.06666666666666667
0 0.3558282208588957 0.34649122807017546 0.0036809815950920245 0.05789473684210526
0 0.3226993865030675 0.6631578947368421 0.005521472392638037 0.0912280701754386
0 0.3726993865030675 0.5271929824561403 0.0049079754601227 0.07192982456140351
0 0.4708588957055215 0.637719298245614 0.006134969325153374 0.09649122807017543
0 0.5414110429447853 0.6938596491228071 0.006134969325153374 0.07543859649122807
0 0.49003067484662577 0.4105263157894737 0.003987730061349694 0.06315789473684211
0 0.49187116564417177 0.3219298245614035 0.003374233128834356 0.054385964912280704
0 0.4233128834355828 0.49473684210526314 0.004294478527607362 0.07368421052631578
0 0.6966257668711656 0.3736842105263158 0.0036809815950920245 0.05964912280701754
0 0.5303680981595092 0.6078947368421053 0.005521472392638037 0.0824561403508772
0 0.48098159509202454 0.6719298245614035 0.005521472392638037 0.08771929824561403
0 0.5312883435582823 0.44035087719298244 0.004294478527607362 0.06666666666666667
0 0.502760736196319 0.3236842105263158 0.003067484662576687 0.05087719298245614
0 0.3398773006134969 0.7219298245614035 0.006134969325153374 0.09298245614035087
0 0.3476993865030675 0.6640350877192982 0.004601226993865031 0.0824561403508772
0 0.34355828220858897 0.47017543859649125 0.004294478527607362 0.06666666666666667
0 0.3929447852760736 0.5403508771929825 0.0049079754601227 0.07368421052631578
0 0.36503067484662577 0.3526315789473684 0.003067484662576687 0.056140350877192984
0 0.2420245398773006 0.606140350877193 0.006748466257668712 0.07894736842105263