0 0.18957055214723925 0.4201754385964912 0.0036809815950920245 0.05087719298245614
0 0.21226993865030674 0.7868421052631579 0.006748466257668712 0.1
0 0.15904907975460122 0.6526315789473685 0.005828220858895706 0.08771929824561403
0 0.3164110429447853 0.4166666666666667 0.003374233128834356 0.06491228070175438
0 0.35874233128834354 0.32105263157894737 0.003374233128834356 0.04912280701754386
0 0.375920245398773 0.6464912280701754 0.003987730061349694 0.08947368421052632
0 0.38512269938650306 0.4982456140350877 0.004601226993865031 0.06315789473684211
0 0.49923312883435583 0.6631578947368421 0.004601226993865031 0.08070175438596491
0 0.5598159509202454 0.6543859649122807 0.005521472392638037 0.08421052631578947
0 0.4967791411042945 0.39210526315789473 0.003987730061349694 0.06140350877192982
0 0.49371165644171777 0.3078947368421053 0.003374233128834356 0.054385964912280704
0 0.4236196319018405 0.4763157894736842 0.004294478527607362 0.07894736842105263
0 0.6950920245398773 0.3719298245614035 0.0036809815950920245 0.05964912280701754
0 0.5409509202453988 0.5859649122807018 0.005214723926380368 0.08070175438596491
0 0.5072085889570552 0.6833333333333333 0.005214723926380368 0.1
0 0.5418711656441718 0.4166666666666667 0.003987730061349694 0.06491228070175438
0 0.5052147239263803 0.2982456140350877 0.0036809815950920245 0.04912280701754386
0 0.3147239263803681 0.7201754385964912 0.006134969325153374 0.09298245614035087
0 0.3829754601226994 0.6429824561403509 0.005828220858895706 0.08596491228070176
0 0.347239263803681 0.4517543859649123 0.004294478527607362 0.06140350877192982
0 0.40475460122699386 0.5035087719298246 0.004601226993865031 0.07368421052631578
0 0.36487730061349694 0.3219298245614035 0.003374233128834356 0.05087719298245614
0 0.24125766871165644 0.593859649122807 0.005214723926380368 0.06491228070175438