0 0.24877300613496933 0.3587719298245614 0.004294478527607362 0.06842105263157895
0 0.40521472392638036 0.6991228070175438 0.005521472392638037 0.08947368421052632
0 0.3782208588957055 0.5964912280701754 0.004294478527607362 0.08070175438596491
0 0.41042944785276075 0.39824561403508774 0.0036809815950920245 0.06666666666666667
0 0.4306748466257669 0.29385964912280704 0.003067484662576687 0.05087719298245614
0 0.4521472392638037 0.5543859649122806 0.0049079754601227 0.07719298245614035
0 0.45199386503067485 0.42894736842105263 0.003987730061349694 0.05087719298245614
0 0.5035276073619632 0.6710526315789473 0.005828220858895706 0.08947368421052632
0 0.5739263803680982 0.44298245614035087 0.004294478527607362 0.06140350877192982
0 0.5116564417177915 0.45 0.004294478527607362 0.05789473684210526
0 0.5093558282208589 0.24385964912280703 0.0027607361963190185 0.017543859649122806
0 0.4504601226993865 0.4982456140350877 0.004601226993865031 0.07719298245614035
0 0.7171779141104294 0.34385964912280703 0.003067484662576687 0.056140350877192984
0 0.5969325153374233 0.5412280701754386 0.0049079754601227 0.07543859649122807
0 0.55 0.7192982456140351 0.006134969325153374 0.0912280701754386
0 0.5796012269938651 0.32894736842105265 0.005214723926380368 0.06140350877192982
0 0.5437116564417178 0.25263157894736843 0.0027607361963190185 0.04912280701754386
0 0.40061349693251536 0.7543859649122807 0.006748466257668712 0.10175438596491228
0 0.5042944785276073 0.5201754385964912 0.0049079754601227 0.06491228070175438
0 0.4651840490797546 0.36403508771929827 0.003987730061349694 0.054385964912280704
0 0.536963190184049 0.4692982456140351 0.003374233128834356 0.06842105263157895
0 0.4464723926380368 0.19298245614035087 0.003987730061349694 0.04912280701754386
0 0.37883435582822084 0.6412280701754386 0.004294478527607362 0.07894736842105263