0 0.24846625766871167 0.356140350877193 0.00245398773006135 0.05964912280701754
0 0.38542944785276073 0.5578947368421052 0.003987730061349694 0.06315789473684211
0 0.3978527607361963 0.4482456140350877 0.005521472392638037 0.07894736842105263
0 0.40383435582822086 0.3894736842105263 0.0027607361963190185 0.05964912280701754
0 0.4144171779141104 0.30526315789473685 0.003067484662576687 0.05964912280701754
0 0.4607361963190184 0.3736842105263158 0.0036809815950920245 0.05964912280701754
0 0.43849693251533745 0.5052631578947369 0.004601226993865031 0.07368421052631578
0 0.42484662576687116 0.6157894736842106 0.005521472392638037 0.08421052631578947
0 0.5084355828220859 0.5035087719298246 0.004601226993865031 0.05964912280701754
0 0.5154907975460122 0.39035087719298245 0.003987730061349694 0.06140350877192982
0 0.4464723926380368 0.2596491228070175 0.0027607361963190185 0.04912280701754386
0 0.4144171779141104 0.537719298245614 0.004294478527607362 0.07192982456140351
0 0.7134969325153374 0.35350877192982455 0.0036809815950920245 0.05789473684210526
0 0.5319018404907976 0.5535087719298246 0.004294478527607362 0.07192982456140351
0 0.42622699386503066 0.7385964912280701 0.006441717791411043 0.09473684210526316
0 0.5888036809815951 0.3078947368421053 0.003374233128834356 0.054385964912280704
0 0.4687116564417178 0.18771929824561404 0.00245398773006135 0.042105263157894736
0 0.3642638036809816 0.7350877192982456 0.006441717791411043 0.09473684210526316
0 0.44969325153374234 0.519298245614035 0.0049079754601227 0.07368421052631578
0 0.4156441717791411 0.5 0.004294478527607362 0.06666666666666667
0 0.47822085889570554 0.37719298245614036 0.0036809815950920245 0.05964912280701754
0 0.42300613496932515 0.2850877192982456 0.003067484662576687 0.05087719298245614
0 0.400920245398773 0.42105263157894735 0.004294478527607362 0.07368421052631578