0 0.3309815950920245 0.28596491228070176 0.003067484662576687 0.056140350877192984
0 0.49524539877300616 0.4114035087719298 0.003374233128834356 0.04035087719298246
0 0.45996932515337424 0.2596491228070175 0.0027607361963190185 0.04912280701754386
0 0.4644171779141104 0.17456140350877192 0.003067484662576687 0.043859649122807015
0 0.5294478527607362 0.15175438596491228 0.00245398773006135 0.04035087719298246
0 0.5559815950920245 0.2543859649122807 0.003374233128834356 0.05263157894736842
0 0.5150306748466258 0.18771929824561404 0.00245398773006135 0.03859649122807018
0 0.6104294478527608 0.37719298245614036 0.0036809815950920245 0.05964912280701754
0 0.5869631901840491 0.25087719298245614 0.0027607361963190185 0.042105263157894736
0 0.5297546012269939 0.27280701754385966 0.003067484662576687 0.05087719298245614
0 0.557361963190184 0.16140350877192983 0.00245398773006135 0.031578947368421054
0 0.5403374233128835 0.2307017543859649 0.003374233128834356 0.054385964912280704
0 0.7125766871165644 0.3 0.003067484662576687 0.05263157894736842
0 0.602760736196319 0.2710526315789474 0.003067484662576687 0.043859649122807015
0 0.629601226993865 0.3368421052631579 0.003374233128834356 0.056140350877192984
0 0.5993865030674846 0.22280701754385965 0.004294478527607362 0.056140350877192984
0 0.5815950920245399 0.17894736842105263 0.003067484662576687 0.03859649122807018
0 0.5484662576687117 0.37543859649122807 0.0036809815950920245 0.05964912280701754
0 0.5650306748466257 0.2710526315789474 0.003067484662576687 0.05087719298245614
0 0.5233128834355828 0.2149122807017544 0.00245398773006135 0.043859649122807015
0 0.5665644171779141 0.20877192982456141 0.0036809815950920245 0.0456140350877193
0 0.5354294478527607 0.16666666666666666 0.003374233128834356 0.0456140350877193
0 0.4820552147239264 0.21754385964912282 0.0027607361963190185 0.04912280701754386