0 0.3039877300613497 0.30526315789473685 0.003067484662576687 0.05263157894736842
0 0.5273006134969325 0.6228070175438597 0.005521472392638037 0.08421052631578947
0 0.4771472392638037 0.393859649122807 0.003987730061349694 0.06140350877192982
0 0.4840490797546012 0.22807017543859648 0.00245398773006135 0.0456140350877193
0 0.5539877300613497 0.17017543859649123 0.0049079754601227 0.042105263157894736
0 0.5141104294478528 0.21929824561403508 0.00245398773006135 0.0456140350877193
0 0.5225460122699387 0.3350877192982456 0.003374233128834356 0.05263157894736842
0 0.662883435582822 0.48947368421052634 0.004294478527607362 0.06666666666666667
0 0.6319018404907976 0.2833333333333333 0.003067484662576687 0.04736842105263158
0 0.6026073619631902 0.2912280701754386 0.005214723926380368 0.05964912280701754
0 0.5426380368098159 0.21052631578947367 0.00245398773006135 0.03859649122807018
0 0.5607361963190184 0.24210526315789474 0.003067484662576687 0.04912280701754386
0 0.7455521472392638 0.31666666666666665 0.003374233128834356 0.054385964912280704
0 0.6418711656441718 0.3429824561403509 0.003374233128834356 0.05789473684210526
0 0.6607361963190184 0.44035087719298244 0.0049079754601227 0.07368421052631578
0 0.6365030674846626 0.27456140350877195 0.0036809815950920245 0.05789473684210526
0 0.574079754601227 0.1868421052631579 0.003374233128834356 0.043859649122807015
0 0.5964723926380369 0.4921052631578947 0.004601226993865031 0.07192982456140351
0 0.5973926380368099 0.34385964912280703 0.003374233128834356 0.056140350877192984
0 0.5641104294478527 0.2771929824561403 0.003067484662576687 0.04912280701754386
0 0.5845092024539877 0.2482456140350877 0.003987730061349694 0.054385964912280704
0 0.5576687116564417 0.19649122807017544 0.0036809815950920245 0.042105263157894736
0 0.5151840490797546 0.37456140350877193 0.003987730061349694 0.07192982456140351