0 0.30598159509202455 0.306140350877193 0.0027607361963190185 0.04736842105263158
0 0.5604294478527607 0.5885964912280702 0.004294478527607362 0.07894736842105263
0 0.4598159509202454 0.34912280701754383 0.0036809815950920245 0.05263157894736842
0 0.4647239263803681 0.20614035087719298 0.00245398773006135 0.043859649122807015
0 0.5173312883435582 0.17280701754385966 0.0027607361963190185 0.043859649122807015
0 0.5225460122699387 0.3368421052631579 0.003374233128834356 0.05964912280701754
0 0.5469325153374233 0.21842105263157896 0.003067484662576687 0.03333333333333333
0 0.587116564417178 0.4421052631578947 0.004294478527607362 0.06666666666666667
0 0.5941717791411043 0.29736842105263156 0.003067484662576687 0.043859649122807015
0 0.504601226993865 0.2982456140350877 0.003067484662576687 0.05263157894736842
0 0.5746932515337423 0.18421052631578946 0.002147239263803681 0.031578947368421054
0 0.5346625766871166 0.23771929824561402 0.003067484662576687 0.05087719298245614
0 0.751840490797546 0.3385964912280702 0.0036809815950920245 0.05263157894736842
0 0.6164110429447853 0.3236842105263158 0.003374233128834356 0.054385964912280704
0 0.6029141104294479 0.41842105263157897 0.003987730061349694 0.06491228070175438
0 0.6024539877300613 0.2771929824561403 0.003067484662576687 0.04912280701754386
0 0.5866564417177914 0.20526315789473684 0.003987730061349694 0.03859649122807018
0 0.5760736196319018 0.46578947368421053 0.004294478527607362 0.06842105263157895
0 0.5225460122699387 0.3201754385964912 0.003374233128834356 0.054385964912280704
0 0.5164110429447852 0.23333333333333334 0.003374233128834356 0.0456140350877193
0 0.5651840490797546 0.27280701754385966 0.0027607361963190185 0.04035087719298246
0 0.53420245398773 0.17719298245614035 0.0027607361963190185 0.0456140350877193
0 0.48634969325153377 0.2517543859649123 0.003374233128834356 0.04736842105263158