0 0.28343558282208586 0.32280701754385965 0.0036809815950920245 0.05263157894736842
0 0.47162576687116564 0.443859649122807 0.003987730061349694 0.05964912280701754
0 0.46717791411042947 0.3368421052631579 0.003067484662576687 0.05263157894736842
0 0.4789877300613497 0.25263157894736843 0.0027607361963190185 0.04912280701754386
0 0.4789877300613497 0.17894736842105263 0.002147239263803681 0.03859649122807018
0 0.5202453987730061 0.29035087719298247 0.003067484662576687 0.04736842105263158
0 0.5193251533742331 0.21578947368421053 0.00245398773006135 0.03859649122807018
0 0.5633435582822086 0.39824561403508774 0.003987730061349694 0.05263157894736842
0 0.5894171779141104 0.25701754385964914 0.0027607361963190185 0.043859649122807015
0 0.621319018404908 0.22894736842105262 0.0027607361963190185 0.03684210526315789
0 0.5966257668711656 0.18596491228070175 0.00245398773006135 0.031578947368421054
0 0.5289877300613497 0.32280701754385965 0.003374233128834356 0.04912280701754386
0 0.7403374233128834 0.3078947368421053 0.003374233128834356 0.05087719298245614
0 0.6871165644171779 0.39473684210526316 0.0049079754601227 0.07719298245614035
0 0.6357361963190185 0.4964912280701754 0.004601226993865031 0.05964912280701754
0 0.6641104294478528 0.21228070175438596 0.00245398773006135 0.03859649122807018
0 0.6004601226993865 0.18070175438596492 0.002147239263803681 0.031578947368421054
0 0.4835889570552147 0.47192982456140353 0.004601226993865031 0.07017543859649122
0 0.5707055214723926 0.3192982456140351 0.003374233128834356 0.04912280701754386
0 0.49984662576687117 0.24561403508771928 0.0027607361963190185 0.042105263157894736
0 0.5955521472392638 0.2394736842105263 0.0027607361963190185 0.04035087719298246
0 0.4838957055214724 0.17280701754385966 0.005214723926380368 0.043859649122807015
0 0.4696319018404908 0.32894736842105265 0.003067484662576687 0.054385964912280704