0 0.25736196319018406 0.387719298245614 0.0049079754601227 0.056140350877192984
0 0.561042944785276 0.6771929824561403 0.0049079754601227 0.07719298245614035
0 0.43374233128834355 0.55 0.0049079754601227 0.06491228070175438
0 0.47070552147239264 0.3412280701754386 0.0027607361963190185 0.06491228070175438
0 0.49877300613496933 0.19736842105263158 0.00245398773006135 0.04035087719298246
0 0.5297546012269939 0.5666666666666667 0.0036809815950920245 0.07719298245614035
0 0.5401840490797546 0.37543859649122807 0.0036809815950920245 0.056140350877192984
0 0.6855828220858896 0.5543859649122806 0.0049079754601227 0.07017543859649122
0 0.7208588957055214 0.7798245614035088 0.006134969325153374 0.07894736842105263
0 0.6042944785276073 0.3719298245614035 0.0036809815950920245 0.05964912280701754
0 0.5984662576687116 0.2517543859649123 0.005521472392638037 0.05789473684210526
0 0.570398773006135 0.37105263157894736 0.003374233128834356 0.05087719298245614
0 0.7588957055214723 0.35175438596491226 0.0036809815950920245 0.05789473684210526
0 0.713957055214724 0.5587719298245614 0.005214723926380368 0.07192982456140351
0 0.7237730061349693 0.7552631578947369 0.006441717791411043 0.0824561403508772
0 0.683282208588957 0.4219298245614035 0.003987730061349694 0.06140350877192982
0 0.6282208588957056 0.2964912280701754 0.003067484662576687 0.05263157894736842
0 0.5904907975460123 0.7096491228070175 0.006134969325153374 0.0824561403508772
0 0.6291411042944786 0.5973684210526315 0.005521472392638037 0.0824561403508772
0 0.5297546012269939 0.5368421052631579 0.0049079754601227 0.07017543859649122
0 0.6131901840490798 0.45087719298245615 0.004294478527607362 0.06666666666666667
0 0.5615030674846626 0.2710526315789474 0.003374233128834356 0.043859649122807015
0 0.4854294478527607 0.5745614035087719 0.005214723926380368 0.07894736842105263