0 0.20874233128834355 0.40964912280701754 0.005828220858895706 0.07894736842105263
0 0.24877300613496933 0.7719298245614035 0.005521472392638037 0.09824561403508772
0 0.21717791411042944 0.6307017543859649 0.005521472392638037 0.0824561403508772
0 0.3273006134969325 0.45526315789473687 0.004294478527607362 0.06842105263157895
0 0.3585889570552147 0.35526315789473684 0.0036809815950920245 0.05789473684210526
0 0.3090490797546012 0.6491228070175439 0.005214723926380368 0.08771929824561403
0 0.37147239263803683 0.5421052631578948 0.0049079754601227 0.07368421052631578
0 0.4315950920245399 0.6350877192982456 0.005521472392638037 0.08421052631578947
0 0.504601226993865 0.6973684210526315 0.006134969325153374 0.09298245614035087
0 0.4838957055214724 0.4219298245614035 0.003987730061349694 0.06491228070175438
0 0.49555214723926383 0.3350877192982456 0.003374233128834356 0.056140350877192984
0 0.4260736196319018 0.4956140350877193 0.004294478527607362 0.07543859649122807
0 0.7030674846625767 0.37719298245614036 0.0036809815950920245 0.05964912280701754
0 0.5179447852760736 0.6526315789473685 0.005828220858895706 0.08771929824561403
0 0.4541411042944785 0.6798245614035088 0.005828220858895706 0.08947368421052632
0 0.5285276073619631 0.4605263157894737 0.004294478527607362 0.06842105263157895
0 0.5026073619631902 0.3350877192982456 0.0027607361963190185 0.04912280701754386
0 0.372239263803681 0.7280701754385965 0.006441717791411043 0.09473684210526316
0 0.3337423312883436 0.6631578947368421 0.0049079754601227 0.08421052631578947
0 0.34800613496932514 0.47719298245614034 0.004601226993865031 0.05964912280701754
0 0.39754601226993863 0.5561403508771929 0.0049079754601227 0.07368421052631578
0 0.36901840490797544 0.36666666666666664 0.003067484662576687 0.05964912280701754
0 0.25398773006134967 0.6096491228070176 0.006748466257668712 0.07894736842105263