0 0.24708588957055214 0.36140350877192984 0.003987730061349694 0.06315789473684211
0 0.40782208588957053 0.7035087719298245 0.006441717791411043 0.09473684210526316
0 0.37653374233128833 0.6052631578947368 0.004601226993865031 0.08070175438596491
0 0.40996932515337425 0.40087719298245617 0.003374233128834356 0.06491228070175438
0 0.43098159509202455 0.2894736842105263 0.003067484662576687 0.03859649122807018
0 0.45383435582822085 0.5622807017543859 0.005214723926380368 0.07894736842105263
0 0.4484662576687117 0.44473684210526315 0.004294478527607362 0.06140350877192982
0 0.5035276073619632 0.6745614035087719 0.005214723926380368 0.08947368421052632
0 0.5748466257668712 0.43508771929824563 0.004294478527607362 0.056140350877192984
0 0.5101226993865031 0.45087719298245615 0.004294478527607362 0.06666666666666667
0 0.5118098159509202 0.23684210526315788 0.0027607361963190185 0.0456140350877193
0 0.45153374233128835 0.49736842105263157 0.004294478527607362 0.07543859649122807
0 0.716717791411043 0.3456140350877193 0.003374233128834356 0.05263157894736842
0 0.5984662576687116 0.5456140350877193 0.0049079754601227 0.07719298245614035
0 0.5503067484662577 0.7280701754385965 0.006134969325153374 0.09473684210526316
0 0.5796012269938651 0.3298245614035088 0.005214723926380368 0.06315789473684211
0 0.5461656441717792 0.2543859649122807 0.0027607361963190185 0.04912280701754386
0 0.40613496932515336 0.7535087719298246 0.006748466257668712 0.10350877192982456
0 0.5021472392638037 0.5342105263157895 0.0049079754601227 0.06842105263157895
0 0.4628834355828221 0.37105263157894736 0.004294478527607362 0.054385964912280704
0 0.5320552147239264 0.4675438596491228 0.003374233128834356 0.06842105263157895
0 0.44585889570552145 0.193859649122807 0.003987730061349694 0.05087719298245614
0 0.38144171779141106 0.6464912280701754 0.003987730061349694 0.07543859649122807