0 0.2723926380368098 0.3719298245614035 0.0049079754601227 0.07017543859649122
0 0.4263803680981595 0.5929824561403508 0.003067484662576687 0.06666666666666667
0 0.4415644171779141 0.4921052631578947 0.004601226993865031 0.07192982456140351
0 0.4331288343558282 0.39473684210526316 0.004294478527607362 0.06315789473684211
0 0.4297546012269939 0.40350877192982454 0.003067484662576687 0.06315789473684211
0 0.5021472392638037 0.4473684210526316 0.004294478527607362 0.06315789473684211
0 0.48098159509202454 0.5298245614035088 0.006748466257668712 0.05964912280701754
0 0.5483128834355828 0.5964912280701754 0.005214723926380368 0.06666666666666667
0 0.6245398773006134 0.5447368421052632 0.0049079754601227 0.07192982456140351
0 0.5976993865030675 0.4087719298245614 0.003987730061349694 0.06315789473684211
0 0.5374233128834356 0.28771929824561404 0.003067484662576687 0.04912280701754386
0 0.4633435582822086 0.3991228070175439 0.0027607361963190185 0.05789473684210526
0 0.7312883435582822 0.3631578947368421 0.0036809815950920245 0.05964912280701754
0 0.5983128834355829 0.5008771929824561 0.004601226993865031 0.07192982456140351
0 0.5130368098159509 0.6605263157894737 0.005828220858895706 0.08596491228070176
0 0.5875766871165644 0.32456140350877194 0.003374233128834356 0.056140350877192984
0 0.53420245398773 0.23508771929824562 0.0027607361963190185 0.042105263157894736
0 0.4156441717791411 0.706140350877193 0.006134969325153374 0.09298245614035087
0 0.5306748466257669 0.4807017543859649 0.004294478527607362 0.07017543859649122
0 0.5107361963190185 0.5280701754385965 0.0049079754601227 0.06315789473684211
0 0.5417177914110429 0.3850877192982456 0.0036809815950920245 0.06140350877192982
0 0.452760736196319 0.45263157894736844 0.004294478527607362 0.06315789473684211
0 0.4486196319018405 0.42280701754385963 0.004601226993865031 0.056140350877192984