0 0.32561349693251534 0.33157894736842103 0.003374233128834356 0.056140350877192984
0 0.7309815950920245 0.6464912280701754 0.007975460122699387 0.09298245614035087
0 0.48865030674846627 0.3736842105263158 0.0036809815950920245 0.05964912280701754
0 0.48282208588957054 0.29210526315789476 0.003067484662576687 0.04736842105263158
0 0.549079754601227 0.18947368421052632 0.00245398773006135 0.042105263157894736
0 0.5615030674846626 0.34649122807017546 0.003374233128834356 0.054385964912280704
0 0.6016871165644172 0.26052631578947366 0.003374233128834356 0.043859649122807015
0 0.5210122699386504 0.4745614035087719 0.004601226993865031 0.06842105263157895
0 0.6881901840490797 0.37456140350877193 0.003987730061349694 0.06842105263157895
0 0.6929447852760736 0.35526315789473684 0.0036809815950920245 0.054385964912280704
0 0.656441717791411 0.24210526315789474 0.0036809815950920245 0.04912280701754386
0 0.619478527607362 0.3973684210526316 0.003987730061349694 0.06491228070175438
0 0.7150306748466257 0.2894736842105263 0.003067484662576687 0.0456140350877193
0 0.7164110429447853 0.3850877192982456 0.004601226993865031 0.06140350877192982
0 0.68420245398773 0.5728070175438597 0.005214723926380368 0.07894736842105263
0 0.6837423312883436 0.26842105263157895 0.003067484662576687 0.0456140350877193
0 0.6970858895705522 0.28771929824561404 0.004601226993865031 0.05263157894736842
0 0.71579754601227 0.6368421052631579 0.005214723926380368 0.08070175438596491
0 0.6438650306748466 0.37105263157894736 0.0036809815950920245 0.05789473684210526
0 0.5874233128834356 0.29912280701754385 0.003067484662576687 0.05087719298245614
0 0.6110429447852761 0.2412280701754386 0.0036809815950920245 0.05087719298245614
0 0.575920245398773 0.1570175438596491 0.003374233128834356 0.043859649122807015
0 0.47837423312883437 0.3175438596491228 0.0027607361963190185 0.05263157894736842