0 0.2912576687116564 0.3298245614035088 0.003374233128834356 0.06315789473684211
0 0.48113496932515337 0.49122807017543857 0.004601226993865031 0.07017543859649122
0 0.4831288343558282 0.3675438596491228 0.003067484662576687 0.06140350877192982
0 0.48865030674846627 0.2885964912280702 0.003067484662576687 0.04736842105263158
0 0.499079754601227 0.2043859649122807 0.00245398773006135 0.043859649122807015
0 0.6397239263803681 0.2894736842105263 0.003987730061349694 0.056140350877192984
0 0.5438650306748466 0.2736842105263158 0.003067484662576687 0.042105263157894736
0 0.572239263803681 0.49473684210526314 0.004601226993865031 0.07017543859649122
0 0.6634969325153375 0.43859649122807015 0.004294478527607362 0.06666666666666667
0 0.623159509202454 0.22456140350877193 0.0027607361963190185 0.0456140350877193
0 0.558282208588957 0.19912280701754387 0.00245398773006135 0.04035087719298246
0 0.5463190184049079 0.3508771929824561 0.0036809815950920245 0.056140350877192984
0 0.7484662576687117 0.30087719298245613 0.003067484662576687 0.04736842105263158
0 0.7046012269938651 0.4587719298245614 0.004294478527607362 0.06842105263157895
0 0.6088957055214724 0.6859649122807018 0.006134969325153374 0.0912280701754386
0 0.6262269938650307 0.18070175438596492 0.002147239263803681 0.031578947368421054
0 0.531441717791411 0.16403508771929826 0.002147239263803681 0.03684210526315789
0 0.4874233128834356 0.6394736842105263 0.005521472392638037 0.08596491228070176
0 0.6226993865030674 0.3719298245614035 0.0036809815950920245 0.056140350877192984
0 0.5262269938650307 0.25 0.0027607361963190185 0.04736842105263158
0 0.6401840490797546 0.2982456140350877 0.0049079754601227 0.05964912280701754
0 0.5101226993865031 0.20087719298245615 0.003067484662576687 0.043859649122807015
0 0.4812883435582822 0.33157894736842103 0.004294478527607362 0.06315789473684211