0 0.2504601226993865 0.3543859649122807 0.003987730061349694 0.056140350877192984
0 0.39478527607361963 0.5833333333333334 0.004294478527607362 0.07192982456140351
0 0.4102760736196319 0.4649122807017544 0.004601226993865031 0.06666666666666667
0 0.40475460122699386 0.41403508771929826 0.003987730061349694 0.06315789473684211
0 0.4226993865030675 0.32105263157894737 0.003067484662576687 0.05964912280701754
0 0.4754601226993865 0.387719298245614 0.0036809815950920245 0.05263157894736842
0 0.4587423312883436 0.5140350877192983 0.003987730061349694 0.05964912280701754
0 0.4466257668711656 0.6105263157894737 0.005521472392638037 0.07719298245614035
0 0.5406441717791411 0.5035087719298246 0.004601226993865031 0.06666666666666667
0 0.5243865030674847 0.39824561403508774 0.003987730061349694 0.06315789473684211
0 0.454601226993865 0.27631578947368424 0.003067484662576687 0.05087719298245614
0 0.4352760736196319 0.4614035087719298 0.00245398773006135 0.06666666666666667
0 0.7027607361963191 0.35350877192982455 0.0036809815950920245 0.05789473684210526
0 0.5604294478527607 0.5508771929824562 0.004294478527607362 0.07017543859649122
0 0.4484662576687117 0.6894736842105263 0.006134969325153374 0.0912280701754386
0 0.5822085889570552 0.29473684210526313 0.003067484662576687 0.05263157894736842
0 0.47530674846625764 0.2 0.0027607361963190185 0.0456140350877193
0 0.37530674846625767 0.7385964912280701 0.006441717791411043 0.09473684210526316
0 0.4947852760736196 0.5289473684210526 0.0049079754601227 0.07543859649122807
0 0.4578220858895706 0.5026315789473684 0.003374233128834356 0.06842105263157895
0 0.5042944785276073 0.3736842105263158 0.0036809815950920245 0.05964912280701754
0 0.4312883435582822 0.30526315789473685 0.003067484662576687 0.04912280701754386
0 0.41978527607361965 0.4412280701754386 0.003987730061349694 0.06842105263157895