0 0.3432515337423313 0.2789473684210526 0.004294478527607362 0.07017543859649122
0 0.49555214723926383 0.4149122807017544 0.003987730061349694 0.03684210526315789
0 0.4532208588957055 0.23333333333333334 0.0027607361963190185 0.0456140350877193
0 0.475920245398773 0.20526315789473684 0.003374233128834356 0.0456140350877193
0 0.5478527607361963 0.1570175438596491 0.00245398773006135 0.04736842105263158
0 0.570398773006135 0.23421052631578948 0.0027607361963190185 0.04736842105263158
0 0.5273006134969325 0.2043859649122807 0.00245398773006135 0.04035087719298246
0 0.6108895705521472 0.39824561403508774 0.003987730061349694 0.05964912280701754
0 0.5946319018404908 0.2614035087719298 0.0027607361963190185 0.04912280701754386
0 0.5395705521472393 0.2692982456140351 0.003067484662576687 0.043859649122807015
0 0.5544478527607362 0.17982456140350878 0.002147239263803681 0.02982456140350877
0 0.5516871165644172 0.2394736842105263 0.003374233128834356 0.054385964912280704
0 0.712116564417178 0.30964912280701756 0.003374233128834356 0.054385964912280704
0 0.6256134969325153 0.2754385964912281 0.003987730061349694 0.056140350877192984
0 0.6263803680981596 0.35175438596491226 0.0036809815950920245 0.05789473684210526
0 0.6035276073619632 0.22894736842105262 0.003987730061349694 0.054385964912280704
0 0.6007668711656442 0.20701754385964913 0.003374233128834356 0.04912280701754386
0 0.5516871165644172 0.39210526315789473 0.003987730061349694 0.06140350877192982
0 0.5634969325153374 0.27456140350877195 0.003067484662576687 0.05087719298245614
0 0.5299079754601227 0.24561403508771928 0.0027607361963190185 0.0456140350877193
0 0.5599693251533743 0.20964912280701756 0.0027607361963190185 0.043859649122807015
0 0.5085889570552147 0.16228070175438597 0.003067484662576687 0.04035087719298246
0 0.48190184049079754 0.21578947368421053 0.003067484662576687 0.04912280701754386