0 0.30214723926380366 0.3850877192982456 0.004294478527607362 0.06842105263157895
0 0.5680981595092025 0.7096491228070175 0.006134969325153374 0.08947368421052632
0 0.49708588957055216 0.5859649122807018 0.005214723926380368 0.08070175438596491
0 0.495398773006135 0.4307017543859649 0.004294478527607362 0.06491228070175438
0 0.5105828220858896 0.2596491228070175 0.0027607361963190185 0.042105263157894736
0 0.5923312883435583 0.5587719298245614 0.004294478527607362 0.07894736842105263
0 0.5966257668711656 0.4675438596491228 0.004294478527607362 0.06491228070175438
0 0.7645705521472392 0.5903508771929824 0.005214723926380368 0.05789473684210526
0 0.6894171779141104 0.5657894736842105 0.005828220858895706 0.08947368421052632
0 0.7075153374233129 0.5614035087719298 0.005214723926380368 0.07719298245614035
0 0.6187116564417178 0.312280701754386 0.003067484662576687 0.04912280701754386
0 0.5909509202453987 0.4298245614035088 0.003987730061349694 0.06315789473684211
0 0.7720858895705521 0.35964912280701755 0.0036809815950920245 0.05263157894736842
0 0.8196319018404908 0.6342105263157894 0.005521472392638037 0.07543859649122807
0 0.772239263803681 0.7289473684210527 0.006441717791411043 0.08596491228070176
0 0.717638036809816 0.3991228070175439 0.003987730061349694 0.06140350877192982
0 0.6466257668711657 0.2657894736842105 0.003067484662576687 0.04736842105263158
0 0.5869631901840491 0.7482456140350877 0.006441717791411043 0.09649122807017543
0 0.697239263803681 0.55 0.0049079754601227 0.06842105263157895
0 0.5645705521472393 0.49122807017543857 0.004601226993865031 0.06666666666666667
0 0.6855828220858896 0.47192982456140353 0.004294478527607362 0.05964912280701754
0 0.5340490797546013 0.23421052631578948 0.004294478527607362 0.04736842105263158
0 0.5090490797546012 0.5947368421052631 0.005214723926380368 0.08070175438596491