0 0.2121165644171779 0.38421052631578945 0.003374233128834356 0.07017543859649122
0 0.23773006134969324 0.5184210526315789 0.0049079754601227 0.06491228070175438
0 0.34524539877300614 0.49473684210526314 0.005214723926380368 0.07017543859649122
0 0.27085889570552146 0.43859649122807015 0.004294478527607362 0.06315789473684211
0 0.33358895705521474 0.3350877192982456 0.003374233128834356 0.056140350877192984
0 0.40199386503067486 0.39824561403508774 0.003987730061349694 0.06315789473684211
0 0.421319018404908 0.5622807017543859 0.005214723926380368 0.07192982456140351
0 0.4254601226993865 0.6140350877192983 0.005521472392638037 0.08421052631578947
0 0.5162576687116565 0.5245614035087719 0.0049079754601227 0.07368421052631578
0 0.49003067484662577 0.3929824561403509 0.003987730061349694 0.056140350877192984
0 0.45015337423312884 0.24385964912280703 0.0027607361963190185 0.042105263157894736
0 0.39570552147239263 0.45 0.004294478527607362 0.07192982456140351
0 0.685122699386503 0.3385964912280702 0.003374233128834356 0.056140350877192984
0 0.5611963190184049 0.5640350877192982 0.005214723926380368 0.07894736842105263
0 0.448159509202454 0.712280701754386 0.0049079754601227 0.10175438596491228
0 0.5559815950920245 0.3447368421052632 0.003374233128834356 0.05789473684210526
0 0.49800613496932516 0.24298245614035088 0.0027607361963190185 0.04035087719298246
0 0.3291411042944785 0.6850877192982456 0.006134969325153374 0.0824561403508772
0 0.46671779141104297 0.5587719298245614 0.005214723926380368 0.07894736842105263
0 0.35 0.5368421052631579 0.004294478527607362 0.07017543859649122
0 0.4317484662576687 0.4087719298245614 0.003987730061349694 0.06315789473684211
0 0.36441717791411044 0.2868421052631579 0.004294478527607362 0.05087719298245614
0 0.22377300613496934 0.5245614035087719 0.004601226993865031 0.07368421052631578