0 0.23052147239263804 0.387719298245614 0.003987730061349694 0.05263157894736842
0 0.2946319018404908 0.5403508771929825 0.004601226993865031 0.07017543859649122
0 0.3642638036809816 0.506140350877193 0.005214723926380368 0.07192982456140351
0 0.31993865030674845 0.4456140350877193 0.0049079754601227 0.07017543859649122
0 0.36226993865030677 0.3307017543859649 0.0036809815950920245 0.05789473684210526
0 0.4167177914110429 0.4087719298245614 0.003987730061349694 0.06315789473684211
0 0.4292944785276074 0.5622807017543859 0.005214723926380368 0.07543859649122807
0 0.4223926380368098 0.6298245614035087 0.005521472392638037 0.08070175438596491
0 0.5230061349693251 0.5350877192982456 0.0049079754601227 0.07368421052631578
0 0.49371165644171777 0.39035087719298245 0.003987730061349694 0.06140350877192982
0 0.4446319018404908 0.2412280701754386 0.0027607361963190185 0.043859649122807015
0 0.40015337423312886 0.45789473684210524 0.003374233128834356 0.05964912280701754
0 0.6934049079754602 0.3447368421052632 0.003374233128834356 0.05789473684210526
0 0.5661042944785276 0.5894736842105263 0.005214723926380368 0.08070175438596491
0 0.43558282208588955 0.7342105263157894 0.0049079754601227 0.10350877192982456
0 0.5633435582822086 0.34035087719298246 0.003374233128834356 0.056140350877192984
0 0.4995398773006135 0.23684210526315788 0.0027607361963190185 0.0456140350877193
0 0.36717791411042944 0.6929824561403509 0.006134969325153374 0.08771929824561403
0 0.46702453987730064 0.5605263157894737 0.005214723926380368 0.07894736842105263
0 0.36901840490797544 0.5526315789473685 0.0049079754601227 0.07368421052631578
0 0.4446319018404908 0.41842105263157897 0.003987730061349694 0.06491228070175438
0 0.39662576687116563 0.26842105263157895 0.0036809815950920245 0.04912280701754386
0 0.2878834355828221 0.5131578947368421 0.005828220858895706 0.06842105263157895