0 0.25644171779141106 0.3605263157894737 0.0036809815950920245 0.054385964912280704
0 0.4096625766871166 0.6289473684210526 0.005214723926380368 0.07543859649122807
0 0.4219325153374233 0.49122807017543857 0.004601226993865031 0.05964912280701754
0 0.42162576687116565 0.3543859649122807 0.003374233128834356 0.05263157894736842
0 0.43282208588957055 0.2885964912280702 0.003067484662576687 0.04035087719298246
0 0.473159509202454 0.5517543859649123 0.005214723926380368 0.07543859649122807
0 0.5030674846625767 0.38596491228070173 0.0036809815950920245 0.05964912280701754
0 0.5211656441717791 0.5219298245614035 0.0049079754601227 0.06491228070175438
0 0.5874233128834356 0.3385964912280702 0.003067484662576687 0.04912280701754386
0 0.5118098159509202 0.3973684210526316 0.004601226993865031 0.06491228070175438
0 0.5699386503067485 0.22807017543859648 0.003067484662576687 0.0456140350877193
0 0.5116564417177915 0.45263157894736844 0.0049079754601227 0.06315789473684211
0 0.7297546012269939 0.3350877192982456 0.003067484662576687 0.05263157894736842
0 0.603680981595092 0.47017543859649125 0.004294478527607362 0.07017543859649122
0 0.5312883435582823 0.6447368421052632 0.005521472392638037 0.08596491228070176
0 0.5857361963190184 0.31491228070175437 0.003987730061349694 0.04736842105263158
0 0.5710122699386503 0.25 0.0027607361963190185 0.04736842105263158
0 0.4236196319018405 0.706140350877193 0.006134969325153374 0.09298245614035087
0 0.4911042944785276 0.5561403508771929 0.0049079754601227 0.06666666666666667
0 0.4677914110429448 0.362280701754386 0.0036809815950920245 0.05087719298245614
0 0.5377300613496933 0.3850877192982456 0.004294478527607362 0.054385964912280704
0 0.4450920245398773 0.21403508771929824 0.003067484662576687 0.04912280701754386
0 0.43144171779141105 0.4921052631578947 0.003987730061349694 0.06140350877192982