0 0.2869631901840491 0.3526315789473684 0.003987730061349694 0.05263157894736842
0 0.48941717791411044 0.5184210526315789 0.004601226993865031 0.06842105263157895
0 0.4878834355828221 0.38333333333333336 0.003374233128834356 0.05789473684210526
0 0.49033742331288344 0.31491228070175437 0.003374233128834356 0.054385964912280704
0 0.5016871165644172 0.2236842105263158 0.003374233128834356 0.04035087719298246
0 0.6153374233128834 0.3605263157894737 0.0036809815950920245 0.054385964912280704
0 0.5420245398773006 0.31140350877192985 0.003067484662576687 0.04736842105263158
0 0.6173312883435583 0.5596491228070175 0.005214723926380368 0.07368421052631578
0 0.7128834355828221 0.3991228070175439 0.0036809815950920245 0.054385964912280704
0 0.6154907975460123 0.2578947368421053 0.0027607361963190185 0.0456140350877193
0 0.5516871165644172 0.22807017543859648 0.0027607361963190185 0.042105263157894736
0 0.5371165644171779 0.40964912280701754 0.0036809815950920245 0.06842105263157895
0 0.7354294478527608 0.3236842105263158 0.003374233128834356 0.054385964912280704
0 0.7251533742331289 0.5289473684210526 0.0049079754601227 0.07192982456140351
0 0.6340490797546012 0.706140350877193 0.006134969325153374 0.09298245614035087
0 0.6395705521472392 0.19473684210526315 0.00245398773006135 0.042105263157894736
0 0.5266871165644171 0.16578947368421051 0.003067484662576687 0.03333333333333333
0 0.500920245398773 0.5894736842105263 0.0049079754601227 0.08070175438596491
0 0.6263803680981596 0.45526315789473687 0.004294478527607362 0.06842105263157895
0 0.5220858895705521 0.2754385964912281 0.003067484662576687 0.0456140350877193
0 0.6351226993865031 0.34035087719298246 0.003374233128834356 0.056140350877192984
0 0.5021472392638037 0.1956140350877193 0.0036809815950920245 0.043859649122807015
0 0.4855828220858896 0.3429824561403509 0.0036809815950920245 0.05789473684210526