0 0.31196319018404906 0.3175438596491228 0.003067484662576687 0.0456140350877193
0 0.5478527607361963 0.6280701754385964 0.005521472392638037 0.08421052631578947
0 0.49616564417177916 0.4052631578947368 0.003987730061349694 0.06315789473684211
0 0.49555214723926383 0.24298245614035088 0.0027607361963190185 0.04736842105263158
0 0.5863496932515337 0.1692982456140351 0.0027607361963190185 0.043859649122807015
0 0.523159509202454 0.22631578947368422 0.0027607361963190185 0.0456140350877193
0 0.5257668711656441 0.30350877192982456 0.003067484662576687 0.0456140350877193
0 0.6771472392638037 0.47017543859649125 0.003987730061349694 0.05964912280701754
0 0.6030674846625766 0.22894736842105262 0.0036809815950920245 0.043859649122807015
0 0.622239263803681 0.2964912280701754 0.003374233128834356 0.05263157894736842
0 0.5754601226993865 0.20789473684210527 0.003067484662576687 0.04736842105263158
0 0.575920245398773 0.22543859649122808 0.003374233128834356 0.043859649122807015
0 0.7576687116564417 0.3263157894736842 0.003067484662576687 0.056140350877192984
0 0.6538343558282208 0.3263157894736842 0.003374233128834356 0.056140350877192984
0 0.6766871165644172 0.4236842105263158 0.005521472392638037 0.06842105263157895
0 0.6165644171779141 0.23859649122807017 0.0036809815950920245 0.05964912280701754
0 0.6092024539877301 0.23157894736842105 0.0036809815950920245 0.031578947368421054
0 0.6216257668711657 0.5105263157894737 0.004601226993865031 0.07368421052631578
0 0.6182515337423313 0.3175438596491228 0.003374233128834356 0.05263157894736842
0 0.5579754601226994 0.26842105263157895 0.003067484662576687 0.04912280701754386
0 0.599079754601227 0.2675438596491228 0.0036809815950920245 0.04736842105263158
0 0.564877300613497 0.22631578947368422 0.0027607361963190185 0.0456140350877193
0 0.528680981595092 0.35175438596491226 0.003987730061349694 0.05789473684210526