0 0.2523006134969325 0.37105263157894736 0.003374233128834356 0.05087719298245614
0 0.4072085889570552 0.5780701754385965 0.005214723926380368 0.06491228070175438
0 0.3932515337423313 0.6114035087719298 0.005521472392638037 0.0824561403508772
0 0.4067484662576687 0.4307017543859649 0.004294478527607362 0.06491228070175438
0 0.42116564417177915 0.29736842105263156 0.003067484662576687 0.04035087719298246
0 0.4906441717791411 0.5789473684210527 0.005214723926380368 0.08070175438596491
0 0.45383435582822085 0.506140350877193 0.003987730061349694 0.06140350877192982
0 0.5001533742331289 0.6754385964912281 0.005828220858895706 0.08421052631578947
0 0.623159509202454 0.5912280701754385 0.005214723926380368 0.08070175438596491
0 0.5371165644171779 0.4605263157894737 0.004294478527607362 0.06842105263157895
0 0.48865030674846627 0.2657894736842105 0.003067484662576687 0.043859649122807015
0 0.452760736196319 0.47543859649122805 0.0036809815950920245 0.056140350877192984
0 0.7184049079754601 0.36140350877192984 0.0036809815950920245 0.05964912280701754
0 0.6202453987730061 0.5456140350877193 0.0049079754601227 0.07719298245614035
0 0.33680981595092024 0.6552631578947369 0.0049079754601227 0.08596491228070176
0 0.6164110429447853 0.3236842105263158 0.003374233128834356 0.054385964912280704
0 0.536042944785276 0.22280701754385965 0.0027607361963190185 0.042105263157894736
0 0.4263803680981595 0.5412280701754386 0.0049079754601227 0.07543859649122807
0 0.5415644171779141 0.5912280701754385 0.005214723926380368 0.08070175438596491
0 0.46702453987730064 0.34649122807017546 0.003374233128834356 0.054385964912280704
0 0.5226993865030675 0.44035087719298244 0.004294478527607362 0.06666666666666667
0 0.4457055214723926 0.2043859649122807 0.004294478527607362 0.054385964912280704
0 0.4766871165644172 0.7263157894736842 0.006748466257668712 0.08421052631578947