0 0.26150306748466257 0.33596491228070174 0.003987730061349694 0.05789473684210526
0 0.4808282208588957 0.7578947368421053 0.006441717791411043 0.09473684210526316
0 0.41365030674846626 0.41228070175438597 0.003987730061349694 0.06315789473684211
0 0.42392638036809815 0.2929824561403509 0.003067484662576687 0.05263157894736842
0 0.448159509202454 0.2026315789473684 0.0036809815950920245 0.04736842105263158
0 0.44493865030674845 0.3587719298245614 0.003374233128834356 0.05789473684210526
0 0.45245398773006135 0.3219298245614035 0.003067484662576687 0.054385964912280704
0 0.5019938650306749 0.512280701754386 0.004601226993865031 0.07368421052631578
0 0.5007668711656442 0.34035087719298246 0.003374233128834356 0.056140350877192984
0 0.49846625766871167 0.2754385964912281 0.003067484662576687 0.04912280701754386
0 0.500920245398773 0.2026315789473684 0.00245398773006135 0.043859649122807015
0 0.475920245398773 0.2543859649122807 0.0027607361963190185 0.04912280701754386
0 0.7470858895705521 0.3368421052631579 0.003374233128834356 0.056140350877192984
0 0.6312883435582822 0.3736842105263158 0.0036809815950920245 0.05964912280701754
0 0.6145705521472392 0.4956140350877193 0.004601226993865031 0.07192982456140351
0 0.6049079754601226 0.2912280701754386 0.003067484662576687 0.05263157894736842
0 0.5911042944785276 0.26666666666666666 0.003067484662576687 0.0456140350877193
0 0.5588957055214724 0.5359649122807018 0.0049079754601227 0.07543859649122807
0 0.5671779141104294 0.3798245614035088 0.0036809815950920245 0.06140350877192982
0 0.5368098159509203 0.3780701754385965 0.0036809815950920245 0.05789473684210526
0 0.5389570552147239 0.30087719298245613 0.003067484662576687 0.05087719298245614
0 0.5418711656441718 0.22982456140350876 0.0027607361963190185 0.0456140350877193
0 0.49187116564417177 0.42105263157894735 0.003987730061349694 0.056140350877192984