0 0.19064417177914111 0.42105263157894735 0.003374233128834356 0.04912280701754386
0 0.20843558282208588 0.7868421052631579 0.006441717791411043 0.1
0 0.15674846625766872 0.6350877192982456 0.005521472392638037 0.07017543859649122
0 0.3207055214723926 0.4043859649122807 0.003374233128834356 0.06140350877192982
0 0.35966257668711654 0.31666666666666665 0.003374233128834356 0.054385964912280704
0 0.3861963190184049 0.6429824561403509 0.006134969325153374 0.08947368421052632
0 0.3911042944785276 0.48333333333333334 0.004294478527607362 0.06140350877192982
0 0.49616564417177916 0.6684210526315789 0.004601226993865031 0.07719298245614035
0 0.5662576687116564 0.6447368421052632 0.005521472392638037 0.0824561403508772
0 0.5003067484662577 0.38333333333333336 0.0036809815950920245 0.06140350877192982
0 0.49785276073619633 0.3 0.003067484662576687 0.05263157894736842
0 0.4226993865030675 0.46842105263157896 0.004294478527607362 0.07719298245614035
0 0.6957055214723926 0.3736842105263158 0.0036809815950920245 0.05964912280701754
0 0.5449386503067485 0.5771929824561404 0.005214723926380368 0.08070175438596491
0 0.49938650306748467 0.6859649122807018 0.005521472392638037 0.0912280701754386
0 0.5464723926380368 0.40350877192982454 0.003987730061349694 0.06315789473684211
0 0.5099693251533742 0.28771929824561404 0.003374233128834356 0.04912280701754386
0 0.3061349693251534 0.7166666666666667 0.006134969325153374 0.09298245614035087
0 0.38987730061349696 0.6385964912280702 0.005521472392638037 0.08421052631578947
0 0.3521472392638037 0.44035087719298244 0.004294478527607362 0.05964912280701754
0 0.41365030674846626 0.493859649122807 0.004601226993865031 0.07543859649122807
0 0.36533742331288344 0.3140350877192982 0.003067484662576687 0.05263157894736842
0 0.2486196319018405 0.5859649122807018 0.005828220858895706 0.07017543859649122