0 0.31012269938650305 0.29385964912280704 0.003067484662576687 0.054385964912280704
0 0.49739263803680983 0.44035087719298244 0.002147239263803681 0.031578947368421054
0 0.451840490797546 0.2982456140350877 0.003067484662576687 0.05263157894736842
0 0.4521472392638037 0.17280701754385966 0.003067484662576687 0.04035087719298246
0 0.5141104294478528 0.1570175438596491 0.00245398773006135 0.04035087719298246
0 0.5322085889570553 0.27456140350877195 0.003067484662576687 0.05087719298245614
0 0.5070552147239263 0.1780701754385965 0.003067484662576687 0.04035087719298246
0 0.603680981595092 0.39473684210526316 0.0036809815950920245 0.056140350877192984
0 0.5679447852760736 0.25087719298245614 0.0027607361963190185 0.031578947368421054
0 0.4946319018404908 0.25526315789473686 0.0027607361963190185 0.04035087719298246
0 0.5523006134969325 0.1675438596491228 0.0027607361963190185 0.03333333333333333
0 0.5335889570552147 0.2412280701754386 0.003374233128834356 0.054385964912280704
0 0.729601226993865 0.31140350877192985 0.003374233128834356 0.054385964912280704
0 0.5957055214723926 0.27017543859649124 0.003067484662576687 0.04912280701754386
0 0.6151840490797545 0.34035087719298246 0.003374233128834356 0.04912280701754386
0 0.5888036809815951 0.22982456140350876 0.0027607361963190185 0.042105263157894736
0 0.5624233128834356 0.17280701754385966 0.003987730061349694 0.03684210526315789
0 0.5297546012269939 0.37719298245614036 0.0036809815950920245 0.05964912280701754
0 0.5414110429447853 0.2692982456140351 0.003067484662576687 0.04736842105263158
0 0.5013803680981596 0.17894736842105263 0.0027607361963190185 0.03508771929824561
0 0.5627300613496933 0.21666666666666667 0.0027607361963190185 0.04035087719298246
0 0.5171779141104295 0.1675438596491228 0.00245398773006135 0.03333333333333333
0 0.4780674846625767 0.20789473684210527 0.0027607361963190185 0.05087719298245614