0 0.2691717791411043 0.3894736842105263 0.005214723926380368 0.056140350877192984
0 0.605521472392638 0.6929824561403509 0.006134969325153374 0.08771929824561403
0 0.46702453987730064 0.5675438596491228 0.005214723926380368 0.07894736842105263
0 0.4874233128834356 0.3649122807017544 0.0036809815950920245 0.05964912280701754
0 0.5061349693251533 0.21842105263157896 0.00245398773006135 0.043859649122807015
0 0.5561349693251534 0.5649122807017544 0.004294478527607362 0.07719298245614035
0 0.5628834355828221 0.4017543859649123 0.0036809815950920245 0.05964912280701754
0 0.7188650306748466 0.5596491228070175 0.005214723926380368 0.07017543859649122
0 0.7840490797546013 0.7885964912280702 0.007361963190184049 0.10350877192982456
0 0.6153374233128834 0.3815789473684211 0.0036809815950920245 0.06140350877192982
0 0.6125766871165644 0.2692982456140351 0.003067484662576687 0.043859649122807015
0 0.5941717791411043 0.3798245614035088 0.0036809815950920245 0.054385964912280704
0 0.7717791411042945 0.36929824561403507 0.0036809815950920245 0.05789473684210526
0 0.7584355828220859 0.5692982456140351 0.005214723926380368 0.07894736842105263
0 0.8012269938650307 0.7964912280701755 0.006748466257668712 0.08771929824561403
0 0.7047546012269938 0.41403508771929826 0.003987730061349694 0.06315789473684211
0 0.6460122699386504 0.2982456140350877 0.003067484662576687 0.04912280701754386
0 0.6225460122699387 0.7280701754385965 0.006441717791411043 0.09473684210526316
0 0.6670245398773006 0.593859649122807 0.005214723926380368 0.07543859649122807
0 0.5556748466257668 0.531578947368421 0.005214723926380368 0.07017543859649122
0 0.6475460122699387 0.45789473684210524 0.004294478527607362 0.06315789473684211
0 0.574079754601227 0.26842105263157895 0.003374233128834356 0.0456140350877193
0 0.49969325153374233 0.5807017543859649 0.0049079754601227 0.08070175438596491