0 0.30214723926380366 0.38421052631578945 0.004294478527607362 0.06666666666666667
0 0.5671779141104294 0.7052631578947368 0.006134969325153374 0.08771929824561403
0 0.4967791411042945 0.5842105263157895 0.005214723926380368 0.08070175438596491
0 0.49601226993865033 0.4307017543859649 0.004294478527607362 0.06491228070175438
0 0.5098159509202455 0.26666666666666666 0.003067484662576687 0.04912280701754386
0 0.5912576687116564 0.5570175438596491 0.005214723926380368 0.07543859649122807
0 0.5978527607361963 0.4649122807017544 0.004294478527607362 0.06315789473684211
0 0.7627300613496932 0.5859649122807018 0.005214723926380368 0.06315789473684211
0 0.686042944785276 0.5561403508771929 0.005828220858895706 0.0912280701754386
0 0.7072085889570552 0.5578947368421052 0.005214723926380368 0.07719298245614035
0 0.6184049079754601 0.3105263157894737 0.003067484662576687 0.05263157894736842
0 0.589877300613497 0.42894736842105263 0.0036809815950920245 0.06140350877192982
0 0.7720858895705521 0.3587719298245614 0.0036809815950920245 0.054385964912280704
0 0.8162576687116564 0.6271929824561403 0.006134969325153374 0.0824561403508772
0 0.7700920245398774 0.724561403508772 0.006441717791411043 0.0912280701754386
0 0.7173312883435583 0.4070175438596491 0.003987730061349694 0.06315789473684211
0 0.6466257668711657 0.26403508771929823 0.003067484662576687 0.04736842105263158
0 0.5854294478527607 0.7429824561403509 0.006441717791411043 0.09649122807017543
0 0.6955521472392638 0.5456140350877193 0.005214723926380368 0.07368421052631578
0 0.5633435582822086 0.48771929824561405 0.004601226993865031 0.06666666666666667
0 0.6849693251533743 0.4710526315789474 0.004294478527607362 0.06491228070175438
0 0.533282208588957 0.23333333333333334 0.004601226993865031 0.04912280701754386
0 0.5087423312883436 0.5894736842105263 0.005214723926380368 0.08070175438596491