0 0.36088957055214727 0.3157894736842105 0.002147239263803681 0.04912280701754386
0 0.6230061349693251 0.4763157894736842 0.004294478527607362 0.06842105263157895
0 0.5406441717791411 0.33421052631578946 0.003374233128834356 0.05789473684210526
0 0.527760736196319 0.2535087719298246 0.0027607361963190185 0.03333333333333333
0 0.6299079754601227 0.15964912280701754 0.0027607361963190185 0.042105263157894736
0 0.5677914110429448 0.19736842105263158 0.00245398773006135 0.03333333333333333
0 0.6154907975460123 0.2535087719298246 0.0027607361963190185 0.043859649122807015
0 0.7141104294478527 0.3868421052631579 0.0036809815950920245 0.06140350877192982
0 0.6743865030674847 0.3333333333333333 0.003374233128834356 0.056140350877192984
0 0.6608895705521473 0.2324561403508772 0.0027607361963190185 0.04035087719298246
0 0.6133435582822085 0.18421052631578946 0.0027607361963190185 0.03859649122807018
0 0.6391104294478528 0.23508771929824562 0.003374233128834356 0.0456140350877193
0 0.7650306748466258 0.3254385964912281 0.0036809815950920245 0.06140350877192982
0 0.7016871165644172 0.306140350877193 0.004601226993865031 0.05087719298245614
0 0.719478527607362 0.3719298245614035 0.003987730061349694 0.056140350877192984
0 0.6625766871165644 0.2307017543859649 0.003067484662576687 0.04736842105263158
0 0.6473926380368098 0.18070175438596492 0.003374233128834356 0.03859649122807018
0 0.6881901840490797 0.41228070175438597 0.003987730061349694 0.05964912280701754
0 0.682361963190184 0.3043859649122807 0.004601226993865031 0.05087719298245614
0 0.597239263803681 0.2131578947368421 0.0036809815950920245 0.04736842105263158
0 0.6420245398773006 0.2596491228070175 0.004294478527607362 0.05263157894736842
0 0.6217791411042944 0.18333333333333332 0.003067484662576687 0.03684210526315789
0 0.5427914110429448 0.31666666666666665 0.003374233128834356 0.05789473684210526