0 0.347239263803681 0.3043859649122807 0.003067484662576687 0.06140350877192982
0 0.5136503067484662 0.4192982456140351 0.003987730061349694 0.05964912280701754
0 0.4817484662576687 0.2543859649122807 0.0027607361963190185 0.04912280701754386
0 0.5219325153374234 0.20087719298245615 0.0027607361963190185 0.03684210526315789
0 0.6233128834355828 0.2043859649122807 0.00245398773006135 0.043859649122807015
0 0.6441717791411042 0.23859649122807017 0.0036809815950920245 0.05263157894736842
0 0.5510736196319018 0.22543859649122808 0.0027607361963190185 0.03684210526315789
0 0.6334355828220859 0.3798245614035088 0.0036809815950920245 0.05789473684210526
0 0.6308282208588957 0.2614035087719298 0.003987730061349694 0.05263157894736842
0 0.5825153374233129 0.27280701754385966 0.003067484662576687 0.04035087719298246
0 0.5780674846625767 0.2 0.0027607361963190185 0.03859649122807018
0 0.5720858895705522 0.27456140350877195 0.0036809815950920245 0.054385964912280704
0 0.7523006134969326 0.33157894736842103 0.003374233128834356 0.056140350877192984
0 0.691717791411043 0.2614035087719298 0.0036809815950920245 0.0456140350877193
0 0.6585889570552147 0.38333333333333336 0.0036809815950920245 0.05789473684210526
0 0.6495398773006135 0.24298245614035088 0.003987730061349694 0.04736842105263158
0 0.6394171779141105 0.22456140350877193 0.003374233128834356 0.0456140350877193
0 0.5567484662576687 0.44912280701754387 0.004294478527607362 0.06666666666666667
0 0.597239263803681 0.2912280701754386 0.003067484662576687 0.05263157894736842
0 0.5590490797546013 0.2649122807017544 0.0027607361963190185 0.02456140350877193
0 0.575 0.21666666666666667 0.003374233128834356 0.05087719298245614
0 0.5013803680981596 0.17017543859649123 0.0027607361963190185 0.0456140350877193
0 0.5211656441717791 0.23508771929824562 0.005521472392638037 0.04912280701754386