0 0.3394171779141104 0.3368421052631579 0.003374233128834356 0.056140350877192984
0 0.822239263803681 0.6947368421052632 0.005214723926380368 0.10175438596491228
0 0.49785276073619633 0.38333333333333336 0.0036809815950920245 0.06140350877192982
0 0.48773006134969327 0.2964912280701754 0.00245398773006135 0.0456140350877193
0 0.563957055214724 0.20175438596491227 0.003987730061349694 0.05263157894736842
0 0.5622699386503067 0.3473684210526316 0.0036809815950920245 0.056140350877192984
0 0.6251533742331289 0.2692982456140351 0.003067484662576687 0.043859649122807015
0 0.5642638036809816 0.4807017543859649 0.004601226993865031 0.06315789473684211
0 0.7363496932515338 0.3973684210526316 0.005828220858895706 0.07543859649122807
0 0.7319018404907975 0.36929824561403507 0.004294478527607362 0.054385964912280704
0 0.6771472392638037 0.26228070175438595 0.003374233128834356 0.05087719298245614
0 0.6449386503067485 0.37543859649122807 0.003987730061349694 0.06315789473684211
0 0.7093558282208589 0.2719298245614035 0.004601226993865031 0.056140350877192984
0 0.7260736196319019 0.3736842105263158 0.005521472392638037 0.07368421052631578
0 0.700920245398773 0.5491228070175439 0.0049079754601227 0.07368421052631578
0 0.69079754601227 0.26228070175438595 0.003067484662576687 0.05087719298245614
0 0.7162576687116564 0.29736842105263156 0.004294478527607362 0.05789473684210526
0 0.7881901840490797 0.6421052631578947 0.005828220858895706 0.08421052631578947
0 0.6716257668711656 0.3675438596491228 0.003987730061349694 0.06491228070175438
0 0.6038343558282209 0.3131578947368421 0.003374233128834356 0.054385964912280704
0 0.6403374233128835 0.24649122807017543 0.003374233128834356 0.05087719298245614
0 0.5918711656441717 0.16140350877192983 0.0027607361963190185 0.0456140350877193
0 0.48619631901840493 0.3298245614035088 0.0036809815950920245 0.056140350877192984