0 0.2616564417177914 0.3280701754385965 0.0049079754601227 0.05964912280701754
0 0.453680981595092 0.7675438596491229 0.006748466257668712 0.09649122807017543
0 0.37653374233128833 0.4956140350877193 0.004601226993865031 0.07192982456140351
0 0.4085889570552147 0.2964912280701754 0.003067484662576687 0.05263157894736842
0 0.46763803680981597 0.1824561403508772 0.002147239263803681 0.028070175438596492
0 0.4447852760736196 0.3456140350877193 0.00245398773006135 0.042105263157894736
0 0.4878834355828221 0.25526315789473686 0.0027607361963190185 0.043859649122807015
0 0.6038343558282209 0.5385964912280702 0.003987730061349694 0.07368421052631578
0 0.5888036809815951 0.43157894736842106 0.003374233128834356 0.056140350877192984
0 0.564877300613497 0.3157894736842105 0.003374233128834356 0.05263157894736842
0 0.5421779141104295 0.18771929824561404 0.002147239263803681 0.03508771929824561
0 0.5130368098159509 0.2754385964912281 0.003374233128834356 0.05263157894736842
0 0.7292944785276073 0.34035087719298246 0.003374233128834356 0.056140350877192984
0 0.5881901840490797 0.4 0.003987730061349694 0.06315789473684211
0 0.605521472392638 0.506140350877193 0.004294478527607362 0.06842105263157895
0 0.5771472392638037 0.3236842105263158 0.003374233128834356 0.054385964912280704
0 0.5664110429447853 0.2412280701754386 0.0027607361963190185 0.043859649122807015
0 0.5033742331288343 0.5526315789473685 0.0049079754601227 0.07719298245614035
0 0.5325153374233129 0.3850877192982456 0.0036809815950920245 0.06140350877192982
0 0.4776073619631902 0.3078947368421053 0.003067484662576687 0.05087719298245614
0 0.5253067484662577 0.30964912280701756 0.003374233128834356 0.054385964912280704
0 0.49601226993865033 0.22280701754385965 0.00245398773006135 0.0456140350877193
0 0.4392638036809816 0.3815789473684211 0.0036809815950920245 0.06140350877192982