0 0.24892638036809817 0.3587719298245614 0.003374233128834356 0.06491228070175438
0 0.36257668711656443 0.6228070175438597 0.005521472392638037 0.08070175438596491
0 0.40797546012269936 0.4921052631578947 0.0036809815950920245 0.06140350877192982
0 0.39539877300613496 0.44035087719298244 0.004294478527607362 0.06666666666666667
0 0.4093558282208589 0.312280701754386 0.003374233128834356 0.03859649122807018
0 0.43650306748466255 0.4307017543859649 0.004294478527607362 0.06491228070175438
0 0.41687116564417176 0.6087719298245614 0.005521472392638037 0.07368421052631578
0 0.43006134969325155 0.6833333333333333 0.006134969325153374 0.08947368421052632
0 0.5153374233128835 0.537719298245614 0.0049079754601227 0.06842105263157895
0 0.5058282208588957 0.3868421052631579 0.0036809815950920245 0.05789473684210526
0 0.4427914110429448 0.25087719298245614 0.0027607361963190185 0.0456140350877193
0 0.40904907975460125 0.5008771929824561 0.003987730061349694 0.07543859649122807
0 0.7147239263803681 0.3482456140350877 0.0036809815950920245 0.05789473684210526
0 0.570398773006135 0.5824561403508772 0.005214723926380368 0.08070175438596491
0 0.36073619631901843 0.7666666666666667 0.007975460122699387 0.10526315789473684
0 0.5671779141104294 0.35350877192982455 0.0036809815950920245 0.05789473684210526
0 0.5047546012269939 0.23684210526315788 0.0027607361963190185 0.03859649122807018
0 0.3920245398773006 0.7043859649122807 0.006134969325153374 0.09298245614035087
0 0.46671779141104297 0.5859649122807018 0.005828220858895706 0.07368421052631578
0 0.400920245398773 0.5622807017543859 0.0049079754601227 0.07543859649122807
0 0.46978527607361964 0.3991228070175439 0.003987730061349694 0.054385964912280704
0 0.425 0.26228070175438595 0.003374233128834356 0.05087719298245614
0 0.371319018404908 0.5403508771929825 0.005214723926380368 0.09824561403508772