0 0.2659509202453988 0.37105263157894736 0.0036809815950920245 0.05087719298245614
0 0.41319018404907976 0.6929824561403509 0.0049079754601227 0.08070175438596491
0 0.4303680981595092 0.49912280701754386 0.003067484662576687 0.05789473684210526
0 0.44539877300613495 0.38333333333333336 0.0036809815950920245 0.06140350877192982
0 0.4621165644171779 0.26228070175438595 0.0027607361963190185 0.04035087719298246
0 0.5467791411042945 0.5140350877192983 0.004601226993865031 0.05964912280701754
0 0.4869631901840491 0.3894736842105263 0.003374233128834356 0.0456140350877193
0 0.5420245398773006 0.6710526315789473 0.006748466257668712 0.09649122807017543
0 0.6358895705521472 0.5289473684210526 0.0049079754601227 0.07543859649122807
0 0.5487730061349694 0.3508771929824561 0.0036809815950920245 0.056140350877192984
0 0.5441717791411043 0.2649122807017544 0.003067484662576687 0.0456140350877193
0 0.4883435582822086 0.4745614035087719 0.0036809815950920245 0.06491228070175438
0 0.7450920245398773 0.35526315789473684 0.0036809815950920245 0.05789473684210526
0 0.68420245398773 0.5912280701754385 0.005214723926380368 0.08070175438596491
0 0.5656441717791411 0.7535087719298246 0.007975460122699387 0.08596491228070176
0 0.6107361963190184 0.2894736842105263 0.003067484662576687 0.05263157894736842
0 0.5154907975460122 0.18070175438596492 0.0027607361963190185 0.03859649122807018
0 0.4105828220858896 0.7359649122807017 0.008282208588957056 0.09298245614035087
0 0.5662576687116564 0.5228070175438596 0.0049079754601227 0.07368421052631578
0 0.4938650306748466 0.30526315789473685 0.003067484662576687 0.0456140350877193
0 0.4838957055214724 0.40087719298245617 0.003987730061349694 0.06140350877192982
0 0.4611963190184049 0.19210526315789472 0.0027607361963190185 0.04035087719298246
0 0.4371165644171779 0.47017543859649125 0.004294478527607362 0.05964912280701754