0 0.36687116564417177 0.3157894736842105 0.00245398773006135 0.056140350877192984
0 0.6220858895705521 0.4666666666666667 0.004294478527607362 0.06666666666666667
0 0.5409509202453988 0.34035087719298246 0.003374233128834356 0.056140350877192984
0 0.528680981595092 0.2631578947368421 0.0027607361963190185 0.04912280701754386
0 0.648159509202454 0.1587719298245614 0.003067484662576687 0.04736842105263158
0 0.5831288343558282 0.2043859649122807 0.00245398773006135 0.03333333333333333
0 0.6282208588957056 0.28596491228070176 0.003067484662576687 0.0456140350877193
0 0.7239263803680982 0.37719298245614036 0.0036809815950920245 0.05964912280701754
0 0.6751533742331288 0.31842105263157894 0.003067484662576687 0.054385964912280704
0 0.673159509202454 0.22894736842105262 0.003374233128834356 0.04736842105263158
0 0.6343558282208589 0.18070175438596492 0.003067484662576687 0.03859649122807018
0 0.6523006134969325 0.23421052631578948 0.003987730061349694 0.054385964912280704
0 0.7719325153374234 0.3263157894736842 0.003987730061349694 0.05964912280701754
0 0.7174846625766871 0.30350877192982456 0.005521472392638037 0.06315789473684211
0 0.7332822085889571 0.3701754385964912 0.003987730061349694 0.05263157894736842
0 0.6780674846625767 0.23157894736842105 0.003374233128834356 0.05263157894736842
0 0.661042944785276 0.1780701754385965 0.003067484662576687 0.03684210526315789
0 0.7010736196319018 0.4114035087719298 0.003987730061349694 0.05789473684210526
0 0.7019938650306748 0.3131578947368421 0.003374233128834356 0.054385964912280704
0 0.6161042944785277 0.2149122807017544 0.0027607361963190185 0.04736842105263158
0 0.6630368098159509 0.2578947368421053 0.003987730061349694 0.04912280701754386
0 0.6447852760736197 0.18333333333333332 0.004294478527607362 0.04736842105263158
0 0.5469325153374233 0.33157894736842103 0.004294478527607362 0.06666666666666667