0 0.3202453987730061 0.3201754385964912 0.003067484662576687 0.054385964912280704
0 0.5515337423312884 0.6043859649122807 0.005521472392638037 0.0824561403508772
0 0.5049079754601227 0.3780701754385965 0.0036809815950920245 0.06140350877192982
0 0.5023006134969326 0.24649122807017543 0.0027607361963190185 0.04736842105263158
0 0.626840490797546 0.18333333333333332 0.003374233128834356 0.03684210526315789
0 0.5352760736196319 0.21754385964912282 0.00245398773006135 0.03508771929824561
0 0.5496932515337424 0.30526315789473685 0.003067484662576687 0.042105263157894736
0 0.7016871165644172 0.4412280701754386 0.004601226993865031 0.06842105263157895
0 0.617638036809816 0.23596491228070177 0.0027607361963190185 0.03684210526315789
0 0.651840490797546 0.30964912280701756 0.0036809815950920245 0.05087719298245614
0 0.5960122699386503 0.20087719298245615 0.0036809815950920245 0.04035087719298246
0 0.5894171779141104 0.2324561403508772 0.003374233128834356 0.05087719298245614
0 0.7676380368098159 0.3192982456140351 0.003374233128834356 0.03508771929824561
0 0.6773006134969325 0.3105263157894737 0.0036809815950920245 0.04912280701754386
0 0.6961656441717792 0.4 0.005214723926380368 0.06666666666666667
0 0.6403374233128835 0.23421052631578948 0.005214723926380368 0.06140350877192982
0 0.6262269938650307 0.2131578947368421 0.004601226993865031 0.03684210526315789
0 0.6415644171779141 0.5140350877192983 0.004601226993865031 0.07368421052631578
0 0.6374233128834356 0.31666666666666665 0.003067484662576687 0.02280701754385965
0 0.568558282208589 0.26228070175438595 0.0027607361963190185 0.04736842105263158
0 0.6145705521472392 0.25877192982456143 0.003374233128834356 0.04736842105263158
0 0.5978527607361963 0.20964912280701756 0.003067484662576687 0.05087719298245614
0 0.5348159509202454 0.35175438596491226 0.003987730061349694 0.05789473684210526