0 0.2513803680981595 0.35526315789473684 0.003987730061349694 0.05789473684210526
0 0.39631901840490796 0.5859649122807018 0.004294478527607362 0.07368421052631578
0 0.41088957055214725 0.4666666666666667 0.004601226993865031 0.06666666666666667
0 0.40567484662576686 0.41403508771929826 0.003987730061349694 0.06666666666666667
0 0.4245398773006135 0.3219298245614035 0.003067484662576687 0.05789473684210526
0 0.47684049079754603 0.3956140350877193 0.003987730061349694 0.06140350877192982
0 0.4616564417177914 0.5157894736842106 0.0049079754601227 0.07368421052631578
0 0.44969325153374234 0.6096491228070176 0.0049079754601227 0.07894736842105263
0 0.5443251533742332 0.5078947368421053 0.004601226993865031 0.07192982456140351
0 0.5256134969325154 0.39824561403508774 0.003987730061349694 0.06315789473684211
0 0.455521472392638 0.27456140350877195 0.003067484662576687 0.05087719298245614
0 0.4377300613496933 0.44912280701754387 0.00245398773006135 0.05964912280701754
0 0.7030674846625767 0.35350877192982455 0.0036809815950920245 0.05789473684210526
0 0.5641104294478527 0.5447368421052632 0.004294478527607362 0.06842105263157895
0 0.451840490797546 0.6833333333333333 0.006134969325153374 0.08947368421052632
0 0.5812883435582822 0.2929824561403509 0.003067484662576687 0.05263157894736842
0 0.4762269938650307 0.2026315789473684 0.0027607361963190185 0.04736842105263158
0 0.37607361963190183 0.7333333333333333 0.006134969325153374 0.09473684210526316
0 0.5030674846625767 0.5263157894736842 0.0049079754601227 0.07368421052631578
0 0.4642638036809816 0.5096491228070176 0.004601226993865031 0.06491228070175438
0 0.507361963190184 0.3736842105263158 0.0036809815950920245 0.05964912280701754
0 0.4338957055214724 0.3201754385964912 0.003374233128834356 0.054385964912280704
0 0.42254601226993865 0.44473684210526315 0.003987730061349694 0.06491228070175438