0 0.27208588957055213 0.3412280701754386 0.004294478527607362 0.06842105263157895
0 0.4245398773006135 0.5473684210526316 0.0049079754601227 0.07719298245614035
0 0.4372699386503067 0.4219298245614035 0.003987730061349694 0.06491228070175438
0 0.4539877300613497 0.2982456140350877 0.003067484662576687 0.05263157894736842
0 0.44033742331288345 0.23157894736842105 0.0027607361963190185 0.0456140350877193
0 0.4845092024539877 0.38859649122807016 0.003987730061349694 0.06140350877192982
0 0.504601226993865 0.2982456140350877 0.003067484662576687 0.04912280701754386
0 0.4967791411042945 0.5043859649122807 0.004601226993865031 0.07192982456140351
0 0.5662576687116564 0.4587719298245614 0.004294478527607362 0.06842105263157895
0 0.5389570552147239 0.36666666666666664 0.0036809815950920245 0.05964912280701754
0 0.5059815950920246 0.2236842105263158 0.003374233128834356 0.04736842105263158
0 0.4746932515337423 0.42543859649122806 0.003987730061349694 0.06491228070175438
0 0.7099693251533742 0.3236842105263158 0.003374233128834356 0.054385964912280704
0 0.623159509202454 0.42543859649122806 0.003987730061349694 0.06491228070175438
0 0.4354294478527607 0.6833333333333333 0.005828220858895706 0.08596491228070176
0 0.5820552147239264 0.30964912280701756 0.003374233128834356 0.05087719298245614
0 0.5292944785276074 0.17719298245614035 0.002147239263803681 0.03508771929824561
0 0.4147239263803681 0.5412280701754386 0.0049079754601227 0.07543859649122807
0 0.5190184049079755 0.37543859649122807 0.0036809815950920245 0.05964912280701754
0 0.5134969325153375 0.26842105263157895 0.003067484662576687 0.0456140350877193
0 0.5182515337423312 0.30964912280701756 0.004601226993865031 0.05789473684210526
0 0.4575153374233129 0.16842105263157894 0.003374233128834356 0.04912280701754386
0 0.4279141104294479 0.5596491228070175 0.0049079754601227 0.08070175438596491