0 0.296319018404908 0.312280701754386 0.003067484662576687 0.05964912280701754
0 0.5019938650306749 0.6464912280701754 0.005828220858895706 0.08596491228070176
0 0.4532208588957055 0.4105263157894737 0.003987730061349694 0.05964912280701754
0 0.4736196319018405 0.21754385964912282 0.00245398773006135 0.0456140350877193
0 0.5317484662576687 0.16666666666666666 0.003374233128834356 0.03859649122807018
0 0.5041411042944786 0.23596491228070177 0.0027607361963190185 0.04736842105263158
0 0.5237730061349694 0.4131578947368421 0.003987730061349694 0.06140350877192982
0 0.6484662576687117 0.525438596491228 0.0049079754601227 0.06842105263157895
0 0.622239263803681 0.35526315789473684 0.003374233128834356 0.05789473684210526
0 0.5986196319018405 0.29912280701754385 0.003374233128834356 0.06140350877192982
0 0.5595092024539877 0.25263157894736843 0.004294478527607362 0.0456140350877193
0 0.5443251533742332 0.25087719298245614 0.003374233128834356 0.05263157894736842
0 0.7504601226993866 0.31842105263157894 0.003374233128834356 0.054385964912280704
0 0.6466257668711657 0.36140350877192984 0.0036809815950920245 0.05964912280701754
0 0.6496932515337424 0.4587719298245614 0.0049079754601227 0.07543859649122807
0 0.6360429447852761 0.27807017543859647 0.003987730061349694 0.05789473684210526
0 0.561963190184049 0.1850877192982456 0.00245398773006135 0.04035087719298246
0 0.5751533742331288 0.5289473684210526 0.0049079754601227 0.07543859649122807
0 0.5929447852760736 0.34649122807017546 0.0036809815950920245 0.05789473684210526
0 0.555521472392638 0.27456140350877195 0.003067484662576687 0.04736842105263158
0 0.5891104294478527 0.2543859649122807 0.003987730061349694 0.056140350877192984
0 0.5395705521472393 0.2149122807017544 0.0036809815950920245 0.04736842105263158
0 0.49570552147239266 0.4043859649122807 0.0049079754601227 0.07543859649122807