0 0.21196319018404908 0.4017543859649123 0.0036809815950920245 0.06666666666666667
0 0.2495398773006135 0.775438596491228 0.005828220858895706 0.09824561403508772
0 0.2236196319018405 0.6192982456140351 0.005521472392638037 0.07017543859649122
0 0.32975460122699385 0.4570175438596491 0.004294478527607362 0.06842105263157895
0 0.35966257668711654 0.35350877192982455 0.003374233128834356 0.05087719298245614
0 0.30690184049079755 0.656140350877193 0.005828220858895706 0.08771929824561403
0 0.37239263803680983 0.5429824561403509 0.0049079754601227 0.07192982456140351
0 0.4251533742331288 0.6403508771929824 0.005521472392638037 0.08771929824561403
0 0.495398773006135 0.6929824561403509 0.005521472392638037 0.07719298245614035
0 0.48236196319018404 0.4236842105263158 0.003987730061349694 0.06491228070175438
0 0.4958588957055215 0.33771929824561403 0.003374233128834356 0.054385964912280704
0 0.426840490797546 0.49298245614035086 0.004601226993865031 0.07719298245614035
0 0.7036809815950921 0.3798245614035088 0.0036809815950920245 0.06140350877192982
0 0.5154907975460122 0.6517543859649123 0.005828220858895706 0.08596491228070176
0 0.45383435582822085 0.6780701754385965 0.005828220858895706 0.08947368421052632
0 0.5285276073619631 0.46228070175438596 0.004294478527607362 0.06842105263157895
0 0.5029141104294479 0.3368421052631579 0.0027607361963190185 0.04912280701754386
0 0.37806748466257667 0.724561403508772 0.006441717791411043 0.09473684210526316
0 0.33067484662576685 0.6640350877192982 0.0049079754601227 0.08596491228070176
0 0.35 0.4780701754385965 0.004294478527607362 0.06491228070175438
0 0.3987730061349693 0.5578947368421052 0.0049079754601227 0.06666666666666667
0 0.3708588957055215 0.36929824561403507 0.003067484662576687 0.05789473684210526
0 0.2553680981595092 0.6114035087719298 0.00705521472392638 0.0824561403508772