0 0.25061349693251533 0.38421052631578945 0.005521472392638037 0.06315789473684211
0 0.5141104294478528 0.7192982456140351 0.006134969325153374 0.08421052631578947
0 0.40828220858895703 0.5526315789473685 0.0049079754601227 0.07719298245614035
0 0.4532208588957055 0.3236842105263158 0.003374233128834356 0.054385964912280704
0 0.49141104294478527 0.20087719298245615 0.00245398773006135 0.03333333333333333
0 0.49401840490797544 0.5464912280701755 0.003374233128834356 0.07192982456140351
0 0.5176380368098159 0.34912280701754383 0.003374233128834356 0.0456140350877193
0 0.6401840490797546 0.5596491228070175 0.0049079754601227 0.07368421052631578
0 0.6579754601226994 0.7289473684210527 0.006134969325153374 0.07543859649122807
0 0.593558282208589 0.3684210526315789 0.0036809815950920245 0.05964912280701754
0 0.5782208588957055 0.23333333333333334 0.0036809815950920245 0.03859649122807018
0 0.548159509202454 0.3605263157894737 0.003067484662576687 0.05087719298245614
0 0.7476993865030674 0.3587719298245614 0.003374233128834356 0.05789473684210526
0 0.6743865030674847 0.5728070175438597 0.005214723926380368 0.07894736842105263
0 0.6418711656441718 0.7087719298245614 0.007668711656441718 0.08421052631578947
0 0.6446319018404908 0.4166666666666667 0.003987730061349694 0.06140350877192982
0 0.6061349693251534 0.28771929824561404 0.003067484662576687 0.0456140350877193
0 0.5392638036809816 0.7254385964912281 0.006134969325153374 0.06491228070175438
0 0.5820552147239264 0.5964912280701754 0.005214723926380368 0.08070175438596491
0 0.498159509202454 0.5333333333333333 0.0049079754601227 0.07368421052631578
0 0.5748466257668712 0.4421052631578947 0.004294478527607362 0.06315789473684211
0 0.5457055214723926 0.26403508771929823 0.003067484662576687 0.043859649122807015
0 0.4624233128834356 0.5728070175438597 0.005214723926380368 0.07894736842105263