0 0.28297546012269936 0.34912280701754383 0.003374233128834356 0.06666666666666667
0 0.4726993865030675 0.5403508771929825 0.0049079754601227 0.06666666666666667
0 0.48067484662576687 0.41403508771929826 0.0036809815950920245 0.06315789473684211
0 0.48819018404907977 0.33157894736842103 0.003374233128834356 0.056140350877192984
0 0.49033742331288344 0.23596491228070177 0.0027607361963190185 0.04736842105263158
0 0.6590490797546013 0.3780701754385965 0.003987730061349694 0.06491228070175438
0 0.5480061349693252 0.33771929824561403 0.003374233128834356 0.04736842105263158
0 0.5773006134969325 0.5526315789473685 0.0049079754601227 0.07719298245614035
0 0.6771472392638037 0.4842105263157895 0.004601226993865031 0.07017543859649122
0 0.6223926380368098 0.2807017543859649 0.003067484662576687 0.04912280701754386
0 0.5541411042944785 0.24385964912280703 0.0027607361963190185 0.0456140350877193
0 0.5248466257668711 0.42894736842105263 0.0036809815950920245 0.07543859649122807
0 0.7530674846625767 0.3482456140350877 0.0036809815950920245 0.05789473684210526
0 0.7165644171779141 0.525438596491228 0.0049079754601227 0.07543859649122807
0 0.5918711656441717 0.7482456140350877 0.006441717791411043 0.09649122807017543
0 0.6352760736196319 0.20614035087719298 0.00245398773006135 0.043859649122807015
0 0.535122699386503 0.17280701754385966 0.0027607361963190185 0.03333333333333333
0 0.4662576687116564 0.706140350877193 0.006134969325153374 0.09298245614035087
0 0.6414110429447852 0.4605263157894737 0.004294478527607362 0.06842105263157895
0 0.5383435582822086 0.2982456140350877 0.003067484662576687 0.05263157894736842
0 0.6684049079754601 0.3736842105263158 0.0036809815950920245 0.05964912280701754
0 0.4995398773006135 0.20526315789473684 0.0027607361963190185 0.0456140350877193
0 0.47822085889570554 0.3780701754385965 0.004294478527607362 0.06140350877192982