0 0.3299079754601227 0.29210526315789476 0.003374233128834356 0.06140350877192982
0 0.49555214723926383 0.4166666666666667 0.003987730061349694 0.04035087719298246
0 0.4648773006134969 0.22807017543859648 0.0027607361963190185 0.0456140350877193
0 0.4852760736196319 0.1912280701754386 0.00245398773006135 0.042105263157894736
0 0.5835889570552147 0.18157894736842106 0.003374233128834356 0.04736842105263158
0 0.5989263803680982 0.23333333333333334 0.0027607361963190185 0.042105263157894736
0 0.5352760736196319 0.21140350877192982 0.00245398773006135 0.04035087719298246
0 0.6072085889570552 0.393859649122807 0.003987730061349694 0.06140350877192982
0 0.6096625766871165 0.26228070175438595 0.0027607361963190185 0.06140350877192982
0 0.5530674846625767 0.2710526315789474 0.003067484662576687 0.05087719298245614
0 0.5585889570552147 0.19298245614035087 0.00245398773006135 0.042105263157894736
0 0.5478527607361963 0.25087719298245614 0.003067484662576687 0.05263157894736842
0 0.7317484662576688 0.3131578947368421 0.003374233128834356 0.054385964912280704
0 0.6547546012269939 0.27017543859649124 0.003374233128834356 0.0456140350877193
0 0.6297546012269939 0.37719298245614036 0.0036809815950920245 0.05964912280701754
0 0.623159509202454 0.23684210526315788 0.003987730061349694 0.04912280701754386
0 0.6182515337423313 0.21578947368421053 0.003374233128834356 0.0456140350877193
0 0.5467791411042945 0.42543859649122806 0.003987730061349694 0.06491228070175438
0 0.5776073619631902 0.27982456140350875 0.003067484662576687 0.05087719298245614
0 0.5372699386503067 0.26403508771929823 0.0027607361963190185 0.03684210526315789
0 0.5553680981595092 0.20614035087719298 0.003374233128834356 0.04736842105263158
0 0.49141104294478527 0.1649122807017544 0.00245398773006135 0.0456140350877193
0 0.4901840490797546 0.22456140350877193 0.0036809815950920245 0.05263157894736842