0 0.25429447852760734 0.3798245614035088 0.003067484662576687 0.05087719298245614
0 0.4196319018404908 0.5605263157894737 0.0049079754601227 0.05789473684210526
0 0.4237730061349693 0.6991228070175438 0.005828220858895706 0.08947368421052632
0 0.4174846625766871 0.41842105263157897 0.004294478527607362 0.07192982456140351
0 0.4441717791411043 0.2885964912280702 0.003067484662576687 0.04035087719298246
0 0.5374233128834356 0.6228070175438597 0.005521472392638037 0.07017543859649122
0 0.4803680981595092 0.4728070175438597 0.004294478527607362 0.05087719298245614
0 0.49601226993865033 0.7166666666666667 0.0049079754601227 0.07894736842105263
0 0.6938650306748466 0.6078947368421053 0.005521472392638037 0.07894736842105263
0 0.5786809815950921 0.4219298245614035 0.003987730061349694 0.05789473684210526
0 0.5400306748466258 0.26666666666666666 0.0027607361963190185 0.03508771929824561
0 0.4986196319018405 0.4482456140350877 0.003987730061349694 0.06140350877192982
0 0.7374233128834355 0.36403508771929827 0.0036809815950920245 0.05789473684210526
0 0.6834355828220859 0.5622807017543859 0.004294478527607362 0.07894736842105263
0 0.4733128834355828 0.6929824561403509 0.006748466257668712 0.09473684210526316
0 0.6369631901840491 0.31140350877192985 0.003374233128834356 0.054385964912280704
0 0.5684049079754602 0.21929824561403508 0.00245398773006135 0.03859649122807018
0 0.43803680981595094 0.5280701754385965 0.0049079754601227 0.06666666666666667
0 0.6015337423312883 0.5649122807017544 0.0049079754601227 0.056140350877192984
0 0.47116564417177914 0.362280701754386 0.0036809815950920245 0.054385964912280704
0 0.5625766871165644 0.4587719298245614 0.004294478527607362 0.06140350877192982
0 0.46794478527607364 0.20964912280701756 0.0027607361963190185 0.043859649122807015
0 0.4733128834355828 0.7657894736842106 0.005521472392638037 0.07894736842105263