0 0.33450920245398774 0.28421052631578947 0.003374233128834356 0.05263157894736842
0 0.49555214723926383 0.4166666666666667 0.003987730061349694 0.04035087719298246
0 0.4602760736196319 0.22982456140350876 0.0027607361963190185 0.0456140350877193
0 0.4815950920245399 0.1912280701754386 0.003067484662576687 0.03859649122807018
0 0.5719325153374233 0.1780701754385965 0.0027607361963190185 0.03684210526315789
0 0.5872699386503067 0.22982456140350876 0.0027607361963190185 0.0456140350877193
0 0.5328220858895706 0.21140350877192982 0.00245398773006135 0.04035087719298246
0 0.6041411042944785 0.39649122807017545 0.003987730061349694 0.06315789473684211
0 0.6049079754601226 0.26403508771929823 0.003067484662576687 0.06491228070175438
0 0.548159509202454 0.2710526315789474 0.003067484662576687 0.05087719298245614
0 0.556441717791411 0.18157894736842106 0.00245398773006135 0.03684210526315789
0 0.5489263803680982 0.24561403508771928 0.003374233128834356 0.05263157894736842
0 0.724079754601227 0.30701754385964913 0.003374233128834356 0.05263157894736842
0 0.6441717791411042 0.27280701754385966 0.0036809815950920245 0.04736842105263158
0 0.6279141104294479 0.3684210526315789 0.0036809815950920245 0.05964912280701754
0 0.6170245398773007 0.23421052631578948 0.003987730061349694 0.04736842105263158
0 0.6125766871165644 0.2131578947368421 0.0036809815950920245 0.04736842105263158
0 0.5489263803680982 0.41842105263157897 0.003987730061349694 0.06491228070175438
0 0.5717791411042945 0.27982456140350875 0.003067484662576687 0.05087719298245614
0 0.536042944785276 0.25877192982456143 0.0027607361963190185 0.04736842105263158
0 0.5578220858895706 0.21052631578947367 0.003374233128834356 0.0456140350877193
0 0.4950920245398773 0.16403508771929826 0.003067484662576687 0.043859649122807015
0 0.4855828220858896 0.21929824561403508 0.00245398773006135 0.0456140350877193