0 0.25475460122699384 0.34649122807017546 0.003374233128834356 0.054385964912280704
0 0.3802147239263804 0.5649122807017544 0.005214723926380368 0.06666666666666667
0 0.419478527607362 0.38596491228070173 0.003987730061349694 0.05964912280701754
0 0.4191717791411043 0.33157894736842103 0.003374233128834356 0.056140350877192984
0 0.4289877300613497 0.24210526315789474 0.0027607361963190185 0.03508771929824561
0 0.45199386503067485 0.42894736842105263 0.003987730061349694 0.06491228070175438
0 0.4611963190184049 0.3087719298245614 0.003374233128834356 0.04912280701754386
0 0.4651840490797546 0.5885964912280702 0.005214723926380368 0.07894736842105263
0 0.5001533742331289 0.43508771929824563 0.003987730061349694 0.06666666666666667
0 0.5115030674846626 0.33421052631578946 0.003374233128834356 0.054385964912280704
0 0.49095092024539877 0.23333333333333334 0.0027607361963190185 0.03859649122807018
0 0.4634969325153374 0.4692982456140351 0.004294478527607362 0.07894736842105263
0 0.712116564417178 0.3333333333333333 0.003374233128834356 0.056140350877192984
0 0.5906441717791411 0.4807017543859649 0.004601226993865031 0.07017543859649122
0 0.47975460122699387 0.7149122807017544 0.006134969325153374 0.09298245614035087
0 0.587116564417178 0.2894736842105263 0.003067484662576687 0.05263157894736842
0 0.5180981595092025 0.18596491228070175 0.00245398773006135 0.03859649122807018
0 0.36595092024539877 0.7114035087719298 0.006134969325153374 0.09298245614035087
0 0.4559815950920245 0.4535087719298246 0.003374233128834356 0.06842105263157895
0 0.48711656441717793 0.2710526315789474 0.004294478527607362 0.043859649122807015
0 0.5283742331288344 0.42894736842105263 0.003987730061349694 0.06491228070175438
0 0.44217791411042945 0.1763157894736842 0.002147239263803681 0.04035087719298246
0 0.44585889570552145 0.35526315789473684 0.003987730061349694 0.06140350877192982