0 0.27177914110429446 0.34649122807017546 0.0036809815950920245 0.06491228070175438
0 0.425920245398773 0.6649122807017543 0.005828220858895706 0.08070175438596491
0 0.4003067484662577 0.45526315789473687 0.004294478527607362 0.06842105263157895
0 0.424079754601227 0.2412280701754386 0.0027607361963190185 0.04736842105263158
0 0.5199386503067485 0.17105263157894737 0.0018404907975460123 0.04035087719298246
0 0.455521472392638 0.2885964912280702 0.003067484662576687 0.05087719298245614
0 0.46748466257668714 0.45526315789473687 0.004294478527607362 0.05789473684210526
0 0.5958588957055214 0.5631578947368421 0.005828220858895706 0.0912280701754386
0 0.5829754601226994 0.4087719298245614 0.003987730061349694 0.05263157894736842
0 0.5538343558282208 0.34649122807017546 0.003374233128834356 0.05789473684210526
0 0.46932515337423314 0.3675438596491228 0.0036809815950920245 0.043859649122807015
0 0.5266871165644171 0.2754385964912281 0.0036809815950920245 0.05964912280701754
0 0.727760736196319 0.3368421052631579 0.003374233128834356 0.056140350877192984
0 0.6065950920245399 0.4087719298245614 0.003987730061349694 0.06315789473684211
0 0.6095092024539878 0.5508771929824562 0.004294478527607362 0.06315789473684211
0 0.5918711656441717 0.3368421052631579 0.003374233128834356 0.056140350877192984
0 0.566717791411043 0.23596491228070177 0.0027607361963190185 0.043859649122807015
0 0.5256134969325154 0.5675438596491228 0.005214723926380368 0.07894736842105263
0 0.5452453987730062 0.4105263157894737 0.003987730061349694 0.06315789473684211
0 0.4911042944785276 0.36403508771929827 0.0036809815950920245 0.04736842105263158
0 0.5473926380368098 0.3394736842105263 0.005214723926380368 0.054385964912280704
0 0.5010736196319019 0.2894736842105263 0.003374233128834356 0.04912280701754386
0 0.4592024539877301 0.4535087719298246 0.0036809815950920245 0.06140350877192982