0 0.2892638036809816 0.36403508771929827 0.004294478527607362 0.07192982456140351
0 0.4815950920245399 0.5298245614035088 0.0049079754601227 0.06315789473684211
0 0.48190184049079754 0.46403508771929824 0.004294478527607362 0.06842105263157895
0 0.5138036809815951 0.40087719298245617 0.004294478527607362 0.06491228070175438
0 0.47438650306748464 0.34210526315789475 0.003987730061349694 0.05263157894736842
0 0.5996932515337423 0.4614035087719298 0.004294478527607362 0.07719298245614035
0 0.5452453987730062 0.4105263157894737 0.003987730061349694 0.06315789473684211
0 0.6803680981595092 0.6228070175438597 0.005521472392638037 0.08070175438596491
0 0.7029141104294478 0.5649122807017544 0.005214723926380368 0.07719298245614035
0 0.6941717791411043 0.4307017543859649 0.004294478527607362 0.06491228070175438
0 0.595398773006135 0.2833333333333333 0.003067484662576687 0.05087719298245614
0 0.5440184049079755 0.3456140350877193 0.003374233128834356 0.05964912280701754
0 0.755521472392638 0.3587719298245614 0.0036809815950920245 0.05789473684210526
0 0.678680981595092 0.4824561403508772 0.005828220858895706 0.08070175438596491
0 0.6659509202453988 0.6087719298245614 0.0049079754601227 0.09824561403508772
0 0.6363496932515338 0.27807017543859647 0.003374233128834356 0.05087719298245614
0 0.5691717791411043 0.21140350877192982 0.003374233128834356 0.043859649122807015
0 0.4826687116564417 0.5087719298245614 0.004601226993865031 0.06315789473684211
0 0.5903374233128834 0.4473684210526316 0.003987730061349694 0.06666666666666667
0 0.549079754601227 0.44912280701754387 0.004294478527607362 0.05263157894736842
0 0.6182515337423313 0.3956140350877193 0.003374233128834356 0.06491228070175438
0 0.48021472392638037 0.3447368421052632 0.003987730061349694 0.05789473684210526
0 0.5199386503067485 0.40087719298245617 0.0049079754601227 0.06491228070175438