0 0.24616564417177914 0.36666666666666664 0.002147239263803681 0.04912280701754386
0 0.3544478527607362 0.65 0.005828220858895706 0.07894736842105263
0 0.40291411042944786 0.5298245614035088 0.004601226993865031 0.04912280701754386
0 0.3558282208588957 0.44912280701754387 0.004294478527607362 0.06315789473684211
0 0.38726993865030673 0.3263157894736842 0.003374233128834356 0.056140350877192984
0 0.4401840490797546 0.4368421052631579 0.004294478527607362 0.06666666666666667
0 0.44585889570552145 0.6552631578947369 0.006441717791411043 0.09298245614035087
0 0.4682515337423313 0.6631578947368421 0.005828220858895706 0.07719298245614035
0 0.501840490797546 0.5228070175438596 0.0049079754601227 0.07368421052631578
0 0.5226993865030675 0.3701754385964912 0.0036809815950920245 0.05964912280701754
0 0.44831288343558284 0.24210526315789474 0.0027607361963190185 0.042105263157894736
0 0.42300613496932515 0.4763157894736842 0.004294478527607362 0.07543859649122807
0 0.7226993865030675 0.35526315789473684 0.0036809815950920245 0.05789473684210526
0 0.5581288343558283 0.5807017543859649 0.005214723926380368 0.08070175438596491
0 0.4447852760736196 0.6815789473684211 0.006748466257668712 0.07894736842105263
0 0.5628834355828221 0.36666666666666664 0.0036809815950920245 0.05964912280701754
0 0.5035276073619632 0.2219298245614035 0.0027607361963190185 0.043859649122807015
0 0.36533742331288344 0.6947368421052632 0.006134969325153374 0.0912280701754386
0 0.46717791411042947 0.6271929824561403 0.005521472392638037 0.08596491228070176
0 0.420398773006135 0.5464912280701755 0.004601226993865031 0.06140350877192982
0 0.4634969325153374 0.47017543859649125 0.004294478527607362 0.07017543859649122
0 0.40107361963190186 0.2894736842105263 0.0027607361963190185 0.05263157894736842
0 0.3328220858895706 0.5973684210526315 0.004294478527607362 0.07543859649122807