0 0.3013803680981595 0.306140350877193 0.0027607361963190185 0.054385964912280704
0 0.5188650306748466 0.6263157894736842 0.005214723926380368 0.08421052631578947
0 0.46763803680981597 0.3956140350877193 0.003987730061349694 0.06140350877192982
0 0.48067484662576687 0.21929824561403508 0.00245398773006135 0.0456140350877193
0 0.5391104294478528 0.17192982456140352 0.003987730061349694 0.0456140350877193
0 0.5085889570552147 0.2131578947368421 0.00245398773006135 0.04035087719298246
0 0.5257668711656441 0.37105263157894736 0.0036809815950920245 0.054385964912280704
0 0.6651840490797546 0.5043859649122807 0.005214723926380368 0.07192982456140351
0 0.6372699386503068 0.312280701754386 0.003374233128834356 0.04912280701754386
0 0.5995398773006135 0.2929824561403509 0.004601226993865031 0.04912280701754386
0 0.5541411042944785 0.2131578947368421 0.003987730061349694 0.043859649122807015
0 0.5550613496932515 0.24649122807017543 0.003374233128834356 0.054385964912280704
0 0.7532208588957056 0.3219298245614035 0.003374233128834356 0.054385964912280704
0 0.6504601226993865 0.3447368421052632 0.003374233128834356 0.05789473684210526
0 0.6608895705521473 0.443859649122807 0.005214723926380368 0.07719298245614035
0 0.6449386503067485 0.27631578947368424 0.003374233128834356 0.05087719298245614
0 0.5598159509202454 0.17982456140350878 0.003067484662576687 0.04035087719298246
0 0.5884969325153374 0.5070175438596491 0.004601226993865031 0.07368421052631578
0 0.6001533742331289 0.3298245614035088 0.003374233128834356 0.056140350877192984
0 0.5662576687116564 0.26842105263157895 0.003067484662576687 0.04912280701754386
0 0.5835889570552147 0.23596491228070177 0.003987730061349694 0.05789473684210526
0 0.5664110429447853 0.19736842105263158 0.003374233128834356 0.04035087719298246
0 0.5085889570552147 0.3868421052631579 0.0036809815950920245 0.06842105263157895