0 0.24125766871165644 0.36929824561403507 0.003374233128834356 0.05789473684210526
0 0.349079754601227 0.6166666666666667 0.005521472392638037 0.07894736842105263
0 0.39631901840490796 0.5228070175438596 0.0036809815950920245 0.07017543859649122
0 0.38450920245398773 0.44649122807017544 0.004601226993865031 0.06491228070175438
0 0.4041411042944785 0.3140350877192982 0.003374233128834356 0.03859649122807018
0 0.4317484662576687 0.41842105263157897 0.003987730061349694 0.06491228070175438
0 0.4372699386503067 0.5710526315789474 0.005214723926380368 0.07543859649122807
0 0.4151840490797546 0.6614035087719298 0.005828220858895706 0.08070175438596491
0 0.5269938650306748 0.5508771929824562 0.0049079754601227 0.07719298245614035
0 0.5003067484662577 0.3850877192982456 0.0036809815950920245 0.05087719298245614
0 0.44309815950920245 0.24736842105263157 0.0027607361963190185 0.042105263157894736
0 0.4130368098159509 0.49298245614035086 0.003987730061349694 0.07368421052631578
0 0.7035276073619632 0.35 0.003374233128834356 0.05789473684210526
0 0.5746932515337423 0.6175438596491228 0.005214723926380368 0.08421052631578947
0 0.39631901840490796 0.7728070175438596 0.006748466257668712 0.09649122807017543
0 0.5707055214723926 0.3447368421052632 0.003374233128834356 0.05789473684210526
0 0.5044478527607362 0.23421052631578948 0.0027607361963190185 0.043859649122807015
0 0.39815950920245397 0.7219298245614035 0.006134969325153374 0.09298245614035087
0 0.4611963190184049 0.5745614035087719 0.005214723926380368 0.07894736842105263
0 0.40797546012269936 0.5587719298245614 0.0049079754601227 0.07192982456140351
0 0.4771472392638037 0.42280701754385963 0.003987730061349694 0.06315789473684211
0 0.42438650306748466 0.25877192982456143 0.0027607361963190185 0.04736842105263158
0 0.35966257668711654 0.5184210526315789 0.004601226993865031 0.0824561403508772