0 0.3397239263803681 0.2807017543859649 0.003987730061349694 0.06315789473684211
0 0.49555214723926383 0.41578947368421054 0.003987730061349694 0.03859649122807018
0 0.45567484662576685 0.23333333333333334 0.0027607361963190185 0.0456140350877193
0 0.4776073619631902 0.19649122807017544 0.0036809815950920245 0.0456140350877193
0 0.5579754601226994 0.16403508771929826 0.003067484662576687 0.03684210526315789
0 0.5756134969325153 0.22807017543859648 0.0027607361963190185 0.0456140350877193
0 0.5297546012269939 0.20614035087719298 0.00245398773006135 0.03684210526315789
0 0.6069018404907975 0.3991228070175439 0.003987730061349694 0.06140350877192982
0 0.5993865030674846 0.2631578947368421 0.003067484662576687 0.06666666666666667
0 0.5429447852760736 0.27280701754385966 0.003067484662576687 0.05087719298245614
0 0.5552147239263804 0.17719298245614035 0.00245398773006135 0.03859649122807018
0 0.5507668711656442 0.2412280701754386 0.003374233128834356 0.054385964912280704
0 0.7171779141104294 0.3017543859649123 0.003067484662576687 0.05263157894736842
0 0.6335889570552147 0.27456140350877195 0.003987730061349694 0.05087719298245614
0 0.6269938650306749 0.3605263157894737 0.0036809815950920245 0.05789473684210526
0 0.6088957055214724 0.2324561403508772 0.0036809815950920245 0.05087719298245614
0 0.6059815950920245 0.21052631578947367 0.003374233128834356 0.04912280701754386
0 0.5513803680981595 0.40350877192982454 0.003987730061349694 0.06315789473684211
0 0.5659509202453987 0.27456140350877195 0.003067484662576687 0.05087719298245614
0 0.5329754601226994 0.25263157894736843 0.0027607361963190185 0.04912280701754386
0 0.5599693251533743 0.21052631578947367 0.0027607361963190185 0.042105263157894736
0 0.5029141104294479 0.1631578947368421 0.003374233128834356 0.042105263157894736
0 0.4825153374233129 0.21578947368421053 0.003067484662576687 0.04912280701754386