0 0.2273006134969325 0.36666666666666664 0.0036809815950920245 0.05964912280701754
0 0.23680981595092024 0.7271929824561404 0.005521472392638037 0.0824561403508772
0 0.324079754601227 0.5201754385964912 0.005214723926380368 0.07543859649122807
0 0.37515337423312883 0.3929824561403509 0.0036809815950920245 0.05263157894736842
0 0.4162576687116564 0.2982456140350877 0.003067484662576687 0.05263157894736842
0 0.4986196319018405 0.5736842105263158 0.005214723926380368 0.07719298245614035
0 0.4363496932515337 0.41842105263157897 0.004601226993865031 0.06491228070175438
0 0.48052147239263804 0.6324561403508772 0.003987730061349694 0.09298245614035087
0 0.620398773006135 0.5622807017543859 0.005214723926380368 0.07894736842105263
0 0.5389570552147239 0.35 0.003067484662576687 0.05789473684210526
0 0.5251533742331288 0.26842105263157895 0.003067484662576687 0.0456140350877193
0 0.4180981595092024 0.4824561403508772 0.0036809815950920245 0.07368421052631578
0 0.7245398773006135 0.3587719298245614 0.0036809815950920245 0.05789473684210526
0 0.6177914110429448 0.5859649122807018 0.0049079754601227 0.08771929824561403
0 0.5128834355828221 0.6938596491228071 0.006134969325153374 0.08596491228070176
0 0.5845092024539877 0.3078947368421053 0.003374233128834356 0.054385964912280704
0 0.5219325153374234 0.2 0.003987730061349694 0.042105263157894736
0 0.22254601226993864 0.7552631578947369 0.006441717791411043 0.09649122807017543
0 0.5335889570552147 0.4850877192982456 0.004601226993865031 0.05789473684210526
0 0.4418711656441718 0.3307017543859649 0.003374233128834356 0.04736842105263158
0 0.44125766871165645 0.443859649122807 0.003987730061349694 0.04912280701754386
0 0.4128834355828221 0.2307017543859649 0.003067484662576687 0.04035087719298246
0 0.3558282208588957 0.5263157894736842 0.0049079754601227 0.07017543859649122