0 0.2960122699386503 0.3131578947368421 0.003067484662576687 0.05789473684210526
0 0.5 0.6482456140350877 0.005521472392638037 0.08596491228070176
0 0.4526073619631902 0.4166666666666667 0.003987730061349694 0.06491228070175438
0 0.4726993865030675 0.21754385964912282 0.00245398773006135 0.042105263157894736
0 0.5311349693251534 0.16666666666666666 0.003374233128834356 0.03859649122807018
0 0.5029141104294479 0.23684210526315788 0.0027607361963190185 0.042105263157894736
0 0.5228527607361964 0.41842105263157897 0.003987730061349694 0.06140350877192982
0 0.6469325153374234 0.5271929824561403 0.0049079754601227 0.07192982456140351
0 0.6208588957055214 0.3570175438596491 0.0036809815950920245 0.05789473684210526
0 0.5980061349693252 0.3 0.003374233128834356 0.05964912280701754
0 0.5581288343558283 0.2543859649122807 0.003987730061349694 0.0456140350877193
0 0.5435582822085889 0.25263157894736843 0.003067484662576687 0.05263157894736842
0 0.7498466257668711 0.3219298245614035 0.003374233128834356 0.054385964912280704
0 0.6460122699386504 0.3631578947368421 0.0036809815950920245 0.05964912280701754
0 0.6478527607361964 0.45964912280701753 0.0049079754601227 0.07368421052631578
0 0.6345092024539877 0.28157894736842104 0.003987730061349694 0.05789473684210526
0 0.561963190184049 0.18596491228070175 0.00245398773006135 0.042105263157894736
0 0.5742331288343558 0.5289473684210526 0.0049079754601227 0.07543859649122807
0 0.591717791411043 0.35350877192982455 0.0036809815950920245 0.05789473684210526
0 0.553680981595092 0.27456140350877195 0.003067484662576687 0.04736842105263158
0 0.5891104294478527 0.2578947368421053 0.003987730061349694 0.05964912280701754
0 0.5374233128834356 0.21403508771929824 0.0036809815950920245 0.04912280701754386
0 0.49524539877300616 0.4043859649122807 0.004601226993865031 0.07192982456140351