0 0.3565950920245399 0.3447368421052632 0.003374233128834356 0.05789473684210526
0 0.9355828220858896 0.7570175438596491 0.0049079754601227 0.09649122807017543
0 0.5093558282208589 0.393859649122807 0.003987730061349694 0.06140350877192982
0 0.49984662576687117 0.3105263157894737 0.003374233128834356 0.056140350877192984
0 0.5763803680981595 0.21929824561403508 0.0036809815950920245 0.04912280701754386
0 0.5717791411042945 0.36666666666666664 0.0036809815950920245 0.05964912280701754
0 0.6526073619631901 0.31491228070175437 0.003374233128834356 0.04736842105263158
0 0.6495398773006135 0.5271929824561403 0.004601226993865031 0.043859649122807015
0 0.7849693251533743 0.4087719298245614 0.006134969325153374 0.06315789473684211
0 0.7561349693251533 0.36666666666666664 0.004294478527607362 0.06315789473684211
0 0.7131901840490797 0.29210526315789476 0.0036809815950920245 0.043859649122807015
0 0.6734662576687117 0.33771929824561403 0.003374233128834356 0.054385964912280704
0 0.7187116564417177 0.3087719298245614 0.0036809815950920245 0.06315789473684211
0 0.7510736196319019 0.37105263157894736 0.005214723926380368 0.07543859649122807
0 0.7478527607361963 0.5228070175438596 0.0049079754601227 0.06666666666666667
0 0.7156441717791411 0.27456140350877195 0.003067484662576687 0.04736842105263158
0 0.7337423312883435 0.3087719298245614 0.004294478527607362 0.056140350877192984
0 0.8680981595092024 0.6342105263157894 0.005521472392638037 0.06140350877192982
0 0.717638036809816 0.3649122807017544 0.003987730061349694 0.05964912280701754
0 0.6225460122699387 0.3175438596491228 0.003374233128834356 0.05263157894736842
0 0.6828220858895706 0.29912280701754385 0.004294478527607362 0.06140350877192982
0 0.6081288343558282 0.17982456140350878 0.003374233128834356 0.04736842105263158
0 0.5113496932515338 0.34649122807017546 0.0036809815950920245 0.05789473684210526