0 0.350920245398773 0.30964912280701756 0.003067484662576687 0.05789473684210526
0 0.5329754601226994 0.42894736842105263 0.003987730061349694 0.05789473684210526
0 0.48006134969325154 0.27280701754385966 0.003067484662576687 0.05087719298245614
0 0.5384969325153375 0.22456140350877193 0.003374233128834356 0.04912280701754386
0 0.6395705521472392 0.20964912280701756 0.00245398773006135 0.03333333333333333
0 0.6634969325153375 0.24035087719298245 0.003067484662576687 0.0456140350877193
0 0.5523006134969325 0.23157894736842105 0.0027607361963190185 0.042105263157894736
0 0.6512269938650307 0.37280701754385964 0.0036809815950920245 0.054385964912280704
0 0.6437116564417178 0.25701754385964914 0.0027607361963190185 0.04736842105263158
0 0.5950920245398773 0.27631578947368424 0.003067484662576687 0.05087719298245614
0 0.5932515337423313 0.20175438596491227 0.00245398773006135 0.031578947368421054
0 0.5906441717791411 0.2771929824561403 0.003987730061349694 0.056140350877192984
0 0.7553680981595092 0.3236842105263158 0.003374233128834356 0.054385964912280704
0 0.7047546012269938 0.24912280701754386 0.003374233128834356 0.042105263157894736
0 0.6739263803680982 0.3736842105263158 0.0036809815950920245 0.04912280701754386
0 0.6670245398773006 0.24561403508771928 0.003987730061349694 0.0456140350877193
0 0.6501533742331288 0.22894736842105262 0.003374233128834356 0.04736842105263158
0 0.5628834355828221 0.46403508771929824 0.004294478527607362 0.06842105263157895
0 0.6058282208588958 0.2964912280701754 0.003067484662576687 0.05263157894736842
0 0.566717791411043 0.26052631578947366 0.0027607361963190185 0.043859649122807015
0 0.598159509202454 0.2219298245614035 0.0036809815950920245 0.05087719298245614
0 0.5119631901840491 0.17280701754385966 0.00245398773006135 0.04035087719298246
0 0.5335889570552147 0.24035087719298245 0.003987730061349694 0.0456140350877193