0 0.26012269938650306 0.3605263157894737 0.0036809815950920245 0.054385964912280704
0 0.40904907975460125 0.5903508771929824 0.005214723926380368 0.06140350877192982
0 0.4312883435582822 0.4692982456140351 0.004294478527607362 0.06842105263157895
0 0.4256134969325153 0.35 0.003374233128834356 0.054385964912280704
0 0.4368098159509202 0.2894736842105263 0.003067484662576687 0.03859649122807018
0 0.4737730061349693 0.519298245614035 0.004601226993865031 0.07368421052631578
0 0.5159509202453988 0.36666666666666664 0.0036809815950920245 0.0456140350877193
0 0.5299079754601227 0.4956140350877193 0.004601226993865031 0.06140350877192982
0 0.5897239263803681 0.3307017543859649 0.003374233128834356 0.05087719298245614
0 0.5156441717791411 0.39210526315789473 0.004294478527607362 0.06140350877192982
0 0.576840490797546 0.22982456140350876 0.0027607361963190185 0.03859649122807018
0 0.5184049079754601 0.44912280701754387 0.0049079754601227 0.06315789473684211
0 0.7306748466257669 0.33157894736842103 0.003067484662576687 0.04912280701754386
0 0.604601226993865 0.45087719298245615 0.004294478527607362 0.06666666666666667
0 0.5409509202453988 0.6070175438596491 0.005214723926380368 0.07719298245614035
0 0.5881901840490797 0.3087719298245614 0.003987730061349694 0.0456140350877193
0 0.5716257668711656 0.2517543859649123 0.0027607361963190185 0.04736842105263158
0 0.4308282208588957 0.6780701754385965 0.005828220858895706 0.08947368421052632
0 0.4938650306748466 0.5324561403508772 0.0049079754601227 0.06491228070175438
0 0.4717791411042945 0.3526315789473684 0.0036809815950920245 0.04912280701754386
0 0.5417177914110429 0.37719298245614036 0.004294478527607362 0.056140350877192984
0 0.4469325153374233 0.21929824561403508 0.003067484662576687 0.04912280701754386
0 0.44263803680981595 0.47543859649122805 0.004294478527607362 0.06315789473684211