0 0.27929447852760736 0.36140350877192984 0.003987730061349694 0.05964912280701754
0 0.4664110429447853 0.493859649122807 0.004601226993865031 0.07192982456140351
0 0.46717791411042947 0.45263157894736844 0.004294478527607362 0.06315789473684211
0 0.48911042944785277 0.39210526315789473 0.004601226993865031 0.06842105263157895
0 0.4700920245398773 0.40789473684210525 0.003987730061349694 0.05087719298245614
0 0.5438650306748466 0.4517543859649123 0.0049079754601227 0.07894736842105263
0 0.5076687116564417 0.4780701754385965 0.0049079754601227 0.06140350877192982
0 0.6388036809815951 0.5701754385964912 0.005214723926380368 0.06315789473684211
0 0.6708588957055215 0.5526315789473685 0.0049079754601227 0.07719298245614035
0 0.6538343558282208 0.41754385964912283 0.003987730061349694 0.06315789473684211
0 0.5828220858895705 0.2929824561403509 0.003067484662576687 0.0456140350877193
0 0.5309815950920246 0.34385964912280703 0.003067484662576687 0.056140350877192984
0 0.75 0.3482456140350877 0.0036809815950920245 0.05789473684210526
0 0.6398773006134969 0.46403508771929824 0.004294478527607362 0.06842105263157895
0 0.5809815950920245 0.6078947368421053 0.005521472392638037 0.07192982456140351
0 0.6161042944785277 0.30350877192982456 0.003374233128834356 0.05263157894736842
0 0.5446319018404908 0.22017543859649122 0.0027607361963190185 0.043859649122807015
0 0.4541411042944785 0.5517543859649123 0.004601226993865031 0.07543859649122807
0 0.5470858895705522 0.4166666666666667 0.003987730061349694 0.07192982456140351
0 0.5110429447852761 0.4850877192982456 0.004294478527607362 0.04736842105263158
0 0.5739263803680982 0.3587719298245614 0.0036809815950920245 0.05789473684210526
0 0.45521472392638035 0.4263157894736842 0.0036809815950920245 0.05263157894736842
0 0.5125766871165645 0.38596491228070173 0.0036809815950920245 0.06315789473684211