0 0.31349693251533745 0.3017543859649123 0.00245398773006135 0.05263157894736842
0 0.4958588957055215 0.4105263157894737 0.003987730061349694 0.04912280701754386
0 0.46411042944785275 0.27982456140350875 0.003067484662576687 0.05087719298245614
0 0.4653374233128834 0.1692982456140351 0.003067484662576687 0.03684210526315789
0 0.5260736196319018 0.15350877192982457 0.003067484662576687 0.03684210526315789
0 0.5450920245398773 0.27982456140350875 0.003067484662576687 0.05087719298245614
0 0.508282208588957 0.1675438596491228 0.003067484662576687 0.03684210526315789
0 0.603680981595092 0.36666666666666664 0.0036809815950920245 0.056140350877192984
0 0.5786809815950921 0.2517543859649123 0.0027607361963190185 0.04736842105263158
0 0.521319018404908 0.2614035087719298 0.0027607361963190185 0.04912280701754386
0 0.5596625766871166 0.16052631578947368 0.003374233128834356 0.03684210526315789
0 0.5403374233128835 0.24210526315789474 0.003374233128834356 0.05263157894736842
0 0.7289877300613496 0.3078947368421053 0.003374233128834356 0.054385964912280704
0 0.601840490797546 0.26666666666666666 0.003067484662576687 0.04912280701754386
0 0.6228527607361963 0.3298245614035088 0.003374233128834356 0.056140350877192984
0 0.601840490797546 0.22456140350877193 0.003067484662576687 0.04912280701754386
0 0.5742331288343558 0.17543859649122806 0.003067484662576687 0.03859649122807018
0 0.5386503067484663 0.3701754385964912 0.0036809815950920245 0.05964912280701754
0 0.5634969325153374 0.2649122807017544 0.003067484662576687 0.04912280701754386
0 0.5202453987730061 0.19210526315789472 0.00245398773006135 0.04035087719298246
0 0.5746932515337423 0.2149122807017544 0.003987730061349694 0.04736842105263158
0 0.5401840490797546 0.16842105263157894 0.003067484662576687 0.03859649122807018
0 0.48144171779141104 0.20877192982456141 0.0027607361963190185 0.05263157894736842