0 0.2067484662576687 0.4070175438596491 0.004294478527607362 0.06315789473684211
0 0.18573619631901842 0.5640350877192982 0.005214723926380368 0.06842105263157895
0 0.3072085889570552 0.49736842105263157 0.004601226993865031 0.07192982456140351
0 0.3035276073619632 0.3236842105263158 0.003374233128834356 0.054385964912280704
0 0.38788343558282207 0.24385964912280703 0.003374233128834356 0.042105263157894736
0 0.38650306748466257 0.3587719298245614 0.0036809815950920245 0.05789473684210526
0 0.4242331288343558 0.5359649122807018 0.004294478527607362 0.06491228070175438
0 0.498159509202454 0.6043859649122807 0.0049079754601227 0.07894736842105263
0 0.5085889570552147 0.4535087719298246 0.004294478527607362 0.07192982456140351
0 0.49846625766871167 0.3850877192982456 0.0036809815950920245 0.06140350877192982
0 0.48819018404907977 0.24298245614035088 0.0027607361963190185 0.04736842105263158
0 0.4386503067484663 0.3587719298245614 0.0036809815950920245 0.05789473684210526
0 0.6961656441717792 0.3447368421052632 0.003374233128834356 0.05789473684210526
0 0.5565950920245398 0.4807017543859649 0.004601226993865031 0.07017543859649122
0 0.5171779141104295 0.6394736842105263 0.005521472392638037 0.08596491228070176
0 0.5368098159509203 0.3701754385964912 0.0036809815950920245 0.05964912280701754
0 0.5108895705521472 0.26666666666666666 0.0027607361963190185 0.04912280701754386
0 0.3598159509202454 0.6342105263157894 0.005521472392638037 0.08596491228070176
0 0.506441717791411 0.5210526315789473 0.0049079754601227 0.07368421052631578
0 0.37668711656441717 0.5149122807017544 0.0049079754601227 0.07192982456140351
0 0.450920245398773 0.36666666666666664 0.0036809815950920245 0.05964912280701754
0 0.3700920245398773 0.28157894736842104 0.003987730061349694 0.06491228070175438
0 0.19478527607361965 0.5447368421052632 0.006748466257668712 0.07543859649122807