0 0.248159509202454 0.3631578947368421 0.0036809815950920245 0.05263157894736842
0 0.41503067484662576 0.7017543859649122 0.006134969325153374 0.08070175438596491
0 0.402760736196319 0.5447368421052632 0.0049079754601227 0.06842105263157895
0 0.41641104294478526 0.3780701754385965 0.003374233128834356 0.054385964912280704
0 0.42484662576687116 0.29035087719298247 0.003067484662576687 0.04035087719298246
0 0.45107361963190185 0.6043859649122807 0.005214723926380368 0.0824561403508772
0 0.47070552147239264 0.41403508771929826 0.003987730061349694 0.05263157894736842
0 0.49984662576687117 0.5964912280701754 0.005214723926380368 0.07017543859649122
0 0.5835889570552147 0.35789473684210527 0.0027607361963190185 0.0456140350877193
0 0.5052147239263803 0.4052631578947368 0.004294478527607362 0.06315789473684211
0 0.5547546012269938 0.23421052631578948 0.0027607361963190185 0.03684210526315789
0 0.48573619631901843 0.45789473684210524 0.005214723926380368 0.06666666666666667
0 0.7246932515337423 0.3412280701754386 0.003374233128834356 0.054385964912280704
0 0.6004601226993865 0.5087719298245614 0.004601226993865031 0.07368421052631578
0 0.5039877300613497 0.7219298245614035 0.006134969325153374 0.09298245614035087
0 0.5817484662576687 0.3263157894736842 0.004601226993865031 0.056140350877192984
0 0.5651840490797546 0.25263157894736843 0.0027607361963190185 0.0456140350877193
0 0.4190184049079755 0.7219298245614035 0.006134969325153374 0.08947368421052632
0 0.48895705521472393 0.6035087719298246 0.0049079754601227 0.06666666666666667
0 0.45337423312883435 0.3798245614035088 0.003067484662576687 0.043859649122807015
0 0.5280674846625767 0.39824561403508774 0.003987730061349694 0.05263157894736842
0 0.4418711656441718 0.20614035087719298 0.003987730061349694 0.05087719298245614
0 0.4096625766871166 0.5385964912280702 0.004601226993865031 0.06666666666666667