0 0.3170245398773006 0.3263157894736842 0.003374233128834356 0.056140350877192984
0 0.6688650306748466 0.6236842105263158 0.00705521472392638 0.1
0 0.48466257668711654 0.3684210526315789 0.0036809815950920245 0.05964912280701754
0 0.4834355828220859 0.2956140350877193 0.003067484662576687 0.04736842105263158
0 0.5381901840490797 0.1912280701754386 0.0027607361963190185 0.042105263157894736
0 0.5588957055214724 0.35526315789473684 0.0036809815950920245 0.05789473684210526
0 0.5911042944785276 0.2657894736842105 0.003067484662576687 0.04736842105263158
0 0.49800613496932516 0.4903508771929825 0.004601226993865031 0.07192982456140351
0 0.6743865030674847 0.3701754385964912 0.003374233128834356 0.056140350877192984
0 0.6647239263803681 0.35350877192982455 0.0036809815950920245 0.05789473684210526
0 0.6467791411042945 0.24298245614035088 0.0027607361963190185 0.04736842105263158
0 0.5992331288343559 0.4131578947368421 0.003987730061349694 0.06842105263157895
0 0.7202453987730061 0.3043859649122807 0.0036809815950920245 0.043859649122807015
0 0.7225460122699386 0.4070175438596491 0.003987730061349694 0.06315789473684211
0 0.6734662576687117 0.5929824561403508 0.005214723926380368 0.08070175438596491
0 0.6748466257668712 0.25526315789473686 0.0036809815950920245 0.05087719298245614
0 0.6776073619631902 0.27631578947368424 0.003067484662576687 0.04035087719298246
0 0.6605828220858896 0.6482456140350877 0.005828220858895706 0.09298245614035087
0 0.6254601226993866 0.37719298245614036 0.0036809815950920245 0.05964912280701754
0 0.5714723926380368 0.2982456140350877 0.003067484662576687 0.042105263157894736
0 0.6019938650306749 0.2517543859649123 0.003374233128834356 0.04736842105263158
0 0.5627300613496933 0.1631578947368421 0.003374233128834356 0.0456140350877193
0 0.4766871165644172 0.3219298245614035 0.003067484662576687 0.05789473684210526