0 0.27607361963190186 0.33771929824561403 0.004294478527607362 0.05789473684210526
0 0.47822085889570554 0.4614035087719298 0.004294478527607362 0.06666666666666667
0 0.4785276073619632 0.3719298245614035 0.0036809815950920245 0.05964912280701754
0 0.4855828220858896 0.2964912280701754 0.003067484662576687 0.05263157894736842
0 0.495398773006135 0.21666666666666667 0.00245398773006135 0.043859649122807015
0 0.5300613496932516 0.36666666666666664 0.0036809815950920245 0.05964912280701754
0 0.5199386503067485 0.27631578947368424 0.003067484662576687 0.04736842105263158
0 0.5435582822085889 0.5175438596491229 0.0049079754601227 0.07368421052631578
0 0.6644171779141105 0.3473684210526316 0.003067484662576687 0.04912280701754386
0 0.6010736196319019 0.2578947368421053 0.0027607361963190185 0.04912280701754386
0 0.5469325153374233 0.21052631578947367 0.00245398773006135 0.042105263157894736
0 0.5061349693251533 0.40614035087719297 0.0036809815950920245 0.06491228070175438
0 0.7090490797546012 0.312280701754386 0.003374233128834356 0.04912280701754386
0 0.6624233128834356 0.41578947368421054 0.004601226993865031 0.07017543859649122
0 0.5938650306748466 0.7166666666666667 0.006134969325153374 0.09298245614035087
0 0.6211656441717791 0.22280701754385965 0.00245398773006135 0.0456140350877193
0 0.5233128834355828 0.16578947368421051 0.003067484662576687 0.03333333333333333
0 0.4690184049079755 0.5342105263157895 0.0049079754601227 0.07543859649122807
0 0.5337423312883436 0.4368421052631579 0.004294478527607362 0.06666666666666667
0 0.5030674846625767 0.26666666666666666 0.003067484662576687 0.04912280701754386
0 0.533282208588957 0.31842105263157894 0.003987730061349694 0.05789473684210526
0 0.4883435582822086 0.19035087719298247 0.003067484662576687 0.05087719298245614
0 0.47530674846625764 0.32105263157894737 0.003374233128834356 0.05964912280701754