0 0.36763803680981594 0.31842105263157894 0.003374233128834356 0.06491228070175438
0 0.6190184049079754 0.4675438596491228 0.004294478527607362 0.06842105263157895
0 0.5421779141104295 0.34035087719298246 0.003374233128834356 0.056140350877192984
0 0.5283742331288344 0.2614035087719298 0.0027607361963190185 0.04912280701754386
0 0.6684049079754601 0.1649122807017544 0.003067484662576687 0.04912280701754386
0 0.5886503067484663 0.2131578947368421 0.00245398773006135 0.043859649122807015
0 0.6355828220858896 0.30526315789473685 0.003067484662576687 0.04912280701754386
0 0.7303680981595092 0.3719298245614035 0.0036809815950920245 0.05964912280701754
0 0.6792944785276074 0.31491228070175437 0.003987730061349694 0.054385964912280704
0 0.6878834355828221 0.23771929824561402 0.0027607361963190185 0.04736842105263158
0 0.6538343558282208 0.17982456140350878 0.003374233128834356 0.03333333333333333
0 0.6607361963190184 0.22982456140350876 0.0036809815950920245 0.04912280701754386
0 0.7753067484662577 0.32456140350877194 0.003987730061349694 0.056140350877192984
0 0.7323619631901841 0.3078947368421053 0.005828220858895706 0.06491228070175438
0 0.7371165644171779 0.3605263157894737 0.0036809815950920245 0.054385964912280704
0 0.6970858895705522 0.2394736842105263 0.0027607361963190185 0.054385964912280704
0 0.6742331288343558 0.17719298245614035 0.003067484662576687 0.031578947368421054
0 0.7078220858895705 0.41403508771929826 0.003987730061349694 0.06315789473684211
0 0.7110429447852761 0.2956140350877193 0.004294478527607362 0.054385964912280704
0 0.626840490797546 0.22017543859649122 0.0027607361963190185 0.04736842105263158
0 0.675920245398773 0.2631578947368421 0.003987730061349694 0.04912280701754386
0 0.6633435582822086 0.18596491228070175 0.003987730061349694 0.03859649122807018
0 0.5480061349693252 0.3368421052631579 0.003987730061349694 0.05964912280701754