0 0.2884969325153374 0.3429824561403509 0.0027607361963190185 0.06842105263157895
0 0.46088957055214724 0.6833333333333333 0.005828220858895706 0.08947368421052632
0 0.4237730061349693 0.443859649122807 0.003987730061349694 0.06666666666666667
0 0.4550613496932515 0.2412280701754386 0.0027607361963190185 0.04736842105263158
0 0.5257668711656441 0.17543859649122806 0.0036809815950920245 0.03859649122807018
0 0.47024539877300614 0.29473684210526313 0.003067484662576687 0.05263157894736842
0 0.5047546012269939 0.47017543859649125 0.005828220858895706 0.07719298245614035
0 0.6041411042944785 0.5157894736842106 0.004601226993865031 0.07017543859649122
0 0.6004601226993865 0.43859649122807015 0.003987730061349694 0.06666666666666667
0 0.5788343558282208 0.3236842105263158 0.0036809815950920245 0.05789473684210526
0 0.502760736196319 0.35526315789473684 0.003067484662576687 0.054385964912280704
0 0.5365030674846626 0.27807017543859647 0.003067484662576687 0.05087719298245614
0 0.7311349693251534 0.3333333333333333 0.003374233128834356 0.056140350877192984
0 0.6228527607361963 0.4166666666666667 0.003987730061349694 0.06491228070175438
0 0.6159509202453988 0.4956140350877193 0.0049079754601227 0.07192982456140351
0 0.6053680981595092 0.3298245614035088 0.003374233128834356 0.056140350877192984
0 0.576840490797546 0.2394736842105263 0.0027607361963190185 0.04736842105263158
0 0.5470858895705522 0.5824561403508772 0.005214723926380368 0.08070175438596491
0 0.568558282208589 0.4166666666666667 0.003987730061349694 0.06491228070175438
0 0.5023006134969326 0.3368421052631579 0.003374233128834356 0.04912280701754386
0 0.5825153374233129 0.3254385964912281 0.004294478527607362 0.05789473684210526
0 0.49233128834355827 0.2850877192982456 0.0036809815950920245 0.05087719298245614
0 0.4829754601226994 0.44912280701754387 0.003987730061349694 0.06315789473684211