0 0.23803680981595093 0.38421052631578945 0.0036809815950920245 0.07368421052631578
0 0.3038343558282209 0.7421052631578947 0.006441717791411043 0.0912280701754386
0 0.3033742331288344 0.606140350877193 0.0049079754601227 0.07543859649122807
0 0.3696319018404908 0.46228070175438596 0.004294478527607362 0.06491228070175438
0 0.3920245398773006 0.3719298245614035 0.0036809815950920245 0.05964912280701754
0 0.3588957055214724 0.6307017543859649 0.0049079754601227 0.08947368421052632
0 0.4087423312883436 0.5657894736842105 0.005214723926380368 0.06140350877192982
0 0.38266871165644173 0.706140350877193 0.004601226993865031 0.07543859649122807
0 0.423159509202454 0.743859649122807 0.005214723926380368 0.08421052631578947
0 0.4785276073619632 0.43508771929824563 0.004294478527607362 0.06666666666666667
0 0.4958588957055215 0.356140350877193 0.003374233128834356 0.056140350877192984
0 0.4423312883435583 0.4570175438596491 0.004294478527607362 0.07192982456140351
0 0.7033742331288344 0.3868421052631579 0.0036809815950920245 0.06140350877192982
0 0.5392638036809816 0.6342105263157894 0.005521472392638037 0.08596491228070176
0 0.4306748466257669 0.7263157894736842 0.004294478527607362 0.08771929824561403
0 0.5345092024539877 0.4842105263157895 0.004601226993865031 0.07017543859649122
0 0.5153374233128835 0.37280701754385964 0.003067484662576687 0.054385964912280704
0 0.4092024539877301 0.718421052631579 0.006134969325153374 0.09298245614035087
0 0.38512269938650306 0.637719298245614 0.005214723926380368 0.09298245614035087
0 0.38696319018404907 0.49473684210526314 0.004601226993865031 0.06315789473684211
0 0.4450920245398773 0.624561403508772 0.005521472392638037 0.08421052631578947
0 0.419478527607362 0.3956140350877193 0.003987730061349694 0.06140350877192982
0 0.30736196319018405 0.6140350877192983 0.0049079754601227 0.07368421052631578