0 0.2955521472392638 0.3736842105263158 0.0027607361963190185 0.05964912280701754
0 0.5407975460122699 0.6350877192982456 0.005521472392638037 0.07719298245614035
0 0.5157975460122699 0.4824561403508772 0.004601226993865031 0.07017543859649122
0 0.5033742331288343 0.4043859649122807 0.004294478527607362 0.06491228070175438
0 0.498159509202454 0.2807017543859649 0.0036809815950920245 0.042105263157894736
0 0.6487730061349694 0.4964912280701754 0.004294478527607362 0.08070175438596491
0 0.5645705521472393 0.4026315789473684 0.003987730061349694 0.05789473684210526
0 0.7119631901840491 0.6929824561403509 0.006134969325153374 0.08771929824561403
0 0.7388036809815951 0.5736842105263158 0.005214723926380368 0.07719298245614035
0 0.7282208588957055 0.4421052631578947 0.004294478527607362 0.06666666666666667
0 0.5960122699386503 0.2719298245614035 0.003067484662576687 0.04912280701754386
0 0.5691717791411043 0.3780701754385965 0.003987730061349694 0.06140350877192982
0 0.7625766871165645 0.3815789473684211 0.0036809815950920245 0.05789473684210526
0 0.7257668711656442 0.5526315789473685 0.007361963190184049 0.09824561403508772
0 0.7200920245398773 0.6719298245614035 0.005828220858895706 0.08771929824561403
0 0.6529141104294478 0.2578947368421053 0.003374233128834356 0.04912280701754386
0 0.5668711656441717 0.19912280701754387 0.003067484662576687 0.04035087719298246
0 0.5503067484662577 0.6140350877192983 0.005521472392638037 0.08070175438596491
0 0.6398773006134969 0.5096491228070176 0.006134969325153374 0.07894736842105263
0 0.55 0.4692982456140351 0.004294478527607362 0.06491228070175438
0 0.6657975460122699 0.4166666666666667 0.003987730061349694 0.06491228070175438
0 0.5061349693251533 0.2850877192982456 0.003067484662576687 0.05087719298245614
0 0.5105828220858896 0.4149122807017544 0.003987730061349694 0.06140350877192982