0 0.27254601226993863 0.3385964912280702 0.003987730061349694 0.056140350877192984
0 0.4486196319018405 0.48947368421052634 0.003987730061349694 0.07368421052631578
0 0.4570552147239264 0.37719298245614036 0.0036809815950920245 0.05964912280701754
0 0.4653374233128834 0.27017543859649124 0.003067484662576687 0.04912280701754386
0 0.4647239263803681 0.19912280701754387 0.00245398773006135 0.03333333333333333
0 0.4946319018404908 0.3333333333333333 0.003374233128834356 0.056140350877192984
0 0.524079754601227 0.24298245614035088 0.003374233128834356 0.043859649122807015
0 0.4733128834355828 0.45526315789473687 0.004294478527607362 0.06842105263157895
0 0.5492331288343558 0.40350877192982454 0.003987730061349694 0.06315789473684211
0 0.5297546012269939 0.3026315789473684 0.00245398773006135 0.04736842105263158
0 0.5162576687116565 0.19912280701754387 0.00245398773006135 0.043859649122807015
0 0.4869631901840491 0.393859649122807 0.003987730061349694 0.06140350877192982
0 0.7179447852760736 0.30964912280701756 0.003374233128834356 0.05087719298245614
0 0.625920245398773 0.40350877192982454 0.003987730061349694 0.06315789473684211
0 0.5205521472392638 0.7035087719298245 0.006134969325153374 0.0912280701754386
0 0.6049079754601226 0.26842105263157895 0.003067484662576687 0.04912280701754386
0 0.5354294478527607 0.1631578947368421 0.0027607361963190185 0.03508771929824561
0 0.4242331288343558 0.5991228070175438 0.005521472392638037 0.0824561403508772
0 0.5319018404907976 0.33157894736842103 0.004294478527607362 0.056140350877192984
0 0.5288343558282208 0.22105263157894736 0.0036809815950920245 0.042105263157894736
0 0.48987730061349694 0.2649122807017544 0.003067484662576687 0.04912280701754386
0 0.45950920245398774 0.1692982456140351 0.003067484662576687 0.043859649122807015
0 0.4414110429447853 0.44649122807017544 0.004294478527607362 0.07543859649122807