0 0.28343558282208586 0.34912280701754383 0.0036809815950920245 0.06666666666666667
0 0.473159509202454 0.543859649122807 0.004601226993865031 0.07719298245614035
0 0.48067484662576687 0.41403508771929826 0.0036809815950920245 0.06315789473684211
0 0.48941717791411044 0.33157894736842103 0.003374233128834356 0.056140350877192984
0 0.49033742331288344 0.2324561403508772 0.0027607361963190185 0.04035087719298246
0 0.6596625766871166 0.37543859649122807 0.003987730061349694 0.06315789473684211
0 0.5480061349693252 0.33771929824561403 0.003374233128834356 0.05087719298245614
0 0.5773006134969325 0.5517543859649123 0.0049079754601227 0.07543859649122807
0 0.6762269938650307 0.4824561403508772 0.004601226993865031 0.06666666666666667
0 0.6226993865030674 0.28421052631578947 0.003067484662576687 0.04912280701754386
0 0.5547546012269938 0.24473684210526317 0.0027607361963190185 0.04736842105263158
0 0.5251533742331288 0.4280701754385965 0.0036809815950920245 0.07719298245614035
0 0.7521472392638037 0.3482456140350877 0.0036809815950920245 0.05789473684210526
0 0.7171779141104294 0.5271929824561403 0.0049079754601227 0.07543859649122807
0 0.5921779141104294 0.7464912280701754 0.006441717791411043 0.09649122807017543
0 0.6352760736196319 0.2026315789473684 0.00245398773006135 0.043859649122807015
0 0.535122699386503 0.17280701754385966 0.0027607361963190185 0.03333333333333333
0 0.46656441717791414 0.7035087719298245 0.006134969325153374 0.0912280701754386
0 0.6417177914110429 0.4587719298245614 0.004294478527607362 0.06491228070175438
0 0.5386503067484663 0.2982456140350877 0.003067484662576687 0.05263157894736842
0 0.6687116564417178 0.3701754385964912 0.0036809815950920245 0.05964912280701754
0 0.4995398773006135 0.20701754385964913 0.0027607361963190185 0.0456140350877193
0 0.47822085889570554 0.3780701754385965 0.004294478527607362 0.06140350877192982