0 0.3075153374233129 0.30964912280701756 0.0027607361963190185 0.04736842105263158
0 0.5401840490797546 0.624561403508772 0.005521472392638037 0.08421052631578947
0 0.48680981595092027 0.40350877192982454 0.0036809815950920245 0.06315789473684211
0 0.48941717791411044 0.23596491228070177 0.0027607361963190185 0.04736842105263158
0 0.5699386503067485 0.16666666666666666 0.004294478527607362 0.03859649122807018
0 0.5217791411042945 0.22807017543859648 0.00245398773006135 0.042105263157894736
0 0.5219325153374234 0.30964912280701756 0.003987730061349694 0.05087719298245614
0 0.6642638036809816 0.4807017543859649 0.004601226993865031 0.07017543859649122
0 0.623159509202454 0.24473684210526317 0.003374233128834356 0.054385964912280704
0 0.6093558282208589 0.29385964912280704 0.003374233128834356 0.04736842105263158
0 0.5447852760736196 0.20877192982456141 0.00245398773006135 0.031578947368421054
0 0.5647239263803681 0.23771929824561402 0.003067484662576687 0.05087719298245614
0 0.7464723926380368 0.31842105263157894 0.003374233128834356 0.054385964912280704
0 0.6446319018404908 0.3368421052631579 0.003374233128834356 0.056140350877192984
0 0.6671779141104295 0.4368421052631579 0.0049079754601227 0.07368421052631578
0 0.6282208588957056 0.2517543859649123 0.0036809815950920245 0.05789473684210526
0 0.5960122699386503 0.19649122807017544 0.0036809815950920245 0.04912280701754386
0 0.6099693251533742 0.49736842105263157 0.004601226993865031 0.07192982456140351
0 0.6069018404907975 0.3219298245614035 0.003374233128834356 0.054385964912280704
0 0.5579754601226994 0.27017543859649124 0.003067484662576687 0.04912280701754386
0 0.59079754601227 0.2631578947368421 0.0036809815950920245 0.05263157894736842
0 0.5506134969325154 0.21140350877192982 0.0036809815950920245 0.04035087719298246
0 0.522239263803681 0.36140350877192984 0.003987730061349694 0.056140350877192984