0 0.2659509202453988 0.3763157894736842 0.004294478527607362 0.06491228070175438
0 0.43849693251533745 0.5824561403508772 0.003374233128834356 0.07368421052631578
0 0.4513803680981595 0.5184210526315789 0.004601226993865031 0.06491228070175438
0 0.4503067484662577 0.3894736842105263 0.0036809815950920245 0.05263157894736842
0 0.450920245398773 0.4149122807017544 0.004294478527607362 0.05789473684210526
0 0.5134969325153375 0.4543859649122807 0.0036809815950920245 0.07368421052631578
0 0.47914110429447854 0.55 0.007361963190184049 0.05087719298245614
0 0.5909509202453987 0.5807017543859649 0.005214723926380368 0.07719298245614035
0 0.6483128834355828 0.5508771929824562 0.004601226993865031 0.07719298245614035
0 0.6246932515337423 0.4166666666666667 0.003987730061349694 0.06491228070175438
0 0.5650306748466257 0.2956140350877193 0.003067484662576687 0.04736842105263158
0 0.49279141104294477 0.3780701754385965 0.0027607361963190185 0.05789473684210526
0 0.7392638036809815 0.35350877192982455 0.0036809815950920245 0.05789473684210526
0 0.6148773006134969 0.4868421052631579 0.004601226993865031 0.07192982456140351
0 0.5130368098159509 0.6447368421052632 0.005828220858895706 0.07894736842105263
0 0.5996932515337423 0.32280701754385965 0.003067484662576687 0.04912280701754386
0 0.5397239263803681 0.23333333333333334 0.0027607361963190185 0.0456140350877193
0 0.43098159509202455 0.6631578947368421 0.006134969325153374 0.0912280701754386
0 0.5271472392638037 0.44912280701754387 0.003987730061349694 0.06315789473684211
0 0.49217791411042944 0.5359649122807018 0.005828220858895706 0.04035087719298246
0 0.552760736196319 0.38333333333333336 0.0036809815950920245 0.06140350877192982
0 0.45245398773006135 0.4763157894736842 0.005521472392638037 0.06140350877192982
0 0.4794478527607362 0.4052631578947368 0.0036809815950920245 0.056140350877192984