0 0.26226993865030673 0.37456140350877193 0.0036809815950920245 0.054385964912280704
0 0.38220858895705523 0.6798245614035088 0.004294478527607362 0.06842105263157895
0 0.4167177914110429 0.5070175438596491 0.005828220858895706 0.07368421052631578
0 0.43849693251533745 0.393859649122807 0.003987730061349694 0.06140350877192982
0 0.4610429447852761 0.27982456140350875 0.003067484662576687 0.04736842105263158
0 0.5450920245398773 0.537719298245614 0.0049079754601227 0.07543859649122807
0 0.48144171779141104 0.4017543859649123 0.003374233128834356 0.05964912280701754
0 0.5211656441717791 0.6543859649122807 0.006748466257668712 0.09824561403508772
0 0.6355828220858896 0.5394736842105263 0.0049079754601227 0.07192982456140351
0 0.5503067484662577 0.34649122807017546 0.0036809815950920245 0.05789473684210526
0 0.5444785276073619 0.26842105263157895 0.003067484662576687 0.0456140350877193
0 0.48282208588957054 0.4745614035087719 0.0036809815950920245 0.06140350877192982
0 0.7429447852760737 0.3587719298245614 0.0036809815950920245 0.054385964912280704
0 0.6769938650306748 0.606140350877193 0.005521472392638037 0.0824561403508772
0 0.572239263803681 0.7350877192982456 0.006441717791411043 0.0912280701754386
0 0.6101226993865031 0.29210526315789476 0.003067484662576687 0.04736842105263158
0 0.5180981595092025 0.1850877192982456 0.00245398773006135 0.03684210526315789
0 0.3726993865030675 0.7149122807017544 0.005521472392638037 0.09298245614035087
0 0.5659509202453987 0.5175438596491229 0.0049079754601227 0.07368421052631578
0 0.48987730061349694 0.31491228070175437 0.003067484662576687 0.043859649122807015
0 0.48282208588957054 0.4166666666666667 0.004294478527607362 0.05789473684210526
0 0.4605828220858896 0.193859649122807 0.0027607361963190185 0.03684210526315789
0 0.4294478527607362 0.4842105263157895 0.004294478527607362 0.05964912280701754