0 0.2800613496932515 0.35350877192982455 0.003067484662576687 0.06140350877192982
0 0.4662576687116564 0.55 0.0049079754601227 0.07543859649122807
0 0.47914110429447854 0.4166666666666667 0.0036809815950920245 0.05789473684210526
0 0.4869631901840491 0.3350877192982456 0.003374233128834356 0.056140350877192984
0 0.4920245398773006 0.23771929824561402 0.0036809815950920245 0.04035087719298246
0 0.6506134969325154 0.40964912280701754 0.004294478527607362 0.06842105263157895
0 0.5455521472392638 0.35 0.003374233128834356 0.05789473684210526
0 0.5799079754601227 0.5692982456140351 0.005214723926380368 0.07894736842105263
0 0.686963190184049 0.49122807017543857 0.004601226993865031 0.07017543859649122
0 0.6193251533742331 0.2850877192982456 0.003067484662576687 0.05087719298245614
0 0.5510736196319018 0.24649122807017543 0.0027607361963190185 0.04736842105263158
0 0.525920245398773 0.4263157894736842 0.004601226993865031 0.05964912280701754
0 0.7519938650306749 0.35175438596491226 0.003374233128834356 0.05789473684210526
0 0.7177914110429447 0.5289473684210526 0.0049079754601227 0.07543859649122807
0 0.5940184049079754 0.7517543859649123 0.006441717791411043 0.09649122807017543
0 0.6352760736196319 0.20789473684210527 0.00245398773006135 0.043859649122807015
0 0.535122699386503 0.17280701754385966 0.0027607361963190185 0.03333333333333333
0 0.4638036809815951 0.7035087719298245 0.006134969325153374 0.0912280701754386
0 0.6371165644171779 0.4570175438596491 0.004294478527607362 0.06842105263157895
0 0.5303680981595092 0.3 0.003067484662576687 0.04912280701754386
0 0.6653374233128835 0.3912280701754386 0.0036809815950920245 0.05964912280701754
0 0.497239263803681 0.20350877192982456 0.003067484662576687 0.042105263157894736
0 0.47868098159509204 0.38333333333333336 0.003374233128834356 0.054385964912280704