0 0.3642638036809816 0.31666666666666665 0.002147239263803681 0.05789473684210526
0 0.6220858895705521 0.4710526315789474 0.004294478527607362 0.06842105263157895
0 0.5403374233128835 0.3350877192982456 0.003374233128834356 0.056140350877192984
0 0.528680981595092 0.2614035087719298 0.0027607361963190185 0.0456140350877193
0 0.6384969325153375 0.15964912280701754 0.003374233128834356 0.0456140350877193
0 0.5754601226993865 0.2043859649122807 0.00245398773006135 0.043859649122807015
0 0.6214723926380368 0.27017543859649124 0.003067484662576687 0.04912280701754386
0 0.7187116564417177 0.3824561403508772 0.0036809815950920245 0.05964912280701754
0 0.6746932515337424 0.3280701754385965 0.003374233128834356 0.056140350877192984
0 0.6665644171779141 0.2307017543859649 0.003067484662576687 0.043859649122807015
0 0.6243865030674847 0.17982456140350878 0.003374233128834356 0.043859649122807015
0 0.6460122699386504 0.23596491228070177 0.0036809815950920245 0.05087719298245614
0 0.7682515337423312 0.3236842105263158 0.003987730061349694 0.06140350877192982
0 0.7093558282208589 0.306140350877193 0.005214723926380368 0.05789473684210526
0 0.7274539877300613 0.37456140350877193 0.003987730061349694 0.054385964912280704
0 0.6690184049079755 0.23157894736842105 0.003067484662576687 0.04912280701754386
0 0.654601226993865 0.1780701754385965 0.003067484662576687 0.04035087719298246
0 0.6946319018404908 0.4105263157894737 0.003987730061349694 0.06315789473684211
0 0.6915644171779141 0.31666666666666665 0.003374233128834356 0.054385964912280704
0 0.6085889570552148 0.2149122807017544 0.003067484662576687 0.04736842105263158
0 0.6532208588957055 0.2596491228070175 0.003987730061349694 0.04912280701754386
0 0.6338957055214723 0.18596491228070175 0.003374233128834356 0.042105263157894736
0 0.5450920245398773 0.32105263157894737 0.0036809815950920245 0.05964912280701754