0 0.2901840490797546 0.356140350877193 0.00245398773006135 0.04912280701754386
0 0.4854294478527607 0.6026315789473684 0.005214723926380368 0.07894736842105263
0 0.5115030674846626 0.42894736842105263 0.003987730061349694 0.06491228070175438
0 0.48588957055214727 0.3236842105263158 0.0036809815950920245 0.054385964912280704
0 0.4943251533742331 0.23157894736842105 0.0027607361963190185 0.0456140350877193
0 0.6348159509202455 0.41578947368421054 0.003987730061349694 0.06315789473684211
0 0.5512269938650307 0.35 0.0036809815950920245 0.05789473684210526
0 0.6611963190184049 0.5780701754385965 0.005214723926380368 0.07543859649122807
0 0.7639570552147239 0.519298245614035 0.004601226993865031 0.07017543859649122
0 0.7323619631901841 0.3447368421052632 0.003374233128834356 0.05789473684210526
0 0.5716257668711656 0.23421052631578948 0.0027607361963190185 0.043859649122807015
0 0.5559815950920245 0.4052631578947368 0.003374233128834356 0.06666666666666667
0 0.7751533742331288 0.3798245614035088 0.0036809815950920245 0.06140350877192982
0 0.7875766871165644 0.5657894736842105 0.005214723926380368 0.07894736842105263
0 0.7246932515337423 0.7517543859649123 0.006441717791411043 0.09649122807017543
0 0.6550613496932516 0.18596491228070175 0.0027607361963190185 0.03508771929824561
0 0.5440184049079755 0.17192982456140352 0.0027607361963190185 0.042105263157894736
0 0.4897239263803681 0.6649122807017543 0.005828220858895706 0.08771929824561403
0 0.6 0.4570175438596491 0.004294478527607362 0.05789473684210526
0 0.531441717791411 0.4368421052631579 0.003987730061349694 0.05964912280701754
0 0.6455521472392638 0.31842105263157894 0.003374233128834356 0.054385964912280704
0 0.5052147239263803 0.21578947368421053 0.0036809815950920245 0.042105263157894736
0 0.4848159509202454 0.3587719298245614 0.003374233128834356 0.054385964912280704