0 0.32331288343558284 0.3219298245614035 0.00245398773006135 0.054385964912280704
0 0.5562883435582822 0.5903508771929824 0.005214723926380368 0.07894736842105263
0 0.5095092024539877 0.3684210526315789 0.0036809815950920245 0.05964912280701754
0 0.5053680981595092 0.24736842105263157 0.0027607361963190185 0.0456140350877193
0 0.6412576687116565 0.18859649122807018 0.0027607361963190185 0.04035087719298246
0 0.5418711656441718 0.22280701754385965 0.0027607361963190185 0.042105263157894736
0 0.5616564417177914 0.306140350877193 0.003067484662576687 0.04035087719298246
0 0.7102760736196319 0.43508771929824563 0.003987730061349694 0.06315789473684211
0 0.6280674846625767 0.2394736842105263 0.0027607361963190185 0.03333333333333333
0 0.6661042944785276 0.3157894736842105 0.003374233128834356 0.05263157894736842
0 0.6015337423312883 0.193859649122807 0.003067484662576687 0.04035087719298246
0 0.5976993865030675 0.2324561403508772 0.003987730061349694 0.05087719298245614
0 0.772239263803681 0.32894736842105265 0.004601226993865031 0.054385964912280704
0 0.688036809815951 0.3157894736842105 0.0036809815950920245 0.05263157894736842
0 0.7075153374233129 0.3929824561403509 0.004601226993865031 0.05964912280701754
0 0.6538343558282208 0.23421052631578948 0.003374233128834356 0.05087719298245614
0 0.6391104294478528 0.21140350877192982 0.003374233128834356 0.03684210526315789
0 0.6504601226993865 0.5087719298245614 0.004601226993865031 0.07368421052631578
0 0.6498466257668711 0.30964912280701756 0.003374233128834356 0.054385964912280704
0 0.573159509202454 0.2596491228070175 0.0027607361963190185 0.04912280701754386
0 0.626840490797546 0.25877192982456143 0.003374233128834356 0.04736842105263158
0 0.6085889570552148 0.20614035087719298 0.003067484662576687 0.05087719298245614
0 0.5368098159509203 0.35175438596491226 0.004294478527607362 0.05789473684210526