0 0.26380368098159507 0.306140350877193 0.0036809815950920245 0.05789473684210526
0 0.46702453987730064 0.7236842105263158 0.005828220858895706 0.09298245614035087
0 0.36134969325153377 0.4473684210526316 0.004294478527607362 0.06666666666666667
0 0.4004601226993865 0.25087719298245614 0.0027607361963190185 0.0456140350877193
0 0.455521472392638 0.1850877192982456 0.00245398773006135 0.03333333333333333
0 0.45521472392638035 0.31491228070175437 0.0036809815950920245 0.06140350877192982
0 0.4825153374233129 0.24035087719298245 0.003067484662576687 0.04912280701754386
0 0.5892638036809816 0.4745614035087719 0.004294478527607362 0.06842105263157895
0 0.5644171779141104 0.3815789473684211 0.0036809815950920245 0.05087719298245614
0 0.5638036809815951 0.2929824561403509 0.003067484662576687 0.05263157894736842
0 0.5239263803680981 0.16842105263157894 0.00245398773006135 0.028070175438596492
0 0.5139570552147239 0.25263157894736843 0.003374233128834356 0.05263157894736842
0 0.7302147239263803 0.3254385964912281 0.003374233128834356 0.054385964912280704
0 0.5766871165644172 0.35350877192982455 0.0036809815950920245 0.05789473684210526
0 0.593558282208589 0.45526315789473687 0.004294478527607362 0.06140350877192982
0 0.5730061349693252 0.2850877192982456 0.003067484662576687 0.05087719298245614
0 0.557361963190184 0.22017543859649122 0.00245398773006135 0.043859649122807015
0 0.5070552147239263 0.47192982456140353 0.004294478527607362 0.06666666666666667
0 0.5363496932515337 0.33157894736842103 0.003374233128834356 0.056140350877192984
0 0.4776073619631902 0.2614035087719298 0.003067484662576687 0.03859649122807018
0 0.5197852760736197 0.2631578947368421 0.003374233128834356 0.04912280701754386
0 0.4785276073619632 0.2026315789473684 0.00245398773006135 0.043859649122807015
0 0.43742331288343556 0.3254385964912281 0.0036809815950920245 0.054385964912280704