0 0.2906441717791411 0.3263157894736842 0.003374233128834356 0.06315789473684211
0 0.4799079754601227 0.4745614035087719 0.004601226993865031 0.06491228070175438
0 0.48328220858895704 0.3508771929824561 0.003374233128834356 0.06315789473684211
0 0.4831288343558282 0.26666666666666666 0.00245398773006135 0.04912280701754386
0 0.49938650306748467 0.1912280701754386 0.00245398773006135 0.03859649122807018
0 0.6234662576687117 0.2710526315789474 0.003374233128834356 0.05087719298245614
0 0.5354294478527607 0.2535087719298246 0.0027607361963190185 0.04736842105263158
0 0.5644171779141104 0.4675438596491228 0.004294478527607362 0.06842105263157895
0 0.6547546012269939 0.41228070175438597 0.003987730061349694 0.06315789473684211
0 0.6168711656441718 0.20614035087719298 0.00245398773006135 0.043859649122807015
0 0.5588957055214724 0.18947368421052632 0.00245398773006135 0.042105263157894736
0 0.5486196319018405 0.3333333333333333 0.003374233128834356 0.056140350877192984
0 0.741717791411043 0.28421052631578947 0.003067484662576687 0.0456140350877193
0 0.6996932515337423 0.4368421052631579 0.004294478527607362 0.06666666666666667
0 0.6130368098159509 0.6631578947368421 0.005828220858895706 0.08771929824561403
0 0.622239263803681 0.17894736842105263 0.002147239263803681 0.021052631578947368
0 0.5308282208588957 0.16228070175438597 0.002147239263803681 0.03684210526315789
0 0.48865030674846627 0.6043859649122807 0.005521472392638037 0.0824561403508772
0 0.6113496932515338 0.35350877192982455 0.0036809815950920245 0.05789473684210526
0 0.5115030674846626 0.2324561403508772 0.0027607361963190185 0.04035087719298246
0 0.6208588957055214 0.2789473684210526 0.003067484662576687 0.05964912280701754
0 0.5147239263803681 0.19473684210526315 0.003067484662576687 0.0456140350877193
0 0.48067484662576687 0.31666666666666665 0.004294478527607362 0.06842105263157895