0 0.2737730061349693 0.3701754385964912 0.003987730061349694 0.056140350877192984
0 0.5156441717791411 0.7052631578947368 0.004294478527607362 0.0912280701754386
0 0.4605828220858896 0.5403508771929825 0.0027607361963190185 0.05964912280701754
0 0.4766871165644172 0.37719298245614036 0.0036809815950920245 0.05964912280701754
0 0.49033742331288344 0.2543859649122807 0.0027607361963190185 0.0456140350877193
0 0.6377300613496932 0.6201754385964913 0.005521472392638037 0.06491228070175438
0 0.5381901840490797 0.40350877192982454 0.003987730061349694 0.05263157894736842
0 0.6262269938650307 0.7166666666666667 0.006441717791411043 0.0824561403508772
0 0.7225460122699386 0.5728070175438597 0.005214723926380368 0.07894736842105263
0 0.6253067484662577 0.4105263157894737 0.003987730061349694 0.06315789473684211
0 0.5697852760736196 0.26228070175438595 0.0027607361963190185 0.04736842105263158
0 0.5355828220858896 0.46842105263157896 0.0049079754601227 0.07368421052631578
0 0.7601226993865031 0.3736842105263158 0.0036809815950920245 0.05964912280701754
0 0.7797546012269939 0.6280701754385964 0.005521472392638037 0.08421052631578947
0 0.6139570552147239 0.7456140350877193 0.005214723926380368 0.09824561403508772
0 0.6710122699386503 0.26666666666666666 0.0027607361963190185 0.0456140350877193
0 0.5702453987730062 0.18947368421052632 0.00245398773006135 0.042105263157894736
0 0.5243865030674847 0.706140350877193 0.006441717791411043 0.09649122807017543
0 0.6585889570552147 0.6157894736842106 0.005521472392638037 0.07368421052631578
0 0.5217791411042945 0.3587719298245614 0.0036809815950920245 0.054385964912280704
0 0.6173312883435583 0.42719298245614035 0.003987730061349694 0.06491228070175438
0 0.48911042944785277 0.19824561403508772 0.0027607361963190185 0.042105263157894736
0 0.4673312883435583 0.543859649122807 0.003374233128834356 0.056140350877192984