0 0.35322085889570554 0.32280701754385965 0.0027607361963190185 0.06315789473684211
0 0.5705521472392638 0.45964912280701753 0.004294478527607362 0.05964912280701754
0 0.48987730061349694 0.28596491228070176 0.003067484662576687 0.04912280701754386
0 0.5233128834355828 0.2307017543859649 0.0036809815950920245 0.03684210526315789
0 0.6633435582822086 0.20701754385964913 0.0027607361963190185 0.03859649122807018
0 0.6909509202453987 0.24649122807017543 0.0027607361963190185 0.05087719298245614
0 0.5608895705521473 0.23859649122807017 0.0027607361963190185 0.042105263157894736
0 0.6788343558282208 0.35964912280701755 0.0036809815950920245 0.05263157894736842
0 0.661963190184049 0.25263157894736843 0.003067484662576687 0.0456140350877193
0 0.6147239263803681 0.27017543859649124 0.003067484662576687 0.04912280701754386
0 0.6061349693251534 0.19824561403508772 0.00245398773006135 0.042105263157894736
0 0.6200920245398773 0.2649122807017544 0.003374233128834356 0.04912280701754386
0 0.7593558282208589 0.31140350877192985 0.003374233128834356 0.054385964912280704
0 0.7145705521472393 0.23421052631578948 0.003374233128834356 0.043859649122807015
0 0.7036809815950921 0.36578947368421055 0.0036809815950920245 0.04736842105263158
0 0.6900306748466257 0.2535087719298246 0.003374233128834356 0.054385964912280704
0 0.6631901840490797 0.23157894736842105 0.003067484662576687 0.0456140350877193
0 0.6084355828220859 0.47719298245614034 0.004601226993865031 0.07017543859649122
0 0.6291411042944786 0.3026315789473684 0.003067484662576687 0.05087719298245614
0 0.5802147239263804 0.26228070175438595 0.0027607361963190185 0.04736842105263158
0 0.6292944785276073 0.22807017543859648 0.004601226993865031 0.056140350877192984
0 0.5401840490797546 0.1763157894736842 0.00245398773006135 0.04035087719298246
0 0.5228527607361964 0.24210526315789474 0.003987730061349694 0.0456140350877193