0 0.2598159509202454 0.3350877192982456 0.0049079754601227 0.05964912280701754
0 0.44923312883435584 0.7736842105263158 0.006441717791411043 0.08771929824561403
0 0.39309815950920246 0.5157894736842106 0.004601226993865031 0.07368421052631578
0 0.4165644171779141 0.3 0.003067484662576687 0.05263157894736842
0 0.472239263803681 0.1824561403508772 0.002147239263803681 0.028070175438596492
0 0.4457055214723926 0.3736842105263158 0.00245398773006135 0.042105263157894736
0 0.49095092024539877 0.26052631578947366 0.0027607361963190185 0.04035087719298246
0 0.5946319018404908 0.5692982456140351 0.005214723926380368 0.07543859649122807
0 0.5903374233128834 0.4517543859649123 0.003374233128834356 0.054385964912280704
0 0.5691717791411043 0.3263157894736842 0.003374233128834356 0.056140350877192984
0 0.5484662576687117 0.1956140350877193 0.00245398773006135 0.04035087719298246
0 0.5161042944785276 0.28771929824561404 0.003374233128834356 0.05263157894736842
0 0.7299079754601226 0.35175438596491226 0.003374233128834356 0.05789473684210526
0 0.5934049079754601 0.42543859649122806 0.003987730061349694 0.06491228070175438
0 0.6041411042944785 0.5342105263157895 0.003987730061349694 0.06491228070175438
0 0.5857361963190184 0.3368421052631579 0.003374233128834356 0.056140350877192984
0 0.5691717791411043 0.25087719298245614 0.0027607361963190185 0.0456140350877193
0 0.5039877300613497 0.5745614035087719 0.0049079754601227 0.07894736842105263
0 0.537883435582822 0.4105263157894737 0.003987730061349694 0.06315789473684211
0 0.47684049079754603 0.3280701754385965 0.003374233128834356 0.04912280701754386
0 0.530521472392638 0.3263157894736842 0.003374233128834356 0.056140350877192984
0 0.503680981595092 0.22894736842105262 0.003067484662576687 0.04736842105263158
0 0.44033742331288345 0.4087719298245614 0.003987730061349694 0.06315789473684211