0 0.28144171779141103 0.3526315789473684 0.003374233128834356 0.06666666666666667
0 0.46932515337423314 0.5491228070175439 0.0049079754601227 0.07368421052631578
0 0.47960122699386504 0.41578947368421054 0.003374233128834356 0.05964912280701754
0 0.4869631901840491 0.3254385964912281 0.003374233128834356 0.05087719298245614
0 0.49095092024539877 0.23596491228070177 0.0027607361963190185 0.04736842105263158
0 0.6553680981595092 0.3991228070175439 0.003987730061349694 0.06491228070175438
0 0.5464723926380368 0.34649122807017546 0.003374233128834356 0.05087719298245614
0 0.5786809815950921 0.5622807017543859 0.005214723926380368 0.07543859649122807
0 0.680521472392638 0.4885964912280702 0.004601226993865031 0.07192982456140351
0 0.6205521472392638 0.2850877192982456 0.003067484662576687 0.05087719298245614
0 0.5526073619631902 0.24473684210526317 0.0027607361963190185 0.043859649122807015
0 0.5242331288343558 0.42894736842105263 0.0036809815950920245 0.07543859649122807
0 0.7533742331288343 0.35175438596491226 0.0036809815950920245 0.05789473684210526
0 0.7165644171779141 0.5342105263157895 0.0049079754601227 0.07543859649122807
0 0.5918711656441717 0.75 0.006441717791411043 0.09649122807017543
0 0.6352760736196319 0.20877192982456141 0.00245398773006135 0.042105263157894736
0 0.535122699386503 0.1736842105263158 0.0027607361963190185 0.031578947368421054
0 0.4638036809815951 0.7035087719298245 0.006134969325153374 0.0912280701754386
0 0.6383435582822086 0.46403508771929824 0.004294478527607362 0.06491228070175438
0 0.5343558282208589 0.3 0.003067484662576687 0.05263157894736842
0 0.6677914110429448 0.3815789473684211 0.0036809815950920245 0.06140350877192982
0 0.49785276073619633 0.20526315789473684 0.003067484662576687 0.042105263157894736
0 0.4789877300613497 0.3815789473684211 0.003374233128834356 0.054385964912280704