0 0.2233128834355828 0.38596491228070173 0.0049079754601227 0.07368421052631578
0 0.27837423312883436 0.5245614035087719 0.004601226993865031 0.0456140350877193
0 0.35736196319018404 0.49912280701754386 0.0049079754601227 0.06842105263157895
0 0.3023006134969325 0.44473684210526315 0.003987730061349694 0.06491228070175438
0 0.35107361963190187 0.3350877192982456 0.003374233128834356 0.05263157894736842
0 0.4105828220858896 0.40350877192982454 0.003987730061349694 0.06315789473684211
0 0.426840490797546 0.5614035087719298 0.004601226993865031 0.07719298245614035
0 0.4226993865030675 0.625438596491228 0.005521472392638037 0.07894736842105263
0 0.5208588957055215 0.5280701754385965 0.0049079754601227 0.06666666666666667
0 0.49125766871165644 0.39035087719298245 0.003987730061349694 0.06140350877192982
0 0.44493865030674845 0.24210526315789474 0.0027607361963190185 0.03508771929824561
0 0.39708588957055213 0.4517543859649123 0.003374233128834356 0.06140350877192982
0 0.6904907975460123 0.34649122807017546 0.0036809815950920245 0.05789473684210526
0 0.5636503067484663 0.5842105263157895 0.005214723926380368 0.08070175438596491
0 0.4401840490797546 0.7271929824561404 0.0049079754601227 0.10350877192982456
0 0.5611963190184049 0.34210526315789475 0.003374233128834356 0.056140350877192984
0 0.49923312883435583 0.2394736842105263 0.0027607361963190185 0.04736842105263158
0 0.3558282208588957 0.6947368421052632 0.006134969325153374 0.07017543859649122
0 0.46794478527607364 0.5587719298245614 0.005214723926380368 0.07894736842105263
0 0.36119631901840493 0.5456140350877193 0.004601226993865031 0.07368421052631578
0 0.43696319018404906 0.4166666666666667 0.003987730061349694 0.06491228070175438
0 0.3857361963190184 0.27456140350877195 0.003987730061349694 0.04736842105263158
0 0.26671779141104296 0.5210526315789473 0.005828220858895706 0.07719298245614035