0 0.25245398773006134 0.36666666666666664 0.003067484662576687 0.05263157894736842
0 0.4167177914110429 0.606140350877193 0.003987730061349694 0.07894736842105263
0 0.4111963190184049 0.5508771929824562 0.005214723926380368 0.07719298245614035
0 0.4219325153374233 0.3956140350877193 0.003987730061349694 0.06140350877192982
0 0.4288343558282209 0.2894736842105263 0.003067484662576687 0.05263157894736842
0 0.5004601226993866 0.5271929824561403 0.004601226993865031 0.07543859649122807
0 0.47300613496932514 0.4666666666666667 0.004294478527607362 0.06315789473684211
0 0.5282208588957055 0.631578947368421 0.005521472392638037 0.08421052631578947
0 0.6102760736196319 0.5912280701754385 0.005214723926380368 0.08070175438596491
0 0.5446319018404908 0.48157894736842105 0.004601226993865031 0.05789473684210526
0 0.48374233128834354 0.2675438596491228 0.003067484662576687 0.04736842105263158
0 0.45475460122699385 0.4745614035087719 0.003987730061349694 0.06842105263157895
0 0.7214723926380369 0.3631578947368421 0.0036809815950920245 0.05964912280701754
0 0.619478527607362 0.5105263157894737 0.004601226993865031 0.07368421052631578
0 0.35230061349693254 0.6912280701754386 0.005828220858895706 0.0912280701754386
0 0.617638036809816 0.3280701754385965 0.003374233128834356 0.056140350877192984
0 0.537883435582822 0.22280701754385965 0.0027607361963190185 0.0456140350877193
0 0.42024539877300615 0.5473684210526316 0.0049079754601227 0.07719298245614035
0 0.5458588957055215 0.5008771929824561 0.004601226993865031 0.07192982456140351
0 0.4728527607361963 0.3412280701754386 0.003374233128834356 0.054385964912280704
0 0.5237730061349694 0.41842105263157897 0.003987730061349694 0.06491228070175438
0 0.4475460122699387 0.18771929824561404 0.00245398773006135 0.028070175438596492
0 0.46840490797546014 0.7035087719298245 0.006748466257668712 0.08771929824561403