0 0.2955521472392638 0.34912280701754383 0.003374233128834356 0.04912280701754386
0 0.4803680981595092 0.5491228070175439 0.0049079754601227 0.056140350877192984
0 0.48849693251533743 0.3850877192982456 0.003374233128834356 0.05789473684210526
0 0.48757668711656443 0.29912280701754385 0.003987730061349694 0.05087719298245614
0 0.4967791411042945 0.22456140350877193 0.0027607361963190185 0.0456140350877193
0 0.6196319018404908 0.36666666666666664 0.0036809815950920245 0.05964912280701754
0 0.5475460122699386 0.2912280701754386 0.003067484662576687 0.042105263157894736
0 0.6208588957055214 0.543859649122807 0.0049079754601227 0.06666666666666667
0 0.7197852760736196 0.4921052631578947 0.004601226993865031 0.06491228070175438
0 0.6883435582822086 0.27982456140350875 0.003067484662576687 0.04736842105263158
0 0.5680981595092025 0.22631578947368422 0.00245398773006135 0.0456140350877193
0 0.5530674846625767 0.3719298245614035 0.0036809815950920245 0.05964912280701754
0 0.7581288343558282 0.34035087719298246 0.003374233128834356 0.056140350877192984
0 0.7754601226993865 0.5412280701754386 0.0049079754601227 0.07543859649122807
0 0.6937116564417178 0.7614035087719299 0.006441717791411043 0.09824561403508772
0 0.6550613496932516 0.1763157894736842 0.0027607361963190185 0.03684210526315789
0 0.5409509202453988 0.16578947368421051 0.0027607361963190185 0.043859649122807015
0 0.4815950920245399 0.5973684210526315 0.005521472392638037 0.0824561403508772
0 0.6067484662576688 0.3850877192982456 0.0036809815950920245 0.04736842105263158
0 0.5154907975460122 0.35175438596491226 0.003374233128834356 0.054385964912280704
0 0.6260736196319019 0.27807017543859647 0.003067484662576687 0.05087719298245614
0 0.50920245398773 0.20964912280701756 0.0036809815950920245 0.043859649122807015
0 0.48190184049079754 0.33245614035087717 0.004294478527607362 0.05087719298245614