0 0.2556748466257669 0.35964912280701755 0.003987730061349694 0.06666666666666667
0 0.3486196319018405 0.6763157894736842 0.005828220858895706 0.08947368421052632
0 0.36901840490797544 0.5324561403508772 0.0049079754601227 0.07543859649122807
0 0.39708588957055213 0.4149122807017544 0.003987730061349694 0.05789473684210526
0 0.40751533742331286 0.32105263157894737 0.003374233128834356 0.05263157894736842
0 0.40843558282208586 0.5526315789473685 0.004601226993865031 0.08771929824561403
0 0.4625766871165644 0.5 0.004294478527607362 0.06666666666666667
0 0.42576687116564416 0.6859649122807018 0.0049079754601227 0.08771929824561403
0 0.4461656441717791 0.6956140350877194 0.005828220858895706 0.08947368421052632
0 0.5010736196319019 0.42543859649122806 0.003987730061349694 0.05789473684210526
0 0.5016871165644172 0.3298245614035088 0.003374233128834356 0.056140350877192984
0 0.4610429447852761 0.47017543859649125 0.0036809815950920245 0.06315789473684211
0 0.7150306748466257 0.37719298245614036 0.0036809815950920245 0.05964912280701754
0 0.5627300613496933 0.5947368421052631 0.005214723926380368 0.07017543859649122
0 0.48052147239263804 0.7289473684210527 0.006441717791411043 0.09298245614035087
0 0.588957055214724 0.43508771929824563 0.004294478527607362 0.06666666666666667
0 0.531441717791411 0.3140350877192982 0.003374233128834356 0.05263157894736842
0 0.3993865030674847 0.7114035087719298 0.006134969325153374 0.09298245614035087
0 0.43757668711656444 0.5745614035087719 0.005214723926380368 0.08947368421052632
0 0.4452453987730061 0.40350877192982454 0.003987730061349694 0.05964912280701754
0 0.4929447852760736 0.537719298245614 0.0049079754601227 0.07543859649122807
0 0.43650306748466255 0.30350877192982456 0.003067484662576687 0.05263157894736842
0 0.3584355828220859 0.5587719298245614 0.005828220858895706 0.08596491228070176