0 0.31441717791411045 0.3017543859649123 0.00245398773006135 0.05263157894736842
0 0.4950920245398773 0.40789473684210525 0.004294478527607362 0.05087719298245614
0 0.46595092024539875 0.27807017543859647 0.003067484662576687 0.05087719298245614
0 0.46549079754601225 0.1692982456140351 0.003374233128834356 0.03684210526315789
0 0.5292944785276074 0.1570175438596491 0.003374233128834356 0.04035087719298246
0 0.5478527607361963 0.27631578947368424 0.003067484662576687 0.05087719298245614
0 0.5095092024539877 0.17192982456140352 0.003067484662576687 0.03859649122807018
0 0.6030674846625766 0.36578947368421055 0.0036809815950920245 0.05789473684210526
0 0.5802147239263804 0.25263157894736843 0.0027607361963190185 0.04912280701754386
0 0.5257668711656441 0.26666666666666666 0.003067484662576687 0.04912280701754386
0 0.5595092024539877 0.16052631578947368 0.003067484662576687 0.03684210526315789
0 0.5397239263803681 0.2412280701754386 0.003374233128834356 0.054385964912280704
0 0.7285276073619632 0.3078947368421053 0.003067484662576687 0.054385964912280704
0 0.6021472392638036 0.26666666666666666 0.003067484662576687 0.04912280701754386
0 0.6225460122699387 0.3350877192982456 0.003374233128834356 0.056140350877192984
0 0.6030674846625766 0.22280701754385965 0.003067484662576687 0.04912280701754386
0 0.5763803680981595 0.1763157894736842 0.003067484662576687 0.03684210526315789
0 0.5404907975460123 0.3701754385964912 0.0036809815950920245 0.05964912280701754
0 0.5653374233128834 0.27017543859649124 0.003067484662576687 0.04912280701754386
0 0.5223926380368098 0.20175438596491227 0.00245398773006135 0.042105263157894736
0 0.5757668711656442 0.21403508771929824 0.0036809815950920245 0.0456140350877193
0 0.5440184049079755 0.1692982456140351 0.0027607361963190185 0.03684210526315789
0 0.4812883435582822 0.21052631578947367 0.003067484662576687 0.05263157894736842