0 0.35076687116564415 0.30701754385964913 0.003374233128834356 0.06315789473684211
0 0.5228527607361964 0.42894736842105263 0.003987730061349694 0.06140350877192982
0 0.48236196319018404 0.2596491228070175 0.0027607361963190185 0.0456140350877193
0 0.5309815950920246 0.20964912280701756 0.003067484662576687 0.04035087719298246
0 0.6303680981595092 0.2 0.00245398773006135 0.03508771929824561
0 0.6535276073619631 0.23771929824561402 0.003374233128834356 0.04736842105263158
0 0.5526073619631902 0.22631578947368422 0.0027607361963190185 0.03859649122807018
0 0.6429447852760736 0.37105263157894736 0.0036809815950920245 0.05087719298245614
0 0.6375766871165645 0.25701754385964914 0.0027607361963190185 0.043859649122807015
0 0.588036809815951 0.27280701754385966 0.003067484662576687 0.05087719298245614
0 0.5842024539877301 0.20350877192982456 0.002147239263803681 0.031578947368421054
0 0.5812883435582822 0.27807017543859647 0.0036809815950920245 0.054385964912280704
0 0.7544478527607362 0.3219298245614035 0.003374233128834356 0.054385964912280704
0 0.6984662576687116 0.2535087719298246 0.0036809815950920245 0.04736842105263158
0 0.6659509202453988 0.37105263157894736 0.0036809815950920245 0.05087719298245614
0 0.6575153374233129 0.24649122807017543 0.003987730061349694 0.04736842105263158
0 0.6447852760736197 0.22543859649122808 0.003067484662576687 0.043859649122807015
0 0.5576687116564417 0.4543859649122807 0.004294478527607362 0.06666666666666667
0 0.6012269938650306 0.2929824561403509 0.003067484662576687 0.05263157894736842
0 0.5636503067484663 0.2578947368421053 0.0027607361963190185 0.0456140350877193
0 0.5861963190184049 0.21578947368421053 0.0036809815950920245 0.04912280701754386
0 0.5062883435582822 0.17192982456140352 0.0027607361963190185 0.042105263157894736
0 0.5271472392638037 0.24035087719298245 0.005214723926380368 0.04912280701754386