0 0.25260736196319017 0.3482456140350877 0.004601226993865031 0.06842105263157895
0 0.38880368098159507 0.6649122807017543 0.005828220858895706 0.08771929824561403
0 0.3894171779141104 0.5368421052631579 0.003987730061349694 0.07719298245614035
0 0.4124233128834356 0.3631578947368421 0.003374233128834356 0.06315789473684211
0 0.4205521472392638 0.27280701754385966 0.003067484662576687 0.05087719298245614
0 0.44033742331288345 0.49912280701754386 0.004601226993865031 0.06842105263157895
0 0.4610429447852761 0.3684210526315789 0.0036809815950920245 0.042105263157894736
0 0.49739263803680983 0.6429824561403509 0.005828220858895706 0.08596491228070176
0 0.5659509202453987 0.4456140350877193 0.004294478527607362 0.06666666666666667
0 0.5171779141104295 0.4368421052631579 0.004294478527607362 0.06666666666666667
0 0.48665644171779143 0.23684210526315788 0.0027607361963190185 0.042105263157894736
0 0.450920245398773 0.4903508771929825 0.004294478527607362 0.07543859649122807
0 0.7177914110429447 0.33771929824561403 0.003067484662576687 0.05087719298245614
0 0.5923312883435583 0.525438596491228 0.0049079754601227 0.07543859649122807
0 0.5403374233128835 0.6815789473684211 0.005828220858895706 0.08596491228070176
0 0.5743865030674846 0.31491228070175437 0.003374233128834356 0.054385964912280704
0 0.5372699386503067 0.25 0.0027607361963190185 0.04736842105263158
0 0.37285276073619633 0.7280701754385965 0.006441717791411043 0.09473684210526316
0 0.49171779141104294 0.4605263157894737 0.004294478527607362 0.06842105263157895
0 0.4687116564417178 0.3263157894736842 0.0036809815950920245 0.0456140350877193
0 0.551840490797546 0.4517543859649123 0.003067484662576687 0.06842105263157895
0 0.44447852760736195 0.1850877192982456 0.0036809815950920245 0.04736842105263158
0 0.37852760736196317 0.6096491228070176 0.0049079754601227 0.08947368421052632