0 0.25904907975460123 0.33596491228070174 0.003374233128834356 0.05789473684210526
0 0.4050613496932515 0.47543859649122805 0.004601226993865031 0.06666666666666667
0 0.426840490797546 0.3456140350877193 0.003374233128834356 0.05964912280701754
0 0.42530674846625766 0.27456140350877195 0.003374233128834356 0.054385964912280704
0 0.4424846625766871 0.1763157894736842 0.002147239263803681 0.02982456140350877
0 0.4573619631901841 0.3543859649122807 0.0036809815950920245 0.04912280701754386
0 0.47530674846625764 0.24385964912280703 0.0027607361963190185 0.03859649122807018
0 0.47791411042944787 0.46403508771929824 0.0036809815950920245 0.06140350877192982
0 0.5090490797546012 0.3192982456140351 0.003374233128834356 0.04912280701754386
0 0.5234662576687117 0.24035087719298245 0.0027607361963190185 0.0456140350877193
0 0.48773006134969327 0.19473684210526315 0.00245398773006135 0.03859649122807018
0 0.47438650306748464 0.3815789473684211 0.003987730061349694 0.06491228070175438
0 0.6957055214723926 0.30350877192982456 0.003067484662576687 0.05263157894736842
0 0.6026073619631902 0.4166666666666667 0.003987730061349694 0.06491228070175438
0 0.49800613496932516 0.6894736842105263 0.005828220858895706 0.08771929824561403
0 0.5529141104294478 0.2324561403508772 0.0027607361963190185 0.04035087719298246
0 0.5078220858895706 0.1587719298245614 0.0027607361963190185 0.03684210526315789
0 0.3932515337423313 0.6096491228070176 0.005521472392638037 0.0824561403508772
0 0.472239263803681 0.393859649122807 0.003987730061349694 0.05789473684210526
0 0.4995398773006135 0.22543859649122808 0.0027607361963190185 0.043859649122807015
0 0.5226993865030675 0.2956140350877193 0.003067484662576687 0.043859649122807015
0 0.46978527607361964 0.1587719298245614 0.003374233128834356 0.043859649122807015
0 0.4352760736196319 0.2789473684210526 0.003067484662576687 0.0456140350877193