0 0.31395705521472395 0.33157894736842103 0.003374233128834356 0.056140350877192984
0 0.6464723926380368 0.6078947368421053 0.005214723926380368 0.08596491228070176
0 0.48374233128834354 0.36666666666666664 0.0036809815950920245 0.05964912280701754
0 0.4848159509202454 0.29912280701754385 0.0027607361963190185 0.04736842105263158
0 0.5354294478527607 0.1912280701754386 0.0027607361963190185 0.042105263157894736
0 0.5579754601226994 0.3570175438596491 0.0036809815950920245 0.05789473684210526
0 0.5883435582822086 0.26666666666666666 0.003067484662576687 0.042105263157894736
0 0.4924846625766871 0.4842105263157895 0.004601226993865031 0.07017543859649122
0 0.6734662576687117 0.3684210526315789 0.003374233128834356 0.056140350877192984
0 0.6570552147239264 0.3649122807017544 0.0036809815950920245 0.05964912280701754
0 0.6455521472392638 0.2412280701754386 0.0027607361963190185 0.043859649122807015
0 0.5914110429447853 0.42543859649122806 0.004294478527607362 0.06842105263157895
0 0.722239263803681 0.31140350877192985 0.003987730061349694 0.054385964912280704
0 0.7265337423312883 0.4166666666666667 0.003987730061349694 0.06491228070175438
0 0.6679447852760736 0.5956140350877193 0.005214723926380368 0.07894736842105263
0 0.6743865030674847 0.2517543859649123 0.0027607361963190185 0.04736842105263158
0 0.6694785276073619 0.27017543859649124 0.003374233128834356 0.0456140350877193
0 0.6406441717791411 0.65 0.005828220858895706 0.09298245614035087
0 0.6187116564417178 0.3815789473684211 0.0036809815950920245 0.06140350877192982
0 0.5634969325153374 0.3 0.003067484662576687 0.04912280701754386
0 0.6019938650306749 0.256140350877193 0.003374233128834356 0.0456140350877193
0 0.557361963190184 0.16666666666666666 0.00245398773006135 0.0456140350877193
0 0.47745398773006137 0.3263157894736842 0.003374233128834356 0.05964912280701754