0 0.29095092024539876 0.33157894736842103 0.003374233128834356 0.05964912280701754
0 0.4808282208588957 0.5 0.004601226993865031 0.07017543859649122
0 0.4835889570552147 0.38596491228070173 0.0027607361963190185 0.07368421052631578
0 0.4906441717791411 0.30526315789473685 0.003374233128834356 0.05263157894736842
0 0.49846625766871167 0.20789473684210527 0.00245398773006135 0.043859649122807015
0 0.6492331288343558 0.3043859649122807 0.003374233128834356 0.054385964912280704
0 0.5475460122699386 0.2868421052631579 0.003067484662576687 0.04736842105263158
0 0.576840490797546 0.5096491228070176 0.004601226993865031 0.06842105263157895
0 0.6677914110429448 0.4570175438596491 0.004294478527607362 0.06842105263157895
0 0.6271472392638037 0.23771929824561402 0.0027607361963190185 0.043859649122807015
0 0.5585889570552147 0.20526315789473684 0.00245398773006135 0.03859649122807018
0 0.5417177914110429 0.3649122807017544 0.0036809815950920245 0.05964912280701754
0 0.7526073619631902 0.31842105263157894 0.003374233128834356 0.054385964912280704
0 0.7087423312883435 0.47192982456140353 0.004601226993865031 0.07017543859649122
0 0.6039877300613496 0.6991228070175438 0.006134969325153374 0.08947368421052632
0 0.6300613496932516 0.1868421052631579 0.00245398773006135 0.03684210526315789
0 0.5322085889570553 0.16666666666666666 0.00245398773006135 0.03859649122807018
0 0.48374233128834354 0.6614035087719298 0.005521472392638037 0.08771929824561403
0 0.6311349693251533 0.393859649122807 0.003987730061349694 0.05789473684210526
0 0.53420245398773 0.26228070175438595 0.0027607361963190185 0.04736842105263158
0 0.6521472392638037 0.31140350877192985 0.0036809815950920245 0.06491228070175438
0 0.5081288343558282 0.2043859649122807 0.0027607361963190185 0.04736842105263158
0 0.4808282208588957 0.35175438596491226 0.005214723926380368 0.07192982456140351