0 0.2523006134969325 0.36929824561403507 0.003374233128834356 0.054385964912280704
0 0.4098159509202454 0.5947368421052631 0.0049079754601227 0.08070175438596491
0 0.4 0.5973684210526315 0.005521472392638037 0.0824561403508772
0 0.40843558282208586 0.42543859649122806 0.003987730061349694 0.06491228070175438
0 0.4223926380368098 0.30350877192982456 0.003067484662576687 0.05263157894736842
0 0.49616564417177916 0.5657894736842105 0.005214723926380368 0.07894736842105263
0 0.4578220858895706 0.5017543859649123 0.004601226993865031 0.06315789473684211
0 0.5075153374233129 0.6649122807017543 0.005828220858895706 0.07719298245614035
0 0.6180981595092024 0.5991228070175438 0.005521472392638037 0.0824561403508772
0 0.5365030674846626 0.47543859649122805 0.004294478527607362 0.05964912280701754
0 0.4865030674846626 0.2710526315789474 0.003067484662576687 0.043859649122807015
0 0.45245398773006135 0.4745614035087719 0.0036809815950920245 0.054385964912280704
0 0.7190184049079754 0.36140350877192984 0.0036809815950920245 0.05964912280701754
0 0.6180981595092024 0.5219298245614035 0.0049079754601227 0.07192982456140351
0 0.3397239263803681 0.6763157894736842 0.005828220858895706 0.08596491228070176
0 0.616717791411043 0.3263157894736842 0.003374233128834356 0.056140350877192984
0 0.5361963190184049 0.22280701754385965 0.00245398773006135 0.03859649122807018
0 0.4245398773006135 0.537719298245614 0.0049079754601227 0.07543859649122807
0 0.5409509202453988 0.5631578947368421 0.005214723926380368 0.07368421052631578
0 0.46855828220858897 0.3482456140350877 0.003374233128834356 0.05087719298245614
0 0.5226993865030675 0.4307017543859649 0.004294478527607362 0.06491228070175438
0 0.4457055214723926 0.20175438596491227 0.004294478527607362 0.056140350877192984
0 0.47484662576687114 0.7210526315789474 0.006748466257668712 0.08771929824561403