0 0.36993865030674844 0.3201754385964912 0.003067484662576687 0.06491228070175438
0 0.6276073619631902 0.4587719298245614 0.004294478527607362 0.05789473684210526
0 0.5265337423312884 0.31491228070175437 0.003374233128834356 0.054385964912280704
0 0.5202453987730061 0.25 0.003067484662576687 0.043859649122807015
0 0.6736196319018405 0.21140350877192982 0.00245398773006135 0.02631578947368421
0 0.7104294478527607 0.26228070175438595 0.005521472392638037 0.02631578947368421
0 0.5927914110429447 0.25087719298245614 0.0027607361963190185 0.0456140350877193
0 0.724079754601227 0.35350877192982455 0.0027607361963190185 0.05789473684210526
0 0.7049079754601227 0.28596491228070176 0.004294478527607362 0.056140350877192984
0 0.6460122699386504 0.2850877192982456 0.003067484662576687 0.05087719298245614
0 0.6021472392638036 0.19473684210526315 0.00245398773006135 0.042105263157894736
0 0.6703987730061349 0.24473684210526317 0.0027607361963190185 0.04035087719298246
0 0.7420245398773007 0.27017543859649124 0.003067484662576687 0.04912280701754386
0 0.7226993865030675 0.21929824561403508 0.0049079754601227 0.05964912280701754
0 0.7495398773006134 0.356140350877193 0.004601226993865031 0.056140350877192984
0 0.7038343558282208 0.2578947368421053 0.003374233128834356 0.05263157894736842
0 0.6930981595092025 0.24035087719298245 0.0027607361963190185 0.042105263157894736
0 0.6955521472392638 0.48771929824561405 0.004601226993865031 0.06315789473684211
0 0.6642638036809816 0.30964912280701756 0.003374233128834356 0.054385964912280704
0 0.6358895705521472 0.26666666666666666 0.0036809815950920245 0.04912280701754386
0 0.6345092024539877 0.22807017543859648 0.0027607361963190185 0.0456140350877193
0 0.6 0.1736842105263158 0.003067484662576687 0.03859649122807018
0 0.5245398773006135 0.2833333333333333 0.004294478527607362 0.054385964912280704