0 0.30690184049079755 0.30964912280701756 0.0027607361963190185 0.04736842105263158
0 0.5389570552147239 0.624561403508772 0.005521472392638037 0.08421052631578947
0 0.48588957055214727 0.4017543859649123 0.0036809815950920245 0.06315789473684211
0 0.48849693251533743 0.23596491228070177 0.0027607361963190185 0.04736842105263158
0 0.5679447852760736 0.1692982456140351 0.003987730061349694 0.04035087719298246
0 0.520398773006135 0.22280701754385965 0.0027607361963190185 0.0456140350877193
0 0.5216257668711657 0.312280701754386 0.003374233128834356 0.05263157894736842
0 0.6627300613496933 0.4807017543859649 0.004601226993865031 0.07017543859649122
0 0.6246932515337423 0.25087719298245614 0.003374233128834356 0.05263157894736842
0 0.6079754601226994 0.29473684210526313 0.0036809815950920245 0.04912280701754386
0 0.5423312883435583 0.21403508771929824 0.00245398773006135 0.03508771929824561
0 0.5636503067484663 0.23859649122807017 0.003374233128834356 0.05263157894736842
0 0.7467791411042944 0.31842105263157894 0.003374233128834356 0.054385964912280704
0 0.6437116564417178 0.34210526315789475 0.003374233128834356 0.056140350877192984
0 0.6662576687116565 0.4368421052631579 0.0049079754601227 0.07368421052631578
0 0.6294478527607362 0.25701754385964914 0.0036809815950920245 0.05789473684210526
0 0.5932515337423313 0.19736842105263158 0.0036809815950920245 0.04736842105263158
0 0.6081288343558282 0.4956140350877193 0.004601226993865031 0.07192982456140351
0 0.6053680981595092 0.3263157894736842 0.003374233128834356 0.056140350877192984
0 0.5588957055214724 0.27280701754385966 0.003067484662576687 0.05087719298245614
0 0.5906441717791411 0.2614035087719298 0.003987730061349694 0.056140350877192984
0 0.5506134969325154 0.20701754385964913 0.0036809815950920245 0.042105263157894736
0 0.521319018404908 0.3631578947368421 0.003987730061349694 0.05964912280701754