0 0.3418711656441718 0.2807017543859649 0.003987730061349694 0.06315789473684211
0 0.49555214723926383 0.41228070175438597 0.003987730061349694 0.031578947368421054
0 0.45383435582822085 0.23421052631578948 0.0027607361963190185 0.04736842105263158
0 0.47607361963190187 0.2043859649122807 0.0036809815950920245 0.04736842105263158
0 0.5516871165644172 0.15964912280701754 0.002147239263803681 0.0456140350877193
0 0.5719325153374233 0.23157894736842105 0.0027607361963190185 0.0456140350877193
0 0.5285276073619631 0.20526315789473684 0.00245398773006135 0.03859649122807018
0 0.6096625766871165 0.4 0.003987730061349694 0.06315789473684211
0 0.5967791411042945 0.26052631578947366 0.0027607361963190185 0.04736842105263158
0 0.5407975460122699 0.27456140350877195 0.003067484662576687 0.05087719298245614
0 0.5544478527607362 0.18070175438596492 0.002147239263803681 0.031578947368421054
0 0.5513803680981595 0.2394736842105263 0.003374233128834356 0.054385964912280704
0 0.7147239263803681 0.3017543859649123 0.003067484662576687 0.05263157894736842
0 0.6285276073619632 0.27631578947368424 0.0036809815950920245 0.054385964912280704
0 0.6269938650306749 0.3570175438596491 0.0036809815950920245 0.05789473684210526
0 0.605521472392638 0.22982456140350876 0.0036809815950920245 0.05263157894736842
0 0.6030674846625766 0.20877192982456141 0.0036809815950920245 0.04912280701754386
0 0.5516871165644172 0.4 0.003987730061349694 0.06315789473684211
0 0.5650306748466257 0.27631578947368424 0.003067484662576687 0.04736842105263158
0 0.5308282208588957 0.25 0.0027607361963190185 0.04736842105263158
0 0.5602760736196319 0.20964912280701756 0.0027607361963190185 0.043859649122807015
0 0.5059815950920246 0.1631578947368421 0.0027607361963190185 0.03859649122807018
0 0.4817484662576687 0.2149122807017544 0.0027607361963190185 0.04736842105263158