0 0.3504601226993865 0.3447368421052632 0.003374233128834356 0.05789473684210526
0 0.9980061349693251 0.7710526315789473 0.003987730061349694 0.08596491228070176
0 0.5210122699386504 0.3956140350877193 0.003987730061349694 0.06140350877192982
0 0.5170245398773006 0.30526315789473685 0.003374233128834356 0.05263157894736842
0 0.5915644171779141 0.2219298245614035 0.003374233128834356 0.043859649122807015
0 0.5687116564417178 0.3850877192982456 0.0036809815950920245 0.06140350877192982
0 0.6691717791411043 0.3280701754385965 0.003374233128834356 0.056140350877192984
0 0.719478527607362 0.5807017543859649 0.005214723926380368 0.0456140350877193
0 0.8038343558282208 0.4149122807017544 0.003987730061349694 0.06491228070175438
0 0.75 0.35964912280701755 0.0036809815950920245 0.04912280701754386
0 0.7366564417177914 0.312280701754386 0.003987730061349694 0.0456140350877193
0 0.6742331288343558 0.2956140350877193 0.0036809815950920245 0.05087719298245614
0 0.7576687116564417 0.3526315789473684 0.0049079754601227 0.04912280701754386
0 0.7771472392638037 0.37280701754385964 0.003987730061349694 0.05789473684210526
0 0.7797546012269939 0.512280701754386 0.0036809815950920245 0.04912280701754386
0 0.7483128834355828 0.32280701754385965 0.005214723926380368 0.05964912280701754
0 0.7427914110429448 0.3131578947368421 0.003987730061349694 0.04736842105263158
0 0.9188650306748466 0.6429824561403509 0.005828220858895706 0.0824561403508772
0 0.7478527607361963 0.3868421052631579 0.0049079754601227 0.05789473684210526
0 0.6418711656441718 0.3307017543859649 0.003374233128834356 0.054385964912280704
0 0.7133435582822086 0.3219298245614035 0.003987730061349694 0.06140350877192982
0 0.6196319018404908 0.19736842105263158 0.003067484662576687 0.04736842105263158
0 0.5269938650306748 0.34385964912280703 0.0036809815950920245 0.056140350877192984