0 0.29524539877300615 0.3236842105263158 0.003374233128834356 0.054385964912280704
0 0.4642638036809816 0.5105263157894737 0.004601226993865031 0.07368421052631578
0 0.46226993865030674 0.33771929824561403 0.0036809815950920245 0.05789473684210526
0 0.4308282208588957 0.32280701754385965 0.003374233128834356 0.04912280701754386
0 0.45659509202453985 0.24385964912280703 0.0027607361963190185 0.03508771929824561
0 0.4958588957055215 0.3192982456140351 0.003374233128834356 0.04912280701754386
0 0.55920245398773 0.2894736842105263 0.003067484662576687 0.0456140350877193
0 0.5136503067484662 0.41842105263157897 0.003987730061349694 0.05087719298245614
0 0.6475460122699387 0.29385964912280704 0.004294478527607362 0.05087719298245614
0 0.5381901840490797 0.3526315789473684 0.004601226993865031 0.06666666666666667
0 0.6116564417177914 0.22807017543859648 0.003067484662576687 0.04912280701754386
0 0.533282208588957 0.4149122807017544 0.005214723926380368 0.06491228070175438
0 0.7308282208588958 0.3201754385964912 0.003374233128834356 0.054385964912280704
0 0.6559815950920246 0.3991228070175439 0.003987730061349694 0.04736842105263158
0 0.6090490797546012 0.5026315789473684 0.004601226993865031 0.06842105263157895
0 0.6145705521472392 0.2324561403508772 0.003987730061349694 0.04736842105263158
0 0.5891104294478527 0.23157894736842105 0.0027607361963190185 0.042105263157894736
0 0.5030674846625767 0.5508771929824562 0.0049079754601227 0.07719298245614035
0 0.5349693251533743 0.3719298245614035 0.003067484662576687 0.056140350877192984
0 0.47638036809815953 0.29385964912280704 0.0036809815950920245 0.05087719298245614
0 0.5884969325153374 0.3 0.004601226993865031 0.05964912280701754
0 0.4642638036809816 0.24210526315789474 0.003374233128834356 0.05263157894736842
0 0.474079754601227 0.3368421052631579 0.004601226993865031 0.07368421052631578