0 0.2894171779141104 0.36578947368421055 0.003987730061349694 0.06842105263157895
0 0.4840490797546012 0.5307017543859649 0.0049079754601227 0.07543859649122807
0 0.4834355828220859 0.4587719298245614 0.004294478527607362 0.06842105263157895
0 0.5134969325153375 0.4052631578947368 0.004294478527607362 0.06666666666666667
0 0.47530674846625764 0.33771929824561403 0.003987730061349694 0.054385964912280704
0 0.6015337423312883 0.4649122807017544 0.004294478527607362 0.07368421052631578
0 0.5452453987730062 0.40350877192982454 0.003987730061349694 0.06315789473684211
0 0.6809815950920245 0.625438596491228 0.005521472392638037 0.0824561403508772
0 0.7047546012269938 0.5657894736842105 0.005214723926380368 0.07543859649122807
0 0.6957055214723926 0.4324561403508772 0.004294478527607362 0.06491228070175438
0 0.5960122699386503 0.28157894736842104 0.003067484662576687 0.05087719298245614
0 0.5444785276073619 0.34649122807017546 0.003067484662576687 0.05789473684210526
0 0.7561349693251533 0.3587719298245614 0.0036809815950920245 0.05789473684210526
0 0.6800613496932515 0.48771929824561405 0.006134969325153374 0.08070175438596491
0 0.6677914110429448 0.612280701754386 0.0049079754601227 0.09824561403508772
0 0.6372699386503068 0.27631578947368424 0.003374233128834356 0.05087719298245614
0 0.5699386503067485 0.2131578947368421 0.0036809815950920245 0.043859649122807015
0 0.48512269938650304 0.5096491228070176 0.004601226993865031 0.06491228070175438
0 0.5924846625766871 0.45 0.003987730061349694 0.06842105263157895
0 0.549079754601227 0.44912280701754387 0.004294478527607362 0.04912280701754386
0 0.6200920245398773 0.39473684210526316 0.003374233128834356 0.06666666666666667
0 0.48144171779141104 0.3412280701754386 0.003987730061349694 0.05789473684210526
0 0.5190184049079755 0.40350877192982454 0.0049079754601227 0.06666666666666667