0 0.25782208588957056 0.36140350877192984 0.003374233128834356 0.07017543859649122
0 0.3455521472392638 0.6605263157894737 0.005828220858895706 0.0824561403508772
0 0.3423312883435583 0.4675438596491228 0.004294478527607362 0.06140350877192982
0 0.3857361963190184 0.24298245614035088 0.0027607361963190185 0.04736842105263158
0 0.48849693251533743 0.17982456140350878 0.003374233128834356 0.043859649122807015
0 0.40567484662576686 0.34035087719298246 0.003374233128834356 0.056140350877192984
0 0.4429447852760736 0.4666666666666667 0.004294478527607362 0.06666666666666667
0 0.5817484662576687 0.5666666666666667 0.005214723926380368 0.07368421052631578
0 0.5426380368098159 0.3798245614035088 0.0036809815950920245 0.06140350877192982
0 0.525920245398773 0.31842105263157894 0.003374233128834356 0.05087719298245614
0 0.4668711656441718 0.27456140350877195 0.003067484662576687 0.05087719298245614
0 0.5102760736196319 0.26842105263157895 0.003987730061349694 0.06315789473684211
0 0.7053680981595092 0.3429824561403509 0.003374233128834356 0.05789473684210526
0 0.5777607361963191 0.39649122807017545 0.003987730061349694 0.06315789473684211
0 0.587116564417178 0.5324561403508772 0.0049079754601227 0.07543859649122807
0 0.5581288343558283 0.3350877192982456 0.003374233128834356 0.056140350877192984
0 0.5384969325153375 0.2482456140350877 0.0027607361963190185 0.04736842105263158
0 0.4648773006134969 0.5894736842105263 0.005214723926380368 0.08070175438596491
0 0.5223926380368098 0.43333333333333335 0.004294478527607362 0.06666666666666667
0 0.451840490797546 0.37543859649122807 0.0036809815950920245 0.05964912280701754
0 0.49616564417177916 0.31140350877192985 0.003374233128834356 0.05087719298245614
0 0.45291411042944785 0.24473684210526317 0.003374233128834356 0.04736842105263158
0 0.3815950920245399 0.48947368421052634 0.0049079754601227 0.08070175438596491