0 0.3015337423312883 0.3675438596491228 0.0036809815950920245 0.06842105263157895
0 0.5446319018404908 0.6649122807017543 0.005828220858895706 0.08771929824561403
0 0.4920245398773006 0.5289473684210526 0.0049079754601227 0.07543859649122807
0 0.49647239263803683 0.39824561403508774 0.003987730061349694 0.06315789473684211
0 0.5004601226993866 0.256140350877193 0.0027607361963190185 0.04912280701754386
0 0.5756134969325153 0.49473684210526314 0.004601226993865031 0.05964912280701754
0 0.6044478527607362 0.41754385964912283 0.003987730061349694 0.056140350877192984
0 0.7283742331288343 0.5684210526315789 0.005214723926380368 0.06315789473684211
0 0.6585889570552147 0.4728070175438597 0.004294478527607362 0.06491228070175438
0 0.7010736196319018 0.49473684210526314 0.004601226993865031 0.06666666666666667
0 0.6147239263803681 0.2894736842105263 0.003067484662576687 0.05263157894736842
0 0.5792944785276074 0.40964912280701754 0.003374233128834356 0.05789473684210526
0 0.7723926380368098 0.35 0.0036809815950920245 0.05789473684210526
0 0.7806748466257669 0.5859649122807018 0.006134969325153374 0.08421052631578947
0 0.7443251533742331 0.6710526315789473 0.005828220858895706 0.08947368421052632
0 0.7084355828220859 0.3719298245614035 0.004601226993865031 0.06666666666666667
0 0.6357361963190185 0.2394736842105263 0.0027607361963190185 0.04736842105263158
0 0.5665644171779141 0.7114035087719298 0.006134969325153374 0.09298245614035087
0 0.6684049079754601 0.49122807017543857 0.0049079754601227 0.07368421052631578
0 0.5529141104294478 0.41578947368421054 0.003987730061349694 0.05964912280701754
0 0.6722392638036809 0.42719298245614035 0.003987730061349694 0.06491228070175438
0 0.5236196319018405 0.21666666666666667 0.00245398773006135 0.054385964912280704
0 0.5007668711656442 0.5561403508771929 0.005214723926380368 0.07719298245614035