0 0.26042944785276073 0.34035087719298246 0.0036809815950920245 0.06315789473684211
0 0.39815950920245397 0.5368421052631579 0.0049079754601227 0.07017543859649122
0 0.4251533742331288 0.3701754385964912 0.0036809815950920245 0.05964912280701754
0 0.4265337423312883 0.32105263157894737 0.003374233128834356 0.05263157894736842
0 0.424079754601227 0.23333333333333334 0.0027607361963190185 0.0456140350877193
0 0.4507668711656442 0.40350877192982454 0.003987730061349694 0.06315789473684211
0 0.4621165644171779 0.3087719298245614 0.003374233128834356 0.04912280701754386
0 0.46503067484662575 0.5614035087719298 0.0049079754601227 0.07368421052631578
0 0.5062883435582822 0.3956140350877193 0.003987730061349694 0.06140350877192982
0 0.5130368098159509 0.31842105263157894 0.003374233128834356 0.054385964912280704
0 0.48726993865030677 0.22631578947368422 0.0027607361963190185 0.0456140350877193
0 0.4705521472392638 0.443859649122807 0.0036809815950920245 0.07017543859649122
0 0.7078220858895705 0.3263157894736842 0.003374233128834356 0.056140350877192984
0 0.594478527607362 0.46578947368421053 0.004294478527607362 0.06842105263157895
0 0.4785276073619632 0.7078947368421052 0.006134969325153374 0.09298245614035087
0 0.5760736196319018 0.26842105263157895 0.003067484662576687 0.0456140350877193
0 0.5157975460122699 0.17894736842105263 0.002147239263803681 0.028070175438596492
0 0.37116564417177916 0.6929824561403509 0.006134969325153374 0.0912280701754386
0 0.4388036809815951 0.45789473684210524 0.003374233128834356 0.07017543859649122
0 0.5072085889570552 0.2517543859649123 0.0027607361963190185 0.043859649122807015
0 0.525920245398773 0.39824561403508774 0.003987730061349694 0.06315789473684211
0 0.4409509202453988 0.16578947368421051 0.002147239263803681 0.04035087719298246
0 0.45383435582822085 0.3368421052631579 0.003374233128834356 0.056140350877192984