0 0.2645705521472393 0.3456140350877193 0.003374233128834356 0.06666666666666667
0 0.376840490797546 0.65 0.005828220858895706 0.07543859649122807
0 0.3674846625766871 0.47017543859649125 0.004294478527607362 0.07017543859649122
0 0.39892638036809813 0.2412280701754386 0.0027607361963190185 0.04736842105263158
0 0.5098159509202455 0.17105263157894737 0.0036809815950920245 0.043859649122807015
0 0.42392638036809815 0.30350877192982456 0.003067484662576687 0.0456140350877193
0 0.451840490797546 0.4535087719298246 0.004294478527607362 0.06491228070175438
0 0.5912576687116564 0.5745614035087719 0.004601226993865031 0.07894736842105263
0 0.550920245398773 0.3675438596491228 0.0036809815950920245 0.04736842105263158
0 0.5381901840490797 0.3157894736842105 0.003374233128834356 0.04912280701754386
0 0.4639570552147239 0.2885964912280702 0.003987730061349694 0.05087719298245614
0 0.5185582822085889 0.26666666666666666 0.003987730061349694 0.06315789473684211
0 0.7111963190184049 0.3280701754385965 0.003374233128834356 0.056140350877192984
0 0.5855828220858895 0.3850877192982456 0.0036809815950920245 0.06140350877192982
0 0.5958588957055214 0.5166666666666667 0.004601226993865031 0.07192982456140351
0 0.5651840490797546 0.3201754385964912 0.003374233128834356 0.054385964912280704
0 0.5467791411042945 0.2307017543859649 0.0027607361963190185 0.043859649122807015
0 0.48987730061349694 0.5508771929824562 0.0049079754601227 0.07719298245614035
0 0.5289877300613497 0.40350877192982454 0.003987730061349694 0.06315789473684211
0 0.46457055214723925 0.3456140350877193 0.003374233128834356 0.03859649122807018
0 0.5154907975460122 0.2982456140350877 0.003987730061349694 0.042105263157894736
0 0.473159509202454 0.2596491228070175 0.003374233128834356 0.05263157894736842
0 0.41457055214723926 0.4745614035087719 0.005214723926380368 0.07192982456140351