0 0.2921779141104294 0.35526315789473684 0.0027607361963190185 0.05087719298245614
0 0.49800613496932516 0.5877192982456141 0.005214723926380368 0.08070175438596491
0 0.5285276073619631 0.4587719298245614 0.004294478527607362 0.06842105263157895
0 0.4869631901840491 0.3394736842105263 0.003374233128834356 0.06491228070175438
0 0.49708588957055216 0.23508771929824562 0.0027607361963190185 0.042105263157894736
0 0.6550613496932516 0.41403508771929826 0.003987730061349694 0.06315789473684211
0 0.5552147239263804 0.3684210526315789 0.0036809815950920245 0.05964912280701754
0 0.6665644171779141 0.55 0.0049079754601227 0.07192982456140351
0 0.7742331288343558 0.5263157894736842 0.0049079754601227 0.07017543859649122
0 0.7636503067484662 0.38859649122807016 0.003987730061349694 0.06140350877192982
0 0.5783742331288344 0.23771929824561402 0.0027607361963190185 0.043859649122807015
0 0.5644171779141104 0.4087719298245614 0.0036809815950920245 0.07017543859649122
0 0.7934049079754601 0.4087719298245614 0.003987730061349694 0.06315789473684211
0 0.8032208588957055 0.5859649122807018 0.005214723926380368 0.08070175438596491
0 0.7306748466257669 0.724561403508772 0.006134969325153374 0.09473684210526316
0 0.6579754601226994 0.2 0.003067484662576687 0.042105263157894736
0 0.549079754601227 0.1763157894736842 0.003067484662576687 0.04035087719298246
0 0.5127300613496932 0.6578947368421053 0.005828220858895706 0.08771929824561403
0 0.6179447852760737 0.493859649122807 0.004601226993865031 0.07192982456140351
0 0.5414110429447853 0.4605263157894737 0.004294478527607362 0.06842105263157895
0 0.6651840490797546 0.34210526315789475 0.003374233128834356 0.056140350877192984
0 0.5050613496932516 0.22807017543859648 0.0027607361963190185 0.0456140350877193
0 0.49049079754601227 0.36578947368421055 0.003067484662576687 0.054385964912280704