0 0.28819018404907976 0.32719298245614037 0.003374233128834356 0.05087719298245614
0 0.4507668711656442 0.5043859649122807 0.004601226993865031 0.07192982456140351
0 0.4550613496932515 0.3526315789473684 0.003374233128834356 0.05263157894736842
0 0.4320552147239264 0.32280701754385965 0.003374233128834356 0.05263157894736842
0 0.449079754601227 0.2649122807017544 0.003067484662576687 0.04912280701754386
0 0.48819018404907977 0.34035087719298246 0.003374233128834356 0.056140350877192984
0 0.5484662576687117 0.30526315789473685 0.003067484662576687 0.03508771929824561
0 0.5276073619631901 0.40964912280701754 0.0036809815950920245 0.054385964912280704
0 0.6331288343558282 0.29473684210526313 0.003067484662576687 0.04912280701754386
0 0.5219325153374234 0.3649122807017544 0.003987730061349694 0.06315789473684211
0 0.6044478527607362 0.22719298245614036 0.003987730061349694 0.04035087719298246
0 0.5315950920245399 0.4280701754385965 0.0049079754601227 0.06666666666666667
0 0.7315950920245399 0.3263157894736842 0.003067484662576687 0.05263157894736842
0 0.6351226993865031 0.4017543859649123 0.003987730061349694 0.06315789473684211
0 0.5894171779141104 0.5008771929824561 0.004601226993865031 0.06842105263157895
0 0.6065950920245399 0.24298245614035088 0.003987730061349694 0.04736842105263158
0 0.5823619631901841 0.23508771929824562 0.0027607361963190185 0.042105263157894736
0 0.5019938650306749 0.5675438596491228 0.005214723926380368 0.07894736842105263
0 0.5266871165644171 0.38070175438596493 0.004294478527607362 0.05263157894736842
0 0.4710122699386503 0.2964912280701754 0.003987730061349694 0.05263157894736842
0 0.5763803680981595 0.31140350877192985 0.0036809815950920245 0.054385964912280704
0 0.4558282208588957 0.24473684210526317 0.0036809815950920245 0.054385964912280704
0 0.4682515337423313 0.3394736842105263 0.004601226993865031 0.07543859649122807