0 0.24616564417177914 0.36403508771929827 0.003374233128834356 0.05087719298245614
0 0.41932515337423315 0.7114035087719298 0.006134969325153374 0.08596491228070176
0 0.3983128834355828 0.5631578947368421 0.004601226993865031 0.07368421052631578
0 0.4156441717791411 0.387719298245614 0.0036809815950920245 0.056140350877192984
0 0.4236196319018405 0.29385964912280704 0.003067484662576687 0.05087719298245614
0 0.44539877300613495 0.6201754385964913 0.005521472392638037 0.07192982456140351
0 0.46273006134969324 0.42543859649122806 0.003987730061349694 0.054385964912280704
0 0.49524539877300616 0.6236842105263158 0.004601226993865031 0.0824561403508772
0 0.5822085889570552 0.36578947368421055 0.003067484662576687 0.043859649122807015
0 0.5042944785276073 0.4070175438596491 0.004294478527607362 0.05964912280701754
0 0.5504601226993865 0.23333333333333334 0.0027607361963190185 0.03508771929824561
0 0.47883435582822087 0.4614035087719298 0.005521472392638037 0.07017543859649122
0 0.7228527607361963 0.3429824561403509 0.003374233128834356 0.05789473684210526
0 0.5998466257668712 0.5175438596491229 0.004601226993865031 0.07368421052631578
0 0.5062883435582822 0.7298245614035088 0.005828220858895706 0.09473684210526316
0 0.5806748466257668 0.32894736842105265 0.0049079754601227 0.05789473684210526
0 0.5627300613496933 0.2543859649122807 0.0027607361963190185 0.04912280701754386
0 0.420398773006135 0.7157894736842105 0.006441717791411043 0.0912280701754386
0 0.4897239263803681 0.625438596491228 0.004601226993865031 0.07543859649122807
0 0.45015337423312884 0.3850877192982456 0.003374233128834356 0.043859649122807015
0 0.5260736196319018 0.4043859649122807 0.004294478527607362 0.054385964912280704
0 0.4415644171779141 0.2043859649122807 0.003987730061349694 0.05087719298245614
0 0.4058282208588957 0.5552631578947368 0.0049079754601227 0.06842105263157895