0 0.32791411042944785 0.29912280701754385 0.003067484662576687 0.05789473684210526
0 0.49555214723926383 0.4149122807017544 0.003987730061349694 0.043859649122807015
0 0.46978527607361964 0.23157894736842105 0.0027607361963190185 0.0456140350877193
0 0.49233128834355827 0.1824561403508772 0.0036809815950920245 0.0456140350877193
0 0.594478527607362 0.18596491228070175 0.00245398773006135 0.03508771929824561
0 0.6092024539877301 0.2307017543859649 0.0036809815950920245 0.054385964912280704
0 0.5368098159509203 0.2131578947368421 0.00245398773006135 0.04035087719298246
0 0.6122699386503068 0.38859649122807016 0.0036809815950920245 0.05789473684210526
0 0.6142638036809815 0.26228070175438595 0.0027607361963190185 0.054385964912280704
0 0.557361963190184 0.27280701754385966 0.003067484662576687 0.05087719298245614
0 0.5613496932515337 0.1912280701754386 0.00245398773006135 0.03859649122807018
0 0.5475460122699386 0.256140350877193 0.003067484662576687 0.04912280701754386
0 0.7384969325153374 0.3157894736842105 0.003374233128834356 0.04912280701754386
0 0.6647239263803681 0.26842105263157895 0.0036809815950920245 0.042105263157894736
0 0.6349693251533742 0.3868421052631579 0.0036809815950920245 0.06140350877192982
0 0.6299079754601227 0.2412280701754386 0.003987730061349694 0.04736842105263158
0 0.623159509202454 0.21666666666666667 0.003374233128834356 0.04736842105263158
0 0.5463190184049079 0.44035087719298244 0.004294478527607362 0.06666666666666667
0 0.5825153374233129 0.2885964912280702 0.003067484662576687 0.05087719298245614
0 0.5381901840490797 0.2614035087719298 0.0027607361963190185 0.0456140350877193
0 0.553680981595092 0.20701754385964913 0.003067484662576687 0.04912280701754386
0 0.48987730061349694 0.1675438596491228 0.00245398773006135 0.04736842105263158
0 0.49601226993865033 0.22543859649122808 0.0036809815950920245 0.05087719298245614