0 0.25291411042944784 0.3570175438596491 0.0027607361963190185 0.06140350877192982
0 0.3978527607361963 0.5885964912280702 0.004294478527607362 0.07192982456140351
0 0.4119631901840491 0.4675438596491228 0.004294478527607362 0.06491228070175438
0 0.40782208588957053 0.41403508771929826 0.003987730061349694 0.06315789473684211
0 0.427760736196319 0.3236842105263158 0.003374233128834356 0.06140350877192982
0 0.48144171779141104 0.393859649122807 0.003987730061349694 0.054385964912280704
0 0.46656441717791414 0.5236842105263158 0.0049079754601227 0.06842105263157895
0 0.45429447852760735 0.6078947368421053 0.005521472392638037 0.07894736842105263
0 0.5510736196319018 0.5131578947368421 0.004601226993865031 0.07192982456140351
0 0.529601226993865 0.4 0.003987730061349694 0.06315789473684211
0 0.4579754601226994 0.2710526315789474 0.003067484662576687 0.04736842105263158
0 0.43803680981595094 0.4394736842105263 0.00245398773006135 0.06491228070175438
0 0.7033742331288344 0.3631578947368421 0.0036809815950920245 0.05964912280701754
0 0.5671779141104294 0.5368421052631579 0.004294478527607362 0.07017543859649122
0 0.4582822085889571 0.6833333333333333 0.006134969325153374 0.08947368421052632
0 0.5809815950920245 0.2964912280701754 0.003067484662576687 0.05263157894736842
0 0.47776073619631904 0.20877192982456141 0.0027607361963190185 0.0456140350877193
0 0.377760736196319 0.7298245614035088 0.006441717791411043 0.09473684210526316
0 0.5104294478527608 0.5263157894736842 0.0049079754601227 0.07368421052631578
0 0.471319018404908 0.5219298245614035 0.004601226993865031 0.06491228070175438
0 0.5122699386503068 0.37543859649122807 0.0036809815950920245 0.05964912280701754
0 0.4388036809815951 0.3298245614035088 0.003374233128834356 0.056140350877192984
0 0.42530674846625766 0.44649122807017544 0.003987730061349694 0.06842105263157895