0 0.2889570552147239 0.3394736842105263 0.003067484662576687 0.06842105263157895
0 0.4656441717791411 0.6815789473684211 0.0049079754601227 0.08947368421052632
0 0.42438650306748466 0.4368421052631579 0.003987730061349694 0.06666666666666667
0 0.45720858895705524 0.23596491228070177 0.0027607361963190185 0.04736842105263158
0 0.525 0.17543859649122806 0.003374233128834356 0.03508771929824561
0 0.4733128834355828 0.2912280701754386 0.003067484662576687 0.0456140350877193
0 0.5061349693251533 0.45789473684210524 0.004294478527607362 0.05964912280701754
0 0.6072085889570552 0.5201754385964912 0.004601226993865031 0.06842105263157895
0 0.6016871165644172 0.42894736842105263 0.003987730061349694 0.06491228070175438
0 0.5792944785276074 0.3201754385964912 0.003374233128834356 0.05789473684210526
0 0.5104294478527608 0.3447368421052632 0.004294478527607362 0.05789473684210526
0 0.5358895705521473 0.27807017543859647 0.003067484662576687 0.05087719298245614
0 0.7329754601226994 0.3350877192982456 0.003374233128834356 0.056140350877192984
0 0.6234662576687117 0.4105263157894737 0.003987730061349694 0.06315789473684211
0 0.6187116564417178 0.49122807017543857 0.0049079754601227 0.07368421052631578
0 0.6059815950920245 0.3280701754385965 0.003374233128834356 0.056140350877192984
0 0.5756134969325153 0.23684210526315788 0.0027607361963190185 0.0456140350877193
0 0.5483128834355828 0.5763157894736842 0.005214723926380368 0.07894736842105263
0 0.569478527607362 0.4070175438596491 0.003987730061349694 0.06315789473684211
0 0.506441717791411 0.3263157894736842 0.0036809815950920245 0.056140350877192984
0 0.5826687116564417 0.31666666666666665 0.003987730061349694 0.05789473684210526
0 0.4915644171779141 0.2771929824561403 0.003987730061349694 0.056140350877192984
0 0.48328220858895704 0.443859649122807 0.003987730061349694 0.06666666666666667