0 0.2556748466257669 0.3473684210526316 0.0027607361963190185 0.04912280701754386
0 0.3889570552147239 0.5482456140350878 0.0049079754601227 0.06842105263157895
0 0.4174846625766871 0.3912280701754386 0.0036809815950920245 0.05964912280701754
0 0.41840490797546015 0.33157894736842103 0.0036809815950920245 0.05964912280701754
0 0.43328220858895705 0.2394736842105263 0.0027607361963190185 0.043859649122807015
0 0.4539877300613497 0.4324561403508772 0.004294478527607362 0.06491228070175438
0 0.4624233128834356 0.29385964912280704 0.003374233128834356 0.04736842105263158
0 0.4677914110429448 0.5868421052631579 0.0049079754601227 0.07894736842105263
0 0.4929447852760736 0.45614035087719296 0.004294478527607362 0.06315789473684211
0 0.5145705521472392 0.33157894736842103 0.003374233128834356 0.04912280701754386
0 0.49800613496932516 0.2394736842105263 0.0027607361963190185 0.043859649122807015
0 0.46717791411042947 0.46403508771929824 0.0036809815950920245 0.06842105263157895
0 0.712116564417178 0.3368421052631579 0.003374233128834356 0.056140350877192984
0 0.5943251533742331 0.47719298245614034 0.004601226993865031 0.07017543859649122
0 0.48803680981595093 0.724561403508772 0.006134969325153374 0.09473684210526316
0 0.5892638036809816 0.29473684210526313 0.003067484662576687 0.05263157894736842
0 0.5230061349693251 0.18421052631578946 0.00245398773006135 0.03859649122807018
0 0.37423312883435583 0.718421052631579 0.006134969325153374 0.09298245614035087
0 0.46088957055214724 0.44649122807017544 0.003374233128834356 0.07192982456140351
0 0.4834355828220859 0.26842105263157895 0.004294478527607362 0.0456140350877193
0 0.5276073619631901 0.44035087719298244 0.004294478527607362 0.05964912280701754
0 0.4455521472392638 0.1780701754385965 0.002147239263803681 0.04035087719298246
0 0.4349693251533742 0.35789473684210527 0.0036809815950920245 0.056140350877192984