0 0.251840490797546 0.3587719298245614 0.003067484662576687 0.06842105263157895
0 0.37300613496932516 0.5578947368421052 0.0036809815950920245 0.06315789473684211
0 0.39723926380368096 0.4605263157894737 0.0036809815950920245 0.06842105263157895
0 0.38558282208588956 0.3956140350877193 0.003067484662576687 0.06491228070175438
0 0.4076687116564417 0.2885964912280702 0.004294478527607362 0.054385964912280704
0 0.4653374233128834 0.3868421052631579 0.0036809815950920245 0.06140350877192982
0 0.43282208588957055 0.5026315789473684 0.0036809815950920245 0.06842105263157895
0 0.4288343558282209 0.6219298245614036 0.005521472392638037 0.0824561403508772
0 0.48328220858895704 0.4921052631578947 0.004601226993865031 0.06842105263157895
0 0.5245398773006135 0.3719298245614035 0.0036809815950920245 0.056140350877192984
0 0.4476993865030675 0.23157894736842105 0.0027607361963190185 0.0456140350877193
0 0.4088957055214724 0.5587719298245614 0.004294478527607362 0.09298245614035087
0 0.7188650306748466 0.3482456140350877 0.003374233128834356 0.05789473684210526
0 0.5248466257668711 0.5236842105263158 0.005521472392638037 0.08596491228070176
0 0.42070552147239265 0.7631578947368421 0.006441717791411043 0.09824561403508772
0 0.6078220858895705 0.30964912280701756 0.003374233128834356 0.054385964912280704
0 0.47438650306748464 0.17982456140350878 0.002147239263803681 0.02982456140350877
0 0.3539877300613497 0.7219298245614035 0.006134969325153374 0.09298245614035087
0 0.4601226993865031 0.5912280701754385 0.0049079754601227 0.08070175438596491
0 0.4134969325153374 0.45526315789473687 0.004294478527607362 0.054385964912280704
0 0.49616564417177916 0.4070175438596491 0.003987730061349694 0.06315789473684211
0 0.4237730061349693 0.26403508771929823 0.003374233128834356 0.054385964912280704
0 0.3894171779141104 0.41578947368421054 0.003987730061349694 0.056140350877192984