0 0.35690184049079754 0.31666666666666665 0.002147239263803681 0.05087719298245614
0 0.6223926380368098 0.4842105263157895 0.004294478527607362 0.07017543859649122
0 0.5461656441717792 0.3429824561403509 0.003987730061349694 0.05789473684210526
0 0.5253067484662577 0.2596491228070175 0.0027607361963190185 0.04912280701754386
0 0.6226993865030674 0.1587719298245614 0.00245398773006135 0.043859649122807015
0 0.5668711656441717 0.20526315789473684 0.00245398773006135 0.03859649122807018
0 0.6090490797546012 0.24473684210526317 0.0027607361963190185 0.04035087719298246
0 0.7079754601226994 0.38859649122807016 0.003067484662576687 0.05789473684210526
0 0.6737730061349694 0.3385964912280702 0.003374233128834356 0.056140350877192984
0 0.6569018404907976 0.24210526315789474 0.003374233128834356 0.0456140350877193
0 0.6 0.1736842105263158 0.003067484662576687 0.028070175438596492
0 0.6302147239263803 0.22894736842105262 0.003374233128834356 0.04736842105263158
0 0.7634969325153375 0.3254385964912281 0.0036809815950920245 0.06140350877192982
0 0.6911042944785276 0.3078947368421053 0.0036809815950920245 0.06140350877192982
0 0.7119631901840491 0.37280701754385964 0.004294478527607362 0.05789473684210526
0 0.6544478527607362 0.22631578947368422 0.0027607361963190185 0.0456140350877193
0 0.6412576687116565 0.18596491228070175 0.003374233128834356 0.03859649122807018
0 0.6780674846625767 0.4149122807017544 0.003987730061349694 0.05789473684210526
0 0.6705521472392638 0.3105263157894737 0.0036809815950920245 0.056140350877192984
0 0.5812883435582822 0.21052631578947367 0.0036809815950920245 0.04912280701754386
0 0.6292944785276073 0.256140350877193 0.004601226993865031 0.056140350877192984
0 0.6087423312883435 0.18333333333333332 0.003374233128834356 0.04035087719298246
0 0.5395705521472393 0.306140350877193 0.0036809815950920245 0.06140350877192982