0 0.2878834355828221 0.35175438596491226 0.003987730061349694 0.054385964912280704
0 0.4906441717791411 0.49912280701754386 0.003987730061349694 0.06842105263157895
0 0.48911042944785277 0.37543859649122807 0.003987730061349694 0.06315789473684211
0 0.4920245398773006 0.30964912280701756 0.003067484662576687 0.054385964912280704
0 0.5033742331288343 0.21842105263157896 0.003067484662576687 0.03333333333333333
0 0.6102760736196319 0.34035087719298246 0.003374233128834356 0.04912280701754386
0 0.5398773006134969 0.29473684210526313 0.003067484662576687 0.03859649122807018
0 0.6108895705521472 0.5333333333333333 0.004601226993865031 0.06666666666666667
0 0.7141104294478527 0.37456140350877193 0.0036809815950920245 0.04736842105263158
0 0.6151840490797545 0.24912280701754386 0.0027607361963190185 0.03859649122807018
0 0.5512269938650307 0.22280701754385965 0.00245398773006135 0.0456140350877193
0 0.5348159509202454 0.4052631578947368 0.003987730061349694 0.07017543859649122
0 0.7253067484662576 0.3105263157894737 0.003374233128834356 0.04912280701754386
0 0.7273006134969325 0.5201754385964912 0.0049079754601227 0.07192982456140351
0 0.6329754601226993 0.6754385964912281 0.005828220858895706 0.08070175438596491
0 0.6404907975460122 0.19473684210526315 0.00245398773006135 0.042105263157894736
0 0.5245398773006135 0.16578947368421051 0.003067484662576687 0.02982456140350877
0 0.5023006134969326 0.5710526315789474 0.005214723926380368 0.07894736842105263
0 0.6171779141104294 0.45087719298245615 0.004294478527607362 0.06666666666666667
0 0.5205521472392638 0.2649122807017544 0.003067484662576687 0.0456140350877193
0 0.626840490797546 0.32456140350877194 0.003374233128834356 0.05263157894736842
0 0.5035276073619632 0.193859649122807 0.003374233128834356 0.04035087719298246
0 0.48665644171779143 0.33245614035087717 0.003987730061349694 0.06140350877192982