0 0.22576687116564417 0.3219298245614035 0.00245398773006135 0.054385964912280704
0 0.26334355828220857 0.42543859649122806 0.003987730061349694 0.06491228070175438
0 0.2673312883435583 0.3684210526315789 0.0027607361963190185 0.04912280701754386
0 0.27346625766871163 0.29035087719298247 0.003374233128834356 0.05789473684210526
0 0.3015337423312883 0.20789473684210527 0.0036809815950920245 0.043859649122807015
0 0.3210122699386503 0.34385964912280703 0.003374233128834356 0.056140350877192984
0 0.31947852760736195 0.29035087719298247 0.003374233128834356 0.043859649122807015
0 0.3717791411042945 0.5157894736842106 0.0049079754601227 0.07017543859649122
0 0.5096625766871166 0.4052631578947368 0.003987730061349694 0.05964912280701754
0 0.4246932515337423 0.34210526315789475 0.003374233128834356 0.056140350877192984
0 0.3211656441717791 0.21666666666666667 0.003067484662576687 0.04035087719298246
0 0.3539877300613497 0.3824561403508772 0.004294478527607362 0.07368421052631578
0 0.6854294478527607 0.3201754385964912 0.0027607361963190185 0.05087719298245614
0 0.5200920245398774 0.3956140350877193 0.003987730061349694 0.06140350877192982
0 0.4306748466257669 0.5289473684210526 0.0049079754601227 0.07192982456140351
0 0.5116564417177915 0.27631578947368424 0.003067484662576687 0.05087719298245614
0 0.4549079754601227 0.2043859649122807 0.00245398773006135 0.04035087719298246
0 0.2710122699386503 0.42105263157894735 0.005214723926380368 0.07719298245614035
0 0.37300613496932516 0.3254385964912281 0.0036809815950920245 0.05789473684210526
0 0.3099693251533742 0.31140350877192985 0.003987730061349694 0.054385964912280704
0 0.4371165644171779 0.27982456140350875 0.003067484662576687 0.043859649122807015
0 0.30460122699386505 0.19473684210526315 0.003067484662576687 0.042105263157894736
0 0.25690184049079756 0.39649122807017545 0.003374233128834356 0.05964912280701754