0 0.24049079754601227 0.32456140350877194 0.004294478527607362 0.06666666666666667
0 0.3487730061349693 0.543859649122807 0.0049079754601227 0.07017543859649122
0 0.3691717791411043 0.42280701754385963 0.003987730061349694 0.05964912280701754
0 0.38420245398773006 0.29736842105263156 0.003374233128834356 0.05087719298245614
0 0.38006134969325156 0.22017543859649122 0.00245398773006135 0.043859649122807015
0 0.4085889570552147 0.38596491228070173 0.0036809815950920245 0.05263157894736842
0 0.4352760736196319 0.2885964912280702 0.003067484662576687 0.043859649122807015
0 0.46809815950920247 0.5956140350877193 0.0049079754601227 0.07192982456140351
0 0.5437116564417178 0.42719298245614035 0.003987730061349694 0.06491228070175438
0 0.4929447852760736 0.3868421052631579 0.0036809815950920245 0.05789473684210526
0 0.4190184049079755 0.23508771929824562 0.0036809815950920245 0.0456140350877193
0 0.4299079754601227 0.41578947368421054 0.003987730061349694 0.07017543859649122
0 0.7093558282208589 0.3394736842105263 0.0027607361963190185 0.05087719298245614
0 0.5604294478527607 0.443859649122807 0.004294478527607362 0.06666666666666667
0 0.48987730061349694 0.5991228070175438 0.005521472392638037 0.0824561403508772
0 0.5478527607361963 0.2833333333333333 0.003067484662576687 0.05087719298245614
0 0.5113496932515338 0.2219298245614035 0.00245398773006135 0.03684210526315789
0 0.34095092024539875 0.5578947368421052 0.005214723926380368 0.07719298245614035
0 0.4438650306748466 0.3631578947368421 0.0036809815950920245 0.05964912280701754
0 0.4438650306748466 0.30964912280701756 0.003067484662576687 0.04736842105263158
0 0.5170245398773006 0.3570175438596491 0.004601226993865031 0.06140350877192982
0 0.39723926380368096 0.17894736842105263 0.0036809815950920245 0.0456140350877193
0 0.35368098159509204 0.506140350877193 0.005521472392638037 0.08596491228070176