0 0.3271472392638037 0.32719298245614037 0.003374233128834356 0.054385964912280704
0 0.743558282208589 0.6552631578947369 0.007361963190184049 0.08947368421052632
0 0.48895705521472393 0.37719298245614036 0.0036809815950920245 0.05964912280701754
0 0.48328220858895704 0.2912280701754386 0.0027607361963190185 0.0456140350877193
0 0.5512269938650307 0.18859649122807018 0.0036809815950920245 0.05087719298245614
0 0.5613496932515337 0.3482456140350877 0.0036809815950920245 0.05789473684210526
0 0.6042944785276073 0.2578947368421053 0.003067484662576687 0.0456140350877193
0 0.5265337423312884 0.47543859649122805 0.004601226993865031 0.06666666666666667
0 0.6941717791411043 0.37719298245614036 0.0036809815950920245 0.06315789473684211
0 0.6983128834355828 0.35350877192982455 0.003374233128834356 0.04736842105263158
0 0.6584355828220859 0.24385964912280703 0.003374233128834356 0.0456140350877193
0 0.6233128834355828 0.393859649122807 0.0036809815950920245 0.06491228070175438
0 0.7144171779141104 0.2868421052631579 0.003067484662576687 0.04736842105263158
0 0.7159509202453987 0.3824561403508772 0.004294478527607362 0.05964912280701754
0 0.6835889570552147 0.5666666666666667 0.005214723926380368 0.07719298245614035
0 0.6852760736196319 0.2675438596491228 0.003067484662576687 0.043859649122807015
0 0.7003067484662576 0.2894736842105263 0.004294478527607362 0.05263157894736842
0 0.7257668711656442 0.6394736842105263 0.005521472392638037 0.08596491228070176
0 0.646319018404908 0.3701754385964912 0.0036809815950920245 0.05964912280701754
0 0.5895705521472393 0.2982456140350877 0.003067484662576687 0.05263157894736842
0 0.6139570552147239 0.2412280701754386 0.003374233128834356 0.05087719298245614
0 0.5788343558282208 0.156140350877193 0.003067484662576687 0.042105263157894736
0 0.4799079754601227 0.3192982456140351 0.003987730061349694 0.056140350877192984