0 0.3138036809815951 0.3017543859649123 0.00245398773006135 0.05263157894736842
0 0.495398773006135 0.40964912280701754 0.004294478527607362 0.05087719298245614
0 0.4647239263803681 0.27982456140350875 0.003067484662576687 0.05087719298245614
0 0.4656441717791411 0.1692982456140351 0.003067484662576687 0.03684210526315789
0 0.527760736196319 0.1543859649122807 0.0027607361963190185 0.03859649122807018
0 0.5463190184049079 0.2736842105263158 0.003067484662576687 0.042105263157894736
0 0.5085889570552147 0.17017543859649123 0.003067484662576687 0.03859649122807018
0 0.603680981595092 0.3649122807017544 0.0036809815950920245 0.056140350877192984
0 0.5792944785276074 0.2517543859649123 0.0027607361963190185 0.04736842105263158
0 0.5233128834355828 0.2649122807017544 0.003067484662576687 0.04912280701754386
0 0.5596625766871166 0.16052631578947368 0.003374233128834356 0.03684210526315789
0 0.5400306748466258 0.2412280701754386 0.003374233128834356 0.054385964912280704
0 0.728680981595092 0.3078947368421053 0.003374233128834356 0.054385964912280704
0 0.601840490797546 0.26842105263157895 0.003067484662576687 0.04912280701754386
0 0.6225460122699387 0.33157894736842103 0.003374233128834356 0.056140350877192984
0 0.6024539877300613 0.22280701754385965 0.003067484662576687 0.04912280701754386
0 0.575 0.17543859649122806 0.0027607361963190185 0.03508771929824561
0 0.5392638036809816 0.3701754385964912 0.0036809815950920245 0.05964912280701754
0 0.5647239263803681 0.27017543859649124 0.003067484662576687 0.04912280701754386
0 0.5214723926380368 0.19824561403508772 0.00245398773006135 0.03508771929824561
0 0.5753067484662576 0.21403508771929824 0.003987730061349694 0.04912280701754386
0 0.5418711656441718 0.1675438596491228 0.003374233128834356 0.03684210526315789
0 0.4812883435582822 0.21052631578947367 0.003067484662576687 0.05263157894736842