0 0.3136503067484663 0.3263157894736842 0.003374233128834356 0.056140350877192984
0 0.6426380368098159 0.6035087719298246 0.005521472392638037 0.08771929824561403
0 0.48374233128834354 0.3649122807017544 0.0036809815950920245 0.05964912280701754
0 0.48466257668711654 0.3 0.00245398773006135 0.0456140350877193
0 0.5343558282208589 0.1912280701754386 0.00245398773006135 0.042105263157894736
0 0.5576687116564417 0.35526315789473684 0.0036809815950920245 0.05789473684210526
0 0.5877300613496933 0.2649122807017544 0.003067484662576687 0.0456140350877193
0 0.49141104294478527 0.4842105263157895 0.004294478527607362 0.07017543859649122
0 0.6736196319018405 0.3719298245614035 0.0036809815950920245 0.056140350877192984
0 0.6558282208588957 0.3543859649122807 0.0036809815950920245 0.04912280701754386
0 0.6455521472392638 0.2412280701754386 0.0027607361963190185 0.043859649122807015
0 0.589877300613497 0.4263157894736842 0.004294478527607362 0.07017543859649122
0 0.722239263803681 0.31140350877192985 0.003987730061349694 0.054385964912280704
0 0.7271472392638036 0.4201754385964912 0.003987730061349694 0.06491228070175438
0 0.6659509202453988 0.5991228070175438 0.005521472392638037 0.0824561403508772
0 0.6725460122699386 0.24649122807017543 0.0027607361963190185 0.043859649122807015
0 0.6679447852760736 0.2710526315789474 0.003374233128834356 0.043859649122807015
0 0.6366564417177915 0.6491228070175439 0.005828220858895706 0.09473684210526316
0 0.6159509202453988 0.3815789473684211 0.0036809815950920245 0.06140350877192982
0 0.5622699386503067 0.30350877192982456 0.003067484662576687 0.05263157894736842
0 0.6023006134969325 0.2578947368421053 0.003374233128834356 0.0456140350877193
0 0.556441717791411 0.16578947368421051 0.00245398773006135 0.043859649122807015
0 0.4776073619631902 0.3263157894736842 0.003067484662576687 0.05964912280701754