0 0.3230061349693252 0.34385964912280703 0.0036809815950920245 0.05263157894736842
0 0.8898773006134969 0.7315789473684211 0.0049079754601227 0.06666666666666667
0 0.5013803680981596 0.4219298245614035 0.003987730061349694 0.06491228070175438
0 0.502760736196319 0.27456140350877195 0.003067484662576687 0.05087719298245614
0 0.5558282208588957 0.193859649122807 0.003067484662576687 0.04035087719298246
0 0.5384969325153375 0.39824561403508774 0.003987730061349694 0.06315789473684211
0 0.6337423312883436 0.2964912280701754 0.003067484662576687 0.05263157894736842
0 0.6366564417177915 0.5842105263157895 0.005214723926380368 0.07719298245614035
0 0.7202453987730061 0.35964912280701755 0.0036809815950920245 0.056140350877192984
0 0.6269938650306749 0.36140350877192984 0.004294478527607362 0.04912280701754386
0 0.6705521472392638 0.24385964912280703 0.004294478527607362 0.04912280701754386
0 0.6096625766871165 0.28596491228070176 0.003987730061349694 0.056140350877192984
0 0.7855828220858896 0.3543859649122807 0.0036809815950920245 0.056140350877192984
0 0.7414110429447853 0.3850877192982456 0.0036809815950920245 0.05087719298245614
0 0.677760736196319 0.5184210526315789 0.004601226993865031 0.054385964912280704
0 0.7159509202453987 0.33421052631578946 0.0036809815950920245 0.06140350877192982
0 0.6725460122699386 0.2754385964912281 0.003374233128834356 0.0456140350877193
0 0.8197852760736196 0.5894736842105263 0.005214723926380368 0.07719298245614035
0 0.6292944785276073 0.38421052631578945 0.0027607361963190185 0.05964912280701754
0 0.6081288343558282 0.3078947368421053 0.003374233128834356 0.043859649122807015
0 0.6605828220858896 0.3394736842105263 0.003374233128834356 0.05789473684210526
0 0.5852760736196319 0.193859649122807 0.003067484662576687 0.043859649122807015
0 0.5154907975460122 0.32456140350877194 0.003374233128834356 0.05964912280701754