0 0.29432515337423315 0.32456140350877194 0.003374233128834356 0.07368421052631578
0 0.4915644171779141 0.6614035087719298 0.005828220858895706 0.08771929824561403
0 0.44401840490797545 0.4219298245614035 0.003987730061349694 0.06491228070175438
0 0.4682515337423313 0.22105263157894736 0.0027607361963190185 0.0456140350877193
0 0.5216257668711657 0.16842105263157894 0.003374233128834356 0.03859649122807018
0 0.49800613496932516 0.25 0.0027607361963190185 0.04035087719298246
0 0.5200920245398774 0.42719298245614035 0.003987730061349694 0.06140350877192982
0 0.6334355828220859 0.537719298245614 0.0049079754601227 0.06842105263157895
0 0.6101226993865031 0.3815789473684211 0.0036809815950920245 0.05087719298245614
0 0.5930981595092024 0.30526315789473685 0.003374233128834356 0.05964912280701754
0 0.5472392638036809 0.2885964912280702 0.003067484662576687 0.04736842105263158
0 0.5381901840490797 0.25701754385964914 0.003374233128834356 0.05087719298245614
0 0.7434049079754601 0.3201754385964912 0.003374233128834356 0.05087719298245614
0 0.6371165644171779 0.3736842105263158 0.0036809815950920245 0.05964912280701754
0 0.6363496932515338 0.4666666666666667 0.004601226993865031 0.07368421052631578
0 0.6239263803680981 0.29035087719298247 0.0036809815950920245 0.054385964912280704
0 0.5662576687116564 0.19824561403508772 0.00245398773006135 0.042105263157894736
0 0.5668711656441717 0.5412280701754386 0.0049079754601227 0.07543859649122807
0 0.5828220858895705 0.3649122807017544 0.0036809815950920245 0.05964912280701754
0 0.5380368098159509 0.29210526315789476 0.003067484662576687 0.04736842105263158
0 0.588036809815951 0.2719298245614035 0.0036809815950920245 0.056140350877192984
0 0.5205521472392638 0.22719298245614036 0.004294478527607362 0.054385964912280704
0 0.4901840490797546 0.41228070175438597 0.004294478527607362 0.07017543859649122