0 0.274079754601227 0.36929824561403507 0.003987730061349694 0.054385964912280704
0 0.5127300613496932 0.7166666666666667 0.004601226993865031 0.09649122807017543
0 0.4592024539877301 0.5342105263157895 0.003067484662576687 0.06491228070175438
0 0.4766871165644172 0.37543859649122807 0.0036809815950920245 0.05964912280701754
0 0.49033742331288344 0.25 0.0027607361963190185 0.04736842105263158
0 0.6395705521472392 0.6219298245614036 0.005521472392638037 0.0824561403508772
0 0.5381901840490797 0.4 0.003987730061349694 0.0456140350877193
0 0.6326687116564417 0.7280701754385965 0.006441717791411043 0.08771929824561403
0 0.7214723926380369 0.5614035087719298 0.0049079754601227 0.05964912280701754
0 0.625920245398773 0.40614035087719297 0.003987730061349694 0.06140350877192982
0 0.5700920245398773 0.2614035087719298 0.0027607361963190185 0.04912280701754386
0 0.5365030674846626 0.46842105263157896 0.0049079754601227 0.07368421052631578
0 0.7601226993865031 0.36929824561403507 0.0036809815950920245 0.05789473684210526
0 0.7806748466257669 0.6157894736842106 0.005521472392638037 0.08421052631578947
0 0.6242331288343558 0.7570175438596491 0.005521472392638037 0.1
0 0.6716257668711656 0.26228070175438595 0.0027607361963190185 0.043859649122807015
0 0.5693251533742332 0.18859649122807018 0.00245398773006135 0.04035087719298246
0 0.5205521472392638 0.7228070175438597 0.0049079754601227 0.0912280701754386
0 0.655521472392638 0.6175438596491228 0.005521472392638037 0.08421052631578947
0 0.5211656441717791 0.35526315789473684 0.0036809815950920245 0.054385964912280704
0 0.618558282208589 0.41842105263157897 0.003987730061349694 0.06491228070175438
0 0.4892638036809816 0.19736842105263158 0.00245398773006135 0.043859649122807015
0 0.4657975460122699 0.5368421052631579 0.003987730061349694 0.06315789473684211