0 0.23113496932515337 0.3254385964912281 0.003374233128834356 0.054385964912280704
0 0.3299079754601227 0.5043859649122807 0.004601226993865031 0.06842105263157895
0 0.3455521472392638 0.4070175438596491 0.003987730061349694 0.04912280701754386
0 0.3633435582822086 0.2912280701754386 0.0027607361963190185 0.042105263157894736
0 0.36717791411042944 0.20789473684210527 0.00245398773006135 0.04035087719298246
0 0.3923312883435583 0.36578947368421055 0.0036809815950920245 0.043859649122807015
0 0.4128834355828221 0.2885964912280702 0.003067484662576687 0.04035087719298246
0 0.4544478527607362 0.5789473684210527 0.005214723926380368 0.06315789473684211
0 0.5357361963190184 0.41403508771929826 0.003987730061349694 0.06315789473684211
0 0.47883435582822087 0.37456140350877193 0.0036809815950920245 0.05789473684210526
0 0.39677914110429446 0.22807017543859648 0.003374233128834356 0.0456140350877193
0 0.41549079754601226 0.3991228070175439 0.003987730061349694 0.06842105263157895
0 0.7061349693251534 0.33245614035087717 0.0036809815950920245 0.05789473684210526
0 0.5486196319018405 0.4236842105263158 0.003987730061349694 0.06491228070175438
0 0.4789877300613497 0.5728070175438597 0.005214723926380368 0.07894736842105263
0 0.5380368098159509 0.27982456140350875 0.003067484662576687 0.05087719298245614
0 0.49877300613496933 0.21842105263157896 0.00245398773006135 0.043859649122807015
0 0.328680981595092 0.5175438596491229 0.005214723926380368 0.08070175438596491
0 0.42714723926380366 0.3456140350877193 0.003374233128834356 0.056140350877192984
0 0.41932515337423315 0.3140350877192982 0.003067484662576687 0.04912280701754386
0 0.5007668711656442 0.34035087719298246 0.003374233128834356 0.056140350877192984
0 0.37806748466257667 0.17982456140350878 0.003374233128834356 0.04035087719298246
0 0.33450920245398774 0.47719298245614034 0.004601226993865031 0.07719298245614035