0 0.31196319018404906 0.31842105263157894 0.003067484662576687 0.04736842105263158
0 0.5478527607361963 0.6280701754385964 0.005521472392638037 0.08421052631578947
0 0.49616564417177916 0.40350877192982454 0.003987730061349694 0.06315789473684211
0 0.49555214723926383 0.24298245614035088 0.0027607361963190185 0.04736842105263158
0 0.5888036809815951 0.17105263157894737 0.003374233128834356 0.043859649122807015
0 0.5233128834355828 0.22017543859649122 0.00245398773006135 0.03684210526315789
0 0.5263803680981595 0.3043859649122807 0.003067484662576687 0.04736842105263158
0 0.6774539877300614 0.47017543859649125 0.003987730061349694 0.05964912280701754
0 0.602760736196319 0.22982456140350876 0.0036809815950920245 0.042105263157894736
0 0.6225460122699387 0.29736842105263156 0.003374233128834356 0.05087719298245614
0 0.5757668711656442 0.20701754385964913 0.003067484662576687 0.0456140350877193
0 0.5760736196319018 0.22543859649122808 0.003067484662576687 0.043859649122807015
0 0.7579754601226993 0.3263157894736842 0.003067484662576687 0.056140350877192984
0 0.6541411042944786 0.3263157894736842 0.003374233128834356 0.056140350877192984
0 0.6769938650306748 0.4236842105263158 0.005521472392638037 0.06842105263157895
0 0.6168711656441718 0.2394736842105263 0.0036809815950920245 0.06140350877192982
0 0.6092024539877301 0.23333333333333334 0.0036809815950920245 0.031578947368421054
0 0.6216257668711657 0.512280701754386 0.004601226993865031 0.07368421052631578
0 0.6182515337423313 0.3192982456140351 0.003374233128834356 0.04912280701754386
0 0.5579754601226994 0.2692982456140351 0.003067484662576687 0.04736842105263158
0 0.5993865030674846 0.2675438596491228 0.0036809815950920245 0.04736842105263158
0 0.5670245398773006 0.2219298245614035 0.003374233128834356 0.043859649122807015
0 0.528680981595092 0.35175438596491226 0.003987730061349694 0.05789473684210526