0 0.29892638036809815 0.3429824561403509 0.003374233128834356 0.04736842105263158
0 0.4848159509202454 0.5263157894736842 0.004601226993865031 0.06315789473684211
0 0.4892638036809816 0.362280701754386 0.003067484662576687 0.05087719298245614
0 0.48941717791411044 0.28157894736842104 0.0027607361963190185 0.03684210526315789
0 0.49693251533742333 0.22105263157894736 0.00245398773006135 0.0456140350877193
0 0.6197852760736197 0.33157894736842103 0.003374233128834356 0.0456140350877193
0 0.5458588957055215 0.2649122807017544 0.0027607361963190185 0.03508771929824561
0 0.5964723926380369 0.4964912280701754 0.004601226993865031 0.06666666666666667
0 0.6941717791411043 0.4473684210526316 0.004294478527607362 0.05964912280701754
0 0.6707055214723926 0.25087719298245614 0.0027607361963190185 0.03859649122807018
0 0.5677914110429448 0.21842105263157896 0.00245398773006135 0.04035087719298246
0 0.5547546012269938 0.35350877192982455 0.003374233128834356 0.05789473684210526
0 0.7467791411042944 0.3140350877192982 0.003374233128834356 0.04912280701754386
0 0.7677914110429448 0.5289473684210526 0.0049079754601227 0.07543859649122807
0 0.6707055214723926 0.7385964912280701 0.006441717791411043 0.09473684210526316
0 0.6529141104294478 0.17017543859649123 0.003374233128834356 0.042105263157894736
0 0.5398773006134969 0.16403508771929826 0.003067484662576687 0.043859649122807015
0 0.48726993865030677 0.5894736842105263 0.005214723926380368 0.08070175438596491
0 0.6147239263803681 0.35964912280701755 0.0036809815950920245 0.04912280701754386
0 0.5121165644171779 0.3157894736842105 0.003374233128834356 0.04912280701754386
0 0.618558282208589 0.2631578947368421 0.0027607361963190185 0.04912280701754386
0 0.5131901840490798 0.20701754385964913 0.0036809815950920245 0.0456140350877193
0 0.48374233128834354 0.31842105263157894 0.004294478527607362 0.05087719298245614