0 0.2883435582822086 0.3605263157894737 0.004294478527607362 0.07543859649122807
0 0.4746932515337423 0.5008771929824561 0.004601226993865031 0.07192982456140351
0 0.473159509202454 0.42894736842105263 0.003987730061349694 0.054385964912280704
0 0.5154907975460122 0.4 0.004601226993865031 0.06315789473684211
0 0.46411042944785275 0.37280701754385964 0.0036809815950920245 0.04736842105263158
0 0.5726993865030675 0.45526315789473687 0.0049079754601227 0.07543859649122807
0 0.5406441717791411 0.4394736842105263 0.004601226993865031 0.05789473684210526
0 0.6642638036809816 0.5885964912280702 0.005214723926380368 0.07192982456140351
0 0.6871165644171779 0.5561403508771929 0.0049079754601227 0.06666666666666667
0 0.6753067484662577 0.4236842105263158 0.003987730061349694 0.06140350877192982
0 0.59079754601227 0.2885964912280702 0.003067484662576687 0.05087719298245614
0 0.5424846625766871 0.33596491228070174 0.003374233128834356 0.06140350877192982
0 0.7496932515337423 0.3570175438596491 0.0036809815950920245 0.05789473684210526
0 0.6585889570552147 0.46842105263157896 0.004294478527607362 0.07017543859649122
0 0.6363496932515338 0.5912280701754385 0.005214723926380368 0.05263157894736842
0 0.6262269938650307 0.2956140350877193 0.003374233128834356 0.054385964912280704
0 0.5581288343558283 0.2149122807017544 0.0027607361963190185 0.043859649122807015
0 0.45766871165644174 0.5008771929824561 0.0049079754601227 0.07192982456140351
0 0.5670245398773006 0.42719298245614035 0.003987730061349694 0.06842105263157895
0 0.5426380368098159 0.44912280701754387 0.004294478527607362 0.06666666666666667
0 0.5938650306748466 0.37719298245614036 0.0036809815950920245 0.05964912280701754
0 0.4690184049079755 0.3763157894736842 0.0036809815950920245 0.054385964912280704
0 0.5282208588957055 0.393859649122807 0.0036809815950920245 0.06140350877192982