0 0.2771472392638037 0.35175438596491226 0.003987730061349694 0.06491228070175438
0 0.43895705521472395 0.6789473684210526 0.005521472392638037 0.08771929824561403
0 0.4101226993865031 0.4570175438596491 0.004294478527607362 0.06842105263157895
0 0.4366564417177914 0.24298245614035088 0.0027607361963190185 0.04736842105263158
0 0.5248466257668711 0.17280701754385966 0.00245398773006135 0.04035087719298246
0 0.4653374233128834 0.2885964912280702 0.003067484662576687 0.04035087719298246
0 0.47745398773006137 0.4728070175438597 0.005214723926380368 0.07543859649122807
0 0.5858895705521472 0.5245614035087719 0.005521472392638037 0.08771929824561403
0 0.5911042944785276 0.45789473684210524 0.004294478527607362 0.06315789473684211
0 0.5688650306748466 0.3570175438596491 0.0027607361963190185 0.04736842105263158
0 0.4687116564417178 0.39473684210526316 0.003067484662576687 0.042105263157894736
0 0.5325153374233129 0.2929824561403509 0.004294478527607362 0.05964912280701754
0 0.7361963190184049 0.3482456140350877 0.0036809815950920245 0.05789473684210526
0 0.6199386503067484 0.443859649122807 0.004294478527607362 0.06666666666666667
0 0.5921779141104294 0.5236842105263158 0.004601226993865031 0.07192982456140351
0 0.6041411042944785 0.34649122807017546 0.003374233128834356 0.054385964912280704
0 0.5783742331288344 0.24649122807017543 0.0027607361963190185 0.04736842105263158
0 0.5381901840490797 0.6026315789473684 0.005214723926380368 0.0824561403508772
0 0.5510736196319018 0.42543859649122806 0.003987730061349694 0.06491228070175438
0 0.49570552147239266 0.40614035087719297 0.0036809815950920245 0.04736842105263158
0 0.566717791411043 0.3649122807017544 0.003374233128834356 0.05263157894736842
0 0.5159509202453988 0.2964912280701754 0.003067484662576687 0.04912280701754386
0 0.47070552147239264 0.45789473684210524 0.003987730061349694 0.06666666666666667