0 0.2062883435582822 0.37543859649122807 0.003374233128834356 0.05964912280701754
0 0.20920245398773007 0.5201754385964912 0.0049079754601227 0.06140350877192982
0 0.3388036809815951 0.4956140350877193 0.005214723926380368 0.06842105263157895
0 0.25306748466257667 0.4412280701754386 0.004294478527607362 0.06491228070175438
0 0.327760736196319 0.3254385964912281 0.003374233128834356 0.05087719298245614
0 0.39861963190184047 0.39210526315789473 0.003987730061349694 0.06491228070175438
0 0.4199386503067485 0.5640350877192982 0.0049079754601227 0.06842105263157895
0 0.43098159509202455 0.6140350877192983 0.0049079754601227 0.07719298245614035
0 0.5125766871165645 0.5236842105263158 0.0049079754601227 0.07543859649122807
0 0.4901840490797546 0.39035087719298245 0.0036809815950920245 0.06140350877192982
0 0.45383435582822085 0.24561403508771928 0.0027607361963190185 0.0456140350877193
0 0.39616564417177913 0.44649122807017544 0.004601226993865031 0.07543859649122807
0 0.682361963190184 0.3385964912280702 0.003374233128834356 0.056140350877192984
0 0.5590490797546013 0.5561403508771929 0.005214723926380368 0.07719298245614035
0 0.4549079754601227 0.7026315789473684 0.006134969325153374 0.08947368421052632
0 0.5530674846625767 0.3482456140350877 0.0036809815950920245 0.05789473684210526
0 0.4976993865030675 0.24649122807017543 0.0027607361963190185 0.043859649122807015
0 0.3141104294478528 0.6894736842105263 0.006134969325153374 0.0912280701754386
0 0.46794478527607364 0.5385964912280702 0.004601226993865031 0.08771929824561403
0 0.34754601226993864 0.5342105263157895 0.004294478527607362 0.06842105263157895
0 0.4317484662576687 0.4052631578947368 0.003987730061349694 0.06315789473684211
0 0.3521472392638037 0.29035087719298247 0.004294478527607362 0.054385964912280704
0 0.19769938650306748 0.5271929824561403 0.004601226993865031 0.06842105263157895