0 0.2837423312883436 0.34385964912280703 0.004294478527607362 0.056140350877192984
0 0.4855828220858896 0.46578947368421053 0.004294478527607362 0.06491228070175438
0 0.48619631901840493 0.362280701754386 0.003067484662576687 0.05789473684210526
0 0.49325153374233127 0.2929824561403509 0.003067484662576687 0.05263157894736842
0 0.5006134969325153 0.20964912280701756 0.003067484662576687 0.03333333333333333
0 0.5777607361963191 0.3236842105263158 0.003374233128834356 0.054385964912280704
0 0.5322085889570553 0.2807017543859649 0.003067484662576687 0.04912280701754386
0 0.575920245398773 0.512280701754386 0.004601226993865031 0.06666666666666667
0 0.6915644171779141 0.3350877192982456 0.003374233128834356 0.0456140350877193
0 0.6108895705521472 0.2482456140350877 0.0027607361963190185 0.04736842105263158
0 0.5506134969325154 0.21140350877192982 0.00245398773006135 0.04035087719298246
0 0.522239263803681 0.4 0.003987730061349694 0.07017543859649122
0 0.7 0.2982456140350877 0.003067484662576687 0.05263157894736842
0 0.7079754601226994 0.4675438596491228 0.0049079754601227 0.07543859649122807
0 0.6145705521472392 0.6631578947368421 0.005828220858895706 0.08771929824561403
0 0.6358895705521472 0.19649122807017544 0.00245398773006135 0.042105263157894736
0 0.5233128834355828 0.16578947368421051 0.003067484662576687 0.03333333333333333
0 0.49233128834355827 0.5412280701754386 0.0049079754601227 0.07543859649122807
0 0.5773006134969325 0.4342105263157895 0.004294478527607362 0.06140350877192982
0 0.5127300613496932 0.2578947368421053 0.0027607361963190185 0.0456140350877193
0 0.5884969325153374 0.306140350877193 0.004601226993865031 0.06491228070175438
0 0.5007668711656442 0.1912280701754386 0.003374233128834356 0.03859649122807018
0 0.48420245398773004 0.3192982456140351 0.003374233128834356 0.05964912280701754