0 0.2838957055214724 0.35175438596491226 0.0027607361963190185 0.06140350877192982
0 0.4469325153374233 0.6877192982456141 0.006134969325153374 0.08771929824561403
0 0.4199386503067485 0.45526315789473687 0.004294478527607362 0.06842105263157895
0 0.4464723926380368 0.24473684210526317 0.0027607361963190185 0.04736842105263158
0 0.5269938650306748 0.1763157894736842 0.0036809815950920245 0.04035087719298246
0 0.46717791411042947 0.2982456140350877 0.003067484662576687 0.05263157894736842
0 0.49493865030674844 0.4807017543859649 0.004601226993865031 0.07368421052631578
0 0.595398773006135 0.5043859649122807 0.004294478527607362 0.06842105263157895
0 0.597239263803681 0.47017543859649125 0.004294478527607362 0.07017543859649122
0 0.5743865030674846 0.3280701754385965 0.003374233128834356 0.056140350877192984
0 0.47975460122699387 0.3736842105263158 0.003067484662576687 0.056140350877192984
0 0.5357361963190184 0.2929824561403509 0.003987730061349694 0.056140350877192984
0 0.7323619631901841 0.3429824561403509 0.003374233128834356 0.05789473684210526
0 0.6220858895705521 0.44035087719298244 0.004294478527607362 0.06666666666666667
0 0.602760736196319 0.5105263157894737 0.0049079754601227 0.07368421052631578
0 0.6056748466257669 0.3385964912280702 0.003374233128834356 0.056140350877192984
0 0.5799079754601227 0.24649122807017543 0.0027607361963190185 0.04736842105263158
0 0.5386503067484663 0.6043859649122807 0.005521472392638037 0.0824561403508772
0 0.5616564417177914 0.4456140350877193 0.004294478527607362 0.06666666666666667
0 0.49785276073619633 0.37894736842105264 0.0036809815950920245 0.056140350877192984
0 0.5762269938650306 0.34210526315789475 0.005214723926380368 0.05964912280701754
0 0.5102760736196319 0.29473684210526313 0.004601226993865031 0.05263157894736842
0 0.47822085889570554 0.45964912280701753 0.0036809815950920245 0.06315789473684211