0 0.2848159509202454 0.32280701754385965 0.005214723926380368 0.05964912280701754
0 0.4668711656441718 0.45789473684210524 0.004294478527607362 0.06315789473684211
0 0.4656441717791411 0.3543859649122807 0.0036809815950920245 0.056140350877192984
0 0.4771472392638037 0.25701754385964914 0.0027607361963190185 0.04736842105263158
0 0.4751533742331288 0.1850877192982456 0.00245398773006135 0.04035087719298246
0 0.5159509202453988 0.3 0.003067484662576687 0.05263157894736842
0 0.5230061349693251 0.21929824561403508 0.00245398773006135 0.031578947368421054
0 0.5791411042944785 0.43508771929824563 0.004294478527607362 0.06315789473684211
0 0.5914110429447853 0.27280701754385966 0.003067484662576687 0.05087719298245614
0 0.6173312883435583 0.25263157894736843 0.0027607361963190185 0.04912280701754386
0 0.5809815950920245 0.18947368421052632 0.00245398773006135 0.028070175438596492
0 0.5262269938650307 0.3368421052631579 0.003374233128834356 0.056140350877192984
0 0.7395705521472392 0.30350877192982456 0.003067484662576687 0.05263157894736842
0 0.6730061349693252 0.4017543859649123 0.004294478527607362 0.07017543859649122
0 0.6426380368098159 0.5175438596491229 0.0049079754601227 0.07368421052631578
0 0.6504601226993865 0.22631578947368422 0.0027607361963190185 0.0456140350877193
0 0.5983128834355829 0.18157894736842106 0.002147239263803681 0.04035087719298246
0 0.4849693251533742 0.4710526315789474 0.004294478527607362 0.06842105263157895
0 0.5725460122699386 0.34210526315789475 0.003374233128834356 0.056140350877192984
0 0.5050613496932516 0.22982456140350876 0.0027607361963190185 0.03859649122807018
0 0.6073619631901841 0.27982456140350875 0.003067484662576687 0.05087719298245614
0 0.48374233128834354 0.1780701754385965 0.003067484662576687 0.04035087719298246
0 0.4634969325153374 0.35789473684210527 0.0036809815950920245 0.056140350877192984