0 0.24171779141104294 0.3763157894736842 0.0036809815950920245 0.054385964912280704
0 0.301840490797546 0.6964912280701754 0.004294478527607362 0.07719298245614035
0 0.36687116564417177 0.5131578947368421 0.0049079754601227 0.06140350877192982
0 0.405521472392638 0.38859649122807016 0.0036809815950920245 0.05087719298245614
0 0.4414110429447853 0.2824561403508772 0.003067484662576687 0.042105263157894736
0 0.5248466257668711 0.5543859649122806 0.0049079754601227 0.07368421052631578
0 0.4578220858895706 0.41403508771929826 0.0027607361963190185 0.056140350877192984
0 0.49325153374233127 0.6447368421052632 0.004294478527607362 0.08947368421052632
0 0.6294478527607362 0.5561403508771929 0.0049079754601227 0.07719298245614035
0 0.5467791411042945 0.34649122807017546 0.003374233128834356 0.05789473684210526
0 0.5361963190184049 0.27017543859649124 0.003067484662576687 0.04912280701754386
0 0.4503067484662577 0.47368421052631576 0.0036809815950920245 0.07368421052631578
0 0.7322085889570552 0.3587719298245614 0.0036809815950920245 0.05789473684210526
0 0.6466257668711657 0.6043859649122807 0.005521472392638037 0.0824561403508772
0 0.5496932515337424 0.7017543859649122 0.006134969325153374 0.07719298245614035
0 0.5975460122699386 0.2982456140350877 0.003067484662576687 0.05263157894736842
0 0.5205521472392638 0.19210526315789472 0.00245398773006135 0.03684210526315789
0 0.29432515337423315 0.7157894736842105 0.005828220858895706 0.09824561403508772
0 0.5541411042944785 0.49736842105263157 0.004601226993865031 0.07192982456140351
0 0.4661042944785276 0.3263157894736842 0.003374233128834356 0.04912280701754386
0 0.46273006134969324 0.4324561403508772 0.003987730061349694 0.05087719298245614
0 0.4414110429447853 0.20877192982456141 0.003067484662576687 0.042105263157894736
0 0.3934049079754601 0.5035087719298246 0.005214723926380368 0.07017543859649122