0 0.3504601226993865 0.3131578947368421 0.002147239263803681 0.05087719298245614
0 0.6182515337423313 0.493859649122807 0.004601226993865031 0.07192982456140351
0 0.5483128834355828 0.3385964912280702 0.003374233128834356 0.056140350877192984
0 0.5182515337423312 0.25 0.0027607361963190185 0.04736842105263158
0 0.6095092024539878 0.16140350877192983 0.003067484662576687 0.04912280701754386
0 0.5792944785276074 0.20877192982456141 0.003374233128834356 0.03508771929824561
0 0.5921779141104294 0.23333333333333334 0.0027607361963190185 0.03859649122807018
0 0.696319018404908 0.39473684210526316 0.004294478527607362 0.05964912280701754
0 0.6720858895705522 0.34385964912280703 0.0049079754601227 0.06666666666666667
0 0.6515337423312884 0.25087719298245614 0.003067484662576687 0.0456140350877193
0 0.576840490797546 0.1692982456140351 0.0027607361963190185 0.03684210526315789
0 0.6139570552147239 0.22894736842105262 0.003374233128834356 0.043859649122807015
0 0.7599693251533742 0.3298245614035088 0.003374233128834356 0.056140350877192984
0 0.6728527607361963 0.3131578947368421 0.003374233128834356 0.05087719298245614
0 0.7003067484662576 0.3850877192982456 0.004294478527607362 0.06491228070175438
0 0.6407975460122699 0.22894736842105262 0.003067484662576687 0.05087719298245614
0 0.6280674846625767 0.19298245614035087 0.003374233128834356 0.03859649122807018
0 0.6541411042944786 0.41754385964912283 0.003987730061349694 0.06315789473684211
0 0.6547546012269939 0.31842105263157894 0.003374233128834356 0.054385964912280704
0 0.5739263803680982 0.21403508771929824 0.003067484662576687 0.042105263157894736
0 0.6059815950920245 0.23421052631578948 0.003374233128834356 0.04736842105263158
0 0.5825153374233129 0.1850877192982456 0.0036809815950920245 0.043859649122807015
0 0.5340490797546013 0.2964912280701754 0.004294478527607362 0.05263157894736842