0 0.325 0.3236842105263158 0.003374233128834356 0.05789473684210526
0 0.5587423312883436 0.5789473684210527 0.005214723926380368 0.07719298245614035
0 0.5122699386503068 0.3649122807017544 0.0036809815950920245 0.05964912280701754
0 0.5078220858895706 0.24649122807017543 0.0027607361963190185 0.04736842105263158
0 0.6484662576687117 0.18596491228070175 0.003067484662576687 0.03859649122807018
0 0.5458588957055215 0.22456140350877193 0.0027607361963190185 0.0456140350877193
0 0.5674846625766872 0.30526315789473685 0.003067484662576687 0.042105263157894736
0 0.7153374233128834 0.43333333333333335 0.004294478527607362 0.06315789473684211
0 0.6337423312883436 0.23859649122807017 0.003067484662576687 0.03508771929824561
0 0.6730061349693252 0.31842105263157894 0.003067484662576687 0.04736842105263158
0 0.604601226993865 0.19298245614035087 0.003067484662576687 0.042105263157894736
0 0.6023006134969325 0.23421052631578948 0.003987730061349694 0.05087719298245614
0 0.773159509202454 0.3298245614035088 0.004601226993865031 0.05263157894736842
0 0.6938650306748466 0.3175438596491228 0.004294478527607362 0.056140350877192984
0 0.7134969325153374 0.3956140350877193 0.0049079754601227 0.06491228070175438
0 0.6607361963190184 0.23508771929824562 0.0036809815950920245 0.05263157894736842
0 0.645398773006135 0.21052631578947367 0.0036809815950920245 0.03859649122807018
0 0.6556748466257669 0.49912280701754386 0.004601226993865031 0.07192982456140351
0 0.654601226993865 0.3087719298245614 0.003067484662576687 0.03508771929824561
0 0.5756134969325153 0.2596491228070175 0.0027607361963190185 0.04912280701754386
0 0.6328220858895706 0.25877192982456143 0.0036809815950920245 0.05087719298245614
0 0.6128834355828221 0.20614035087719298 0.003067484662576687 0.054385964912280704
0 0.537883435582822 0.3526315789473684 0.003987730061349694 0.056140350877192984