0 0.30690184049079755 0.3236842105263158 0.003374233128834356 0.054385964912280704
0 0.568558282208589 0.5614035087719298 0.005214723926380368 0.07719298245614035
0 0.4812883435582822 0.35526315789473684 0.0036809815950920245 0.05789473684210526
0 0.4822085889570552 0.28771929824561404 0.00245398773006135 0.042105263157894736
0 0.5177914110429448 0.19473684210526315 0.00245398773006135 0.042105263157894736
0 0.5495398773006135 0.3368421052631579 0.003374233128834356 0.04912280701754386
0 0.598159509202454 0.2719298245614035 0.003067484662576687 0.0456140350877193
0 0.48803680981595093 0.4605263157894737 0.004294478527607362 0.054385964912280704
0 0.6970858895705522 0.34385964912280703 0.003374233128834356 0.042105263157894736
0 0.6131901840490798 0.35175438596491226 0.0036809815950920245 0.05789473684210526
0 0.6398773006134969 0.23596491228070177 0.0036809815950920245 0.043859649122807015
0 0.5641104294478527 0.4298245614035088 0.004294478527607362 0.07017543859649122
0 0.724079754601227 0.3157894736842105 0.003987730061349694 0.05263157894736842
0 0.7377300613496932 0.4570175438596491 0.004294478527607362 0.06842105263157895
0 0.6530674846625767 0.6175438596491228 0.005521472392638037 0.08421052631578947
0 0.6613496932515337 0.2219298245614035 0.003067484662576687 0.043859649122807015
0 0.6308282208588957 0.24561403508771928 0.003374233128834356 0.04912280701754386
0 0.5493865030674847 0.637719298245614 0.005521472392638037 0.08596491228070176
0 0.5955521472392638 0.39035087719298245 0.003987730061349694 0.06140350877192982
0 0.5371165644171779 0.2833333333333333 0.003067484662576687 0.05087719298245614
0 0.6273006134969326 0.2885964912280702 0.003067484662576687 0.043859649122807015
0 0.5260736196319018 0.1868421052631579 0.003067484662576687 0.04035087719298246
0 0.4799079754601227 0.3201754385964912 0.003374233128834356 0.06491228070175438