0 0.3010736196319018 0.3684210526315789 0.003374233128834356 0.06315789473684211
0 0.5384969325153375 0.6587719298245615 0.005828220858895706 0.0824561403508772
0 0.49079754601226994 0.525438596491228 0.0049079754601227 0.07543859649122807
0 0.49739263803680983 0.39210526315789473 0.003987730061349694 0.06140350877192982
0 0.49892638036809817 0.2482456140350877 0.0027607361963190185 0.043859649122807015
0 0.573159509202454 0.4824561403508772 0.004601226993865031 0.06315789473684211
0 0.6041411042944785 0.4052631578947368 0.003987730061349694 0.05964912280701754
0 0.7225460122699386 0.5631578947368421 0.005214723926380368 0.06666666666666667
0 0.6542944785276074 0.45614035087719296 0.004294478527607362 0.056140350877192984
0 0.6986196319018405 0.4850877192982456 0.004601226993865031 0.06842105263157895
0 0.6131901840490798 0.2868421052631579 0.003067484662576687 0.05087719298245614
0 0.5765337423312883 0.4043859649122807 0.003374233128834356 0.05789473684210526
0 0.7720858895705521 0.34649122807017546 0.0036809815950920245 0.05789473684210526
0 0.7745398773006135 0.5771929824561404 0.006134969325153374 0.08421052631578947
0 0.7403374233128834 0.6605263157894737 0.005828220858895706 0.08596491228070176
0 0.7050613496932515 0.36578947368421055 0.004601226993865031 0.06140350877192982
0 0.63420245398773 0.23333333333333334 0.0027607361963190185 0.0456140350877193
0 0.5628834355828221 0.7 0.006134969325153374 0.0912280701754386
0 0.6638036809815951 0.4868421052631579 0.0049079754601227 0.07543859649122807
0 0.5523006134969325 0.4052631578947368 0.003987730061349694 0.06315789473684211
0 0.6691717791411043 0.4166666666666667 0.003987730061349694 0.06491228070175438
0 0.5220858895705521 0.21228070175438596 0.00245398773006135 0.05263157894736842
0 0.498159509202454 0.543859649122807 0.0049079754601227 0.07719298245614035