0 0.2437116564417178 0.36403508771929827 0.003374233128834356 0.05087719298245614
0 0.41840490797546015 0.7166666666666667 0.006134969325153374 0.0824561403508772
0 0.39585889570552146 0.5798245614035088 0.004601226993865031 0.07543859649122807
0 0.41319018404907976 0.393859649122807 0.0036809815950920245 0.06140350877192982
0 0.4236196319018405 0.29473684210526313 0.003067484662576687 0.05263157894736842
0 0.44171779141104295 0.631578947368421 0.005521472392638037 0.06666666666666667
0 0.4553680981595092 0.42543859649122806 0.003987730061349694 0.04035087719298246
0 0.49355828220858894 0.6543859649122807 0.004294478527607362 0.07719298245614035
0 0.5803680981595092 0.3798245614035088 0.003067484662576687 0.04736842105263158
0 0.5035276073619632 0.40964912280701754 0.003987730061349694 0.05789473684210526
0 0.5446319018404908 0.23333333333333334 0.0027607361963190185 0.0456140350877193
0 0.4705521472392638 0.4666666666666667 0.005521472392638037 0.07017543859649122
0 0.7196319018404908 0.34385964912280703 0.003067484662576687 0.05263157894736842
0 0.599079754601227 0.5307017543859649 0.0049079754601227 0.07543859649122807
0 0.5124233128834356 0.7447368421052631 0.006441717791411043 0.09649122807017543
0 0.5794478527607362 0.33157894736842103 0.0049079754601227 0.05964912280701754
0 0.5596625766871166 0.256140350877193 0.0027607361963190185 0.04912280701754386
0 0.42438650306748466 0.7166666666666667 0.006441717791411043 0.08596491228070176
0 0.49171779141104294 0.6403508771929824 0.0049079754601227 0.08070175438596491
0 0.4475460122699387 0.3894736842105263 0.003067484662576687 0.042105263157894736
0 0.5237730061349694 0.4114035087719298 0.003987730061349694 0.054385964912280704
0 0.4414110429447853 0.20350877192982456 0.0036809815950920245 0.04912280701754386
0 0.4026073619631902 0.5815789473684211 0.004601226993865031 0.06842105263157895