0 0.2607361963190184 0.35175438596491226 0.0036809815950920245 0.06842105263157895
0 0.36717791411042944 0.6298245614035087 0.005521472392638037 0.08421052631578947
0 0.38542944785276073 0.4842105263157895 0.004601226993865031 0.07017543859649122
0 0.4292944785276074 0.36666666666666664 0.003374233128834356 0.056140350877192984
0 0.42576687116564416 0.2868421052631579 0.003067484662576687 0.05087719298245614
0 0.42714723926380366 0.49736842105263157 0.004601226993865031 0.07192982456140351
0 0.47684049079754603 0.4280701754385965 0.004601226993865031 0.07017543859649122
0 0.4411042944785276 0.6596491228070176 0.0049079754601227 0.09473684210526316
0 0.4588957055214724 0.6324561403508772 0.005521472392638037 0.0824561403508772
0 0.5105828220858896 0.3956140350877193 0.003987730061349694 0.06140350877192982
0 0.506441717791411 0.2956140350877193 0.003067484662576687 0.04736842105263158
0 0.4719325153374233 0.45789473684210524 0.003374233128834356 0.05964912280701754
0 0.7177914110429447 0.3684210526315789 0.0036809815950920245 0.05964912280701754
0 0.5943251533742331 0.5745614035087719 0.005214723926380368 0.07894736842105263
0 0.49662576687116566 0.7201754385964912 0.006134969325153374 0.09298245614035087
0 0.6065950920245399 0.38859649122807016 0.003987730061349694 0.06140350877192982
0 0.5386503067484663 0.27631578947368424 0.003067484662576687 0.054385964912280704
0 0.3924846625766871 0.6929824561403509 0.005828220858895706 0.0912280701754386
0 0.4550613496932515 0.5271929824561403 0.004601226993865031 0.08596491228070176
0 0.46457055214723925 0.34210526315789475 0.003374233128834356 0.05263157894736842
0 0.5105828220858896 0.4868421052631579 0.004601226993865031 0.06842105263157895
0 0.4406441717791411 0.2614035087719298 0.0027607361963190185 0.04912280701754386
0 0.37469325153374233 0.519298245614035 0.006441717791411043 0.0912280701754386