0 0.26134969325153373 0.32894736842105265 0.0049079754601227 0.06140350877192982
0 0.45199386503067485 0.7614035087719299 0.006441717791411043 0.0912280701754386
0 0.3806748466257669 0.506140350877193 0.004294478527607362 0.06842105263157895
0 0.4101226993865031 0.2964912280701754 0.003067484662576687 0.05263157894736842
0 0.46840490797546014 0.1850877192982456 0.00245398773006135 0.04035087719298246
0 0.4446319018404908 0.35526315789473684 0.0027607361963190185 0.043859649122807015
0 0.48849693251533743 0.25877192982456143 0.0027607361963190185 0.043859649122807015
0 0.602760736196319 0.5447368421052632 0.005521472392638037 0.07543859649122807
0 0.5891104294478527 0.4324561403508772 0.003374233128834356 0.054385964912280704
0 0.5654907975460123 0.3175438596491228 0.003374233128834356 0.042105263157894736
0 0.5437116564417178 0.19035087719298247 0.002147239263803681 0.04035087719298246
0 0.5134969325153375 0.27631578947368424 0.003067484662576687 0.05087719298245614
0 0.729601226993865 0.34035087719298246 0.003374233128834356 0.056140350877192984
0 0.5900306748466257 0.4052631578947368 0.003987730061349694 0.06315789473684211
0 0.6061349693251534 0.512280701754386 0.004294478527607362 0.07017543859649122
0 0.5792944785276074 0.32894736842105265 0.003374233128834356 0.054385964912280704
0 0.5670245398773006 0.24385964912280703 0.0027607361963190185 0.0456140350877193
0 0.503680981595092 0.5561403508771929 0.0049079754601227 0.07719298245614035
0 0.5335889570552147 0.39210526315789473 0.003987730061349694 0.06140350877192982
0 0.4776073619631902 0.3105263157894737 0.003067484662576687 0.05263157894736842
0 0.5266871165644171 0.3078947368421053 0.003067484662576687 0.054385964912280704
0 0.49800613496932516 0.2236842105263158 0.0027607361963190185 0.04736842105263158
0 0.4401840490797546 0.38859649122807016 0.0036809815950920245 0.06140350877192982