0 0.3084355828220859 0.3236842105263158 0.003374233128834356 0.054385964912280704
0 0.6113496932515338 0.5824561403508772 0.0049079754601227 0.07719298245614035
0 0.48190184049079754 0.36666666666666664 0.0036809815950920245 0.05964912280701754
0 0.4831288343558282 0.3017543859649123 0.003067484662576687 0.05263157894736842
0 0.5271472392638037 0.18859649122807018 0.0027607361963190185 0.043859649122807015
0 0.5524539877300614 0.35175438596491226 0.0036809815950920245 0.05789473684210526
0 0.5886503067484663 0.26842105263157895 0.003067484662576687 0.042105263157894736
0 0.4855828220858896 0.4710526315789474 0.004294478527607362 0.06842105263157895
0 0.6760736196319018 0.3736842105263158 0.0036809815950920245 0.05263157894736842
0 0.6383435582822086 0.356140350877193 0.0036809815950920245 0.0456140350877193
0 0.6446319018404908 0.24210526315789474 0.0027607361963190185 0.0456140350877193
0 0.575920245398773 0.4324561403508772 0.003987730061349694 0.06842105263157895
0 0.7226993865030675 0.31491228070175437 0.0036809815950920245 0.04736842105263158
0 0.7340490797546012 0.43859649122807015 0.004294478527607362 0.06666666666666667
0 0.6542944785276074 0.6043859649122807 0.005521472392638037 0.0824561403508772
0 0.6688650306748466 0.23771929824561402 0.0027607361963190185 0.043859649122807015
0 0.652760736196319 0.26228070175438595 0.003067484662576687 0.043859649122807015
0 0.6004601226993865 0.6473684210526316 0.005828220858895706 0.07017543859649122
0 0.6067484662576688 0.3868421052631579 0.0036809815950920245 0.06140350877192982
0 0.549079754601227 0.2964912280701754 0.003067484662576687 0.05263157894736842
0 0.6078220858895705 0.27280701754385966 0.003374233128834356 0.043859649122807015
0 0.5467791411042945 0.1736842105263158 0.003374233128834356 0.03859649122807018
0 0.47822085889570554 0.3263157894736842 0.003067484662576687 0.05964912280701754