0 0.19248466257668712 0.42105263157894735 0.003987730061349694 0.05964912280701754
0 0.22484662576687117 0.775438596491228 0.006748466257668712 0.09824561403508772
0 0.17469325153374232 0.6508771929824562 0.005828220858895706 0.08771929824561403
0 0.3174846625766871 0.4368421052631579 0.004294478527607362 0.06666666666666667
0 0.3562883435582822 0.3385964912280702 0.003374233128834356 0.056140350877192984
0 0.3460122699386503 0.6631578947368421 0.004294478527607362 0.09473684210526316
0 0.3763803680981595 0.5184210526315789 0.0049079754601227 0.07192982456140351
0 0.48803680981595093 0.6447368421052632 0.005521472392638037 0.09298245614035087
0 0.5495398773006135 0.6798245614035088 0.005828220858895706 0.08947368421052632
0 0.49279141104294477 0.40350877192982454 0.003987730061349694 0.06315789473684211
0 0.49187116564417177 0.31666666666666665 0.003374233128834356 0.054385964912280704
0 0.4233128834355828 0.4885964912280702 0.004294478527607362 0.07543859649122807
0 0.6950920245398773 0.3736842105263158 0.0036809815950920245 0.05964912280701754
0 0.5335889570552147 0.5912280701754385 0.005214723926380368 0.08070175438596491
0 0.49739263803680983 0.6754385964912281 0.006441717791411043 0.08771929824561403
0 0.5355828220858896 0.4324561403508772 0.004294478527607362 0.06491228070175438
0 0.5032208588957056 0.312280701754386 0.003374233128834356 0.0456140350877193
0 0.33067484662576685 0.7166666666666667 0.006134969325153374 0.09298245614035087
0 0.36119631901840493 0.6464912280701754 0.004601226993865031 0.08596491228070176
0 0.34386503067484664 0.46228070175438596 0.004294478527607362 0.06491228070175438
0 0.39662576687116563 0.5271929824561403 0.0049079754601227 0.07192982456140351
0 0.36411042944785277 0.33771929824561403 0.003067484662576687 0.04736842105263158
0 0.23680981595092024 0.6035087719298246 0.006748466257668712 0.08070175438596491