0 0.2556748466257669 0.36403508771929827 0.003374233128834356 0.04736842105263158
0 0.4437116564417178 0.7298245614035088 0.006441717791411043 0.09473684210526316
0 0.42914110429447855 0.4842105263157895 0.0036809815950920245 0.07017543859649122
0 0.4432515337423313 0.3482456140350877 0.0036809815950920245 0.05789473684210526
0 0.46273006134969324 0.24912280701754386 0.0027607361963190185 0.042105263157894736
0 0.48773006134969327 0.47368421052631576 0.004294478527607362 0.06666666666666667
0 0.48987730061349694 0.3394736842105263 0.003067484662576687 0.05087719298245614
0 0.5475460122699386 0.7201754385964912 0.006134969325153374 0.09298245614035087
0 0.598159509202454 0.47719298245614034 0.004294478527607362 0.056140350877192984
0 0.5403374233128835 0.34649122807017546 0.003374233128834356 0.054385964912280704
0 0.5176380368098159 0.2394736842105263 0.0027607361963190185 0.03333333333333333
0 0.47837423312883437 0.46403508771929824 0.003987730061349694 0.06491228070175438
0 0.7377300613496932 0.3605263157894737 0.0036809815950920245 0.05789473684210526
0 0.6480061349693251 0.4885964912280702 0.004601226993865031 0.07192982456140351
0 0.574079754601227 0.7473684210526316 0.006441717791411043 0.09473684210526316
0 0.6039877300613496 0.2868421052631579 0.003067484662576687 0.05087719298245614
0 0.5095092024539877 0.17105263157894737 0.003067484662576687 0.043859649122807015
0 0.44539877300613495 0.7578947368421053 0.006134969325153374 0.0912280701754386
0 0.5430981595092025 0.43508771929824563 0.003987730061349694 0.06666666666666667
0 0.4852760736196319 0.2850877192982456 0.003067484662576687 0.043859649122807015
0 0.46932515337423314 0.35175438596491226 0.0036809815950920245 0.05789473684210526
0 0.4611963190184049 0.193859649122807 0.0027607361963190185 0.03684210526315789
0 0.4335889570552147 0.44035087719298244 0.004601226993865031 0.06315789473684211