0 0.25107361963190183 0.3587719298245614 0.0027607361963190185 0.06842105263157895
0 0.375 0.5552631578947368 0.003987730061349694 0.06491228070175438
0 0.3937116564417178 0.46403508771929824 0.003987730061349694 0.07192982456140351
0 0.3871165644171779 0.3912280701754386 0.003067484662576687 0.06315789473684211
0 0.40797546012269936 0.29035087719298247 0.004294478527607362 0.054385964912280704
0 0.4628834355828221 0.38421052631578945 0.0036809815950920245 0.05964912280701754
0 0.4315950920245399 0.5 0.0036809815950920245 0.07017543859649122
0 0.4279141104294479 0.6157894736842106 0.004294478527607362 0.08070175438596491
0 0.48420245398773004 0.4956140350877193 0.004601226993865031 0.07192982456140351
0 0.5245398773006135 0.3701754385964912 0.0036809815950920245 0.05964912280701754
0 0.4476993865030675 0.2324561403508772 0.0027607361963190185 0.043859649122807015
0 0.4088957055214724 0.5631578947368421 0.004294478527607362 0.0912280701754386
0 0.7187116564417177 0.35 0.0036809815950920245 0.05789473684210526
0 0.5256134969325154 0.5263157894736842 0.005214723926380368 0.08421052631578947
0 0.42070552147239265 0.7649122807017544 0.006441717791411043 0.09824561403508772
0 0.6078220858895705 0.30964912280701756 0.003374233128834356 0.054385964912280704
0 0.4737730061349693 0.17982456140350878 0.002147239263803681 0.02982456140350877
0 0.3553680981595092 0.7263157894736842 0.006441717791411043 0.09473684210526316
0 0.453680981595092 0.5763157894736842 0.0049079754601227 0.07894736842105263
0 0.4098159509202454 0.4649122807017544 0.004294478527607362 0.05263157894736842
0 0.49003067484662577 0.4 0.003987730061349694 0.06315789473684211
0 0.4242331288343558 0.2649122807017544 0.003067484662576687 0.05263157894736842
0 0.3895705521472393 0.41228070175438597 0.004294478527607362 0.06315789473684211