0 0.30966257668711655 0.312280701754386 0.003374233128834356 0.04912280701754386
0 0.5058282208588957 0.5298245614035088 0.004294478527607362 0.07719298245614035
0 0.46549079754601225 0.3394736842105263 0.003374233128834356 0.05087719298245614
0 0.4593558282208589 0.29210526315789476 0.003374233128834356 0.04736842105263158
0 0.4840490797546012 0.21140350877192982 0.00245398773006135 0.02982456140350877
0 0.5190184049079755 0.29736842105263156 0.0036809815950920245 0.054385964912280704
0 0.5852760736196319 0.2771929824561403 0.003067484662576687 0.0456140350877193
0 0.5211656441717791 0.44912280701754387 0.004294478527607362 0.06315789473684211
0 0.6776073619631902 0.29736842105263156 0.0036809815950920245 0.05087719298245614
0 0.5842024539877301 0.3508771929824561 0.003374233128834356 0.042105263157894736
0 0.6243865030674847 0.22807017543859648 0.0027607361963190185 0.0456140350877193
0 0.5450920245398773 0.41403508771929826 0.0036809815950920245 0.05964912280701754
0 0.7228527607361963 0.31491228070175437 0.003374233128834356 0.04736842105263158
0 0.6955521472392638 0.42105263157894735 0.003987730061349694 0.05964912280701754
0 0.6392638036809816 0.5491228070175439 0.0049079754601227 0.07719298245614035
0 0.6369631901840491 0.22456140350877193 0.0027607361963190185 0.0456140350877193
0 0.6021472392638036 0.23157894736842105 0.0036809815950920245 0.042105263157894736
0 0.5185582822085889 0.5771929824561404 0.005214723926380368 0.08070175438596491
0 0.5717791411042945 0.3763157894736842 0.0049079754601227 0.06491228070175438
0 0.5110429447852761 0.2719298245614035 0.003067484662576687 0.03508771929824561
0 0.6141104294478528 0.2885964912280702 0.004294478527607362 0.05789473684210526
0 0.4947852760736196 0.21842105263157896 0.003067484662576687 0.043859649122807015
0 0.4682515337423313 0.3280701754385965 0.003374233128834356 0.05263157894736842