0 0.24677914110429447 0.38333333333333336 0.003374233128834356 0.05087719298245614
0 0.38880368098159507 0.5491228070175439 0.0015337423312883436 0.02456140350877193
0 0.38098159509202456 0.6833333333333333 0.006134969325153374 0.08947368421052632
0 0.39662576687116563 0.43508771929824563 0.004294478527607362 0.056140350877192984
0 0.42346625766871165 0.3087719298245614 0.003374233128834356 0.0456140350877193
0 0.48282208588957054 0.631578947368421 0.005521472392638037 0.08421052631578947
0 0.44263803680981595 0.5508771929824562 0.0049079754601227 0.06315789473684211
0 0.4596625766871166 0.7298245614035088 0.006441717791411043 0.08070175438596491
0 0.6684049079754601 0.6201754385964913 0.005521472392638037 0.06842105263157895
0 0.5544478527607362 0.42719298245614035 0.003987730061349694 0.06140350877192982
0 0.5142638036809816 0.2631578947368421 0.0027607361963190185 0.03508771929824561
0 0.4638036809815951 0.46228070175438596 0.004294478527607362 0.06842105263157895
0 0.7260736196319019 0.3631578947368421 0.0036809815950920245 0.05964912280701754
0 0.6450920245398774 0.5491228070175439 0.004294478527607362 0.07719298245614035
0 0.38404907975460123 0.6517543859649123 0.006134969325153374 0.08947368421052632
0 0.618558282208589 0.3263157894736842 0.003374233128834356 0.056140350877192984
0 0.5523006134969325 0.22631578947368422 0.0027607361963190185 0.0456140350877193
0 0.4349693251533742 0.5456140350877193 0.0049079754601227 0.07719298245614035
0 0.5581288343558283 0.5675438596491228 0.005214723926380368 0.06842105263157895
0 0.4601226993865031 0.35526315789473684 0.0036809815950920245 0.054385964912280704
0 0.5361963190184049 0.47017543859649125 0.004294478527607362 0.07017543859649122
0 0.45015337423312884 0.21754385964912282 0.0027607361963190185 0.0456140350877193
0 0.4751533742331288 0.737719298245614 0.0049079754601227 0.08596491228070176