0 0.25858895705521473 0.3219298245614035 0.004294478527607362 0.06491228070175438
0 0.46671779141104297 0.7043859649122807 0.005828220858895706 0.09298245614035087
0 0.4007668711656442 0.4201754385964912 0.003987730061349694 0.06491228070175438
0 0.41886503067484665 0.2394736842105263 0.0027607361963190185 0.04736842105263158
0 0.4592024539877301 0.20175438596491227 0.00245398773006135 0.03859649122807018
0 0.45613496932515335 0.3254385964912281 0.00245398773006135 0.05087719298245614
0 0.47300613496932514 0.2754385964912281 0.003067484662576687 0.0456140350877193
0 0.5636503067484663 0.48947368421052634 0.004601226993865031 0.06666666666666667
0 0.5467791411042945 0.3263157894736842 0.003374233128834356 0.04912280701754386
0 0.5383435582822086 0.27280701754385966 0.003067484662576687 0.04035087719298246
0 0.49217791411042944 0.17017543859649123 0.0027607361963190185 0.0456140350877193
0 0.5216257668711657 0.24649122807017543 0.0027607361963190185 0.03333333333333333
0 0.7299079754601226 0.3236842105263158 0.003374233128834356 0.054385964912280704
0 0.601840490797546 0.3482456140350877 0.0036809815950920245 0.05789473684210526
0 0.6130368098159509 0.47368421052631576 0.004601226993865031 0.07017543859649122
0 0.5895705521472393 0.2833333333333333 0.003067484662576687 0.05087719298245614
0 0.5728527607361963 0.23421052631578948 0.0027607361963190185 0.04736842105263158
0 0.5357361963190184 0.493859649122807 0.004601226993865031 0.07192982456140351
0 0.5526073619631902 0.34210526315789475 0.003374233128834356 0.056140350877192984
0 0.49708588957055216 0.3078947368421053 0.003374233128834356 0.054385964912280704
0 0.5315950920245399 0.2736842105263158 0.0036809815950920245 0.05964912280701754
0 0.5193251533742331 0.1956140350877193 0.0036809815950920245 0.043859649122807015
0 0.4476993865030675 0.3236842105263158 0.003374233128834356 0.054385964912280704