0 0.19095092024539878 0.42105263157894735 0.003374233128834356 0.04912280701754386
0 0.20797546012269938 0.7868421052631579 0.006748466257668712 0.1
0 0.15690184049079756 0.6412280701754386 0.005828220858895706 0.08596491228070176
0 0.3210122699386503 0.4043859649122807 0.003374233128834356 0.06140350877192982
0 0.35966257668711654 0.31842105263157894 0.003374233128834356 0.054385964912280704
0 0.38726993865030673 0.6429824561403509 0.005828220858895706 0.08947368421052632
0 0.39217791411042946 0.47982456140350876 0.004601226993865031 0.05789473684210526
0 0.49555214723926383 0.6701754385964912 0.004601226993865031 0.07719298245614035
0 0.5662576687116564 0.6394736842105263 0.005521472392638037 0.08596491228070176
0 0.5015337423312883 0.3815789473684211 0.0036809815950920245 0.06140350877192982
0 0.498159509202454 0.3017543859649123 0.003067484662576687 0.05263157894736842
0 0.4223926380368098 0.4675438596491228 0.004294478527607362 0.07543859649122807
0 0.696319018404908 0.3736842105263158 0.0036809815950920245 0.05964912280701754
0 0.5455521472392638 0.5771929824561404 0.005214723926380368 0.08070175438596491
0 0.499079754601227 0.6868421052631579 0.005521472392638037 0.08947368421052632
0 0.5480061349693252 0.40350877192982454 0.003987730061349694 0.06315789473684211
0 0.5107361963190185 0.2885964912280702 0.0036809815950920245 0.05087719298245614
0 0.3039877300613497 0.7166666666666667 0.006134969325153374 0.08947368421052632
0 0.39079754601226996 0.637719298245614 0.005521472392638037 0.08596491228070176
0 0.3539877300613497 0.4412280701754386 0.004294478527607362 0.06140350877192982
0 0.4148773006134969 0.49122807017543857 0.004601226993865031 0.07368421052631578
0 0.36533742331288344 0.312280701754386 0.003067484662576687 0.05263157894736842
0 0.25 0.5868421052631579 0.005521472392638037 0.07192982456140351