0 0.19125766871165645 0.4219298245614035 0.003987730061349694 0.06140350877192982
0 0.22177914110429447 0.7824561403508772 0.006748466257668712 0.09824561403508772
0 0.17070552147239265 0.6456140350877193 0.005828220858895706 0.07368421052631578
0 0.3174846625766871 0.43508771929824563 0.004294478527607362 0.06666666666666667
0 0.3562883435582822 0.3385964912280702 0.003374233128834356 0.056140350877192984
0 0.3539877300613497 0.6614035087719298 0.004294478527607362 0.0912280701754386
0 0.377760736196319 0.5131578947368421 0.004601226993865031 0.06842105263157895
0 0.49233128834355827 0.6508771929824562 0.006134969325153374 0.09824561403508772
0 0.5519938650306748 0.6719298245614035 0.005828220858895706 0.08771929824561403
0 0.4934049079754601 0.4017543859649123 0.003987730061349694 0.06315789473684211
0 0.49217791411042944 0.31666666666666665 0.003374233128834356 0.054385964912280704
0 0.4233128834355828 0.48771929824561405 0.004294478527607362 0.07719298245614035
0 0.6947852760736196 0.3701754385964912 0.0036809815950920245 0.05964912280701754
0 0.536042944785276 0.5877192982456141 0.005214723926380368 0.08070175438596491
0 0.5021472392638037 0.6815789473684211 0.0049079754601227 0.09649122807017543
0 0.5375766871165644 0.42719298245614035 0.003987730061349694 0.06491228070175438
0 0.5032208588957056 0.3087719298245614 0.003374233128834356 0.0456140350877193
0 0.32791411042944785 0.7166666666666667 0.006134969325153374 0.09298245614035087
0 0.36671779141104294 0.6517543859649123 0.004601226993865031 0.0824561403508772
0 0.344478527607362 0.4614035087719298 0.004294478527607362 0.06666666666666667
0 0.3987730061349693 0.5245614035087719 0.0049079754601227 0.07368421052631578
0 0.36411042944785277 0.3333333333333333 0.003067484662576687 0.04912280701754386
0 0.23588957055214724 0.6008771929824561 0.006748466257668712 0.07894736842105263