0 0.24662576687116564 0.36140350877192984 0.0036809815950920245 0.06315789473684211
0 0.3539877300613497 0.6342105263157894 0.005521472392638037 0.07894736842105263
0 0.4007668711656442 0.5052631578947369 0.003987730061349694 0.07017543859649122
0 0.39493865030674846 0.4421052631578947 0.003987730061349694 0.06666666666666667
0 0.4115030674846626 0.31491228070175437 0.003374233128834356 0.043859649122807015
0 0.4329754601226994 0.41403508771929826 0.003987730061349694 0.04912280701754386
0 0.4265337423312883 0.5929824561403508 0.005214723926380368 0.07017543859649122
0 0.4170245398773006 0.6780701754385965 0.005828220858895706 0.08947368421052632
0 0.5214723926380368 0.5482456140350878 0.0049079754601227 0.07543859649122807
0 0.5029141104294479 0.38859649122807016 0.003987730061349694 0.06140350877192982
0 0.4434049079754601 0.2517543859649123 0.0027607361963190185 0.04736842105263158
0 0.40996932515337425 0.5 0.003987730061349694 0.07368421052631578
0 0.7102760736196319 0.3473684210526316 0.003374233128834356 0.05263157894736842
0 0.5751533742331288 0.606140350877193 0.005521472392638037 0.0824561403508772
0 0.37469325153374233 0.775438596491228 0.008282208588957056 0.10877192982456141
0 0.5680981595092025 0.35 0.0036809815950920245 0.05789473684210526
0 0.5047546012269939 0.23684210526315788 0.0027607361963190185 0.042105263157894736
0 0.39355828220858896 0.7140350877192982 0.006134969325153374 0.08771929824561403
0 0.46365030674846625 0.5833333333333334 0.005214723926380368 0.07894736842105263
0 0.4053680981595092 0.5561403508771929 0.004601226993865031 0.07368421052631578
0 0.4789877300613497 0.4043859649122807 0.003987730061349694 0.05087719298245614
0 0.42530674846625766 0.25877192982456143 0.003374233128834356 0.05087719298245614
0 0.371319018404908 0.525438596491228 0.004601226993865031 0.08596491228070176