0 0.30168711656441716 0.306140350877193 0.0027607361963190185 0.054385964912280704
0 0.5208588957055215 0.6210526315789474 0.005521472392638037 0.08070175438596491
0 0.47116564417177914 0.38859649122807016 0.0036809815950920245 0.05087719298245614
0 0.4820552147239264 0.22280701754385965 0.0027607361963190185 0.0456140350877193
0 0.5429447852760736 0.16842105263157894 0.004294478527607362 0.042105263157894736
0 0.5085889570552147 0.21754385964912282 0.00245398773006135 0.0456140350877193
0 0.5245398773006135 0.35789473684210527 0.0036809815950920245 0.056140350877192984
0 0.6647239263803681 0.4964912280701754 0.0049079754601227 0.07017543859649122
0 0.6361963190184049 0.30087719298245613 0.003067484662576687 0.04736842105263158
0 0.6 0.29210526315789476 0.0049079754601227 0.054385964912280704
0 0.5489263803680982 0.21228070175438596 0.0027607361963190185 0.042105263157894736
0 0.5572085889570552 0.24385964912280703 0.003374233128834356 0.05263157894736842
0 0.7492331288343558 0.31666666666666665 0.003374233128834356 0.054385964912280704
0 0.6470858895705521 0.33771929824561403 0.003374233128834356 0.054385964912280704
0 0.6607361963190184 0.44473684210526315 0.0049079754601227 0.07543859649122807
0 0.6427914110429448 0.2771929824561403 0.003374233128834356 0.04912280701754386
0 0.5634969325153374 0.17982456140350878 0.003067484662576687 0.04035087719298246
0 0.5918711656441717 0.49912280701754386 0.004601226993865031 0.07192982456140351
0 0.5989263803680982 0.3280701754385965 0.003374233128834356 0.056140350877192984
0 0.5659509202453987 0.2719298245614035 0.003067484662576687 0.0456140350877193
0 0.5831288343558282 0.23684210526315788 0.0036809815950920245 0.056140350877192984
0 0.5651840490797546 0.19473684210526315 0.003374233128834356 0.042105263157894736
0 0.5111963190184049 0.3824561403508772 0.003987730061349694 0.07017543859649122