0 0.3138036809815951 0.2982456140350877 0.00245398773006135 0.056140350877192984
0 0.49647239263803683 0.41842105263157897 0.003374233128834356 0.05087719298245614
0 0.4588957055214724 0.2885964912280702 0.003067484662576687 0.05087719298245614
0 0.4587423312883436 0.1736842105263158 0.0027607361963190185 0.042105263157894736
0 0.5170245398773006 0.15526315789473685 0.0027607361963190185 0.04035087719298246
0 0.5380368098159509 0.2833333333333333 0.003067484662576687 0.05087719298245614
0 0.504601226993865 0.1649122807017544 0.0036809815950920245 0.03859649122807018
0 0.6042944785276073 0.37456140350877193 0.0036809815950920245 0.05789473684210526
0 0.573159509202454 0.24912280701754386 0.0027607361963190185 0.0456140350877193
0 0.5050613496932516 0.2517543859649123 0.0027607361963190185 0.04736842105263158
0 0.555521472392638 0.16228070175438597 0.003067484662576687 0.03684210526315789
0 0.537883435582822 0.24385964912280703 0.003374233128834356 0.05263157894736842
0 0.7280674846625766 0.3078947368421053 0.003374233128834356 0.054385964912280704
0 0.5986196319018405 0.2596491228070175 0.0027607361963190185 0.04912280701754386
0 0.622239263803681 0.3298245614035088 0.003374233128834356 0.056140350877192984
0 0.5958588957055214 0.22631578947368422 0.003374233128834356 0.04912280701754386
0 0.5659509202453987 0.17017543859649123 0.0036809815950920245 0.03508771929824561
0 0.5331288343558283 0.36666666666666664 0.0036809815950920245 0.05964912280701754
0 0.5565950920245398 0.2675438596491228 0.003374233128834356 0.04736842105263158
0 0.5075153374233129 0.1780701754385965 0.003374233128834356 0.04035087719298246
0 0.5690184049079755 0.2131578947368421 0.0036809815950920245 0.04736842105263158
0 0.5239263803680981 0.16403508771929826 0.003067484662576687 0.03684210526315789
0 0.48021472392638037 0.20701754385964913 0.0027607361963190185 0.04912280701754386