0 0.3067484662576687 0.31666666666666665 0.003067484662576687 0.04736842105263158
0 0.6145705521472392 0.6578947368421053 0.005828220858895706 0.08070175438596491
0 0.46809815950920247 0.3780701754385965 0.0036809815950920245 0.05087719298245614
0 0.47346625766871164 0.22631578947368422 0.0027607361963190185 0.0456140350877193
0 0.5260736196319018 0.18070175438596492 0.003067484662576687 0.042105263157894736
0 0.5165644171779141 0.3701754385964912 0.0036809815950920245 0.05964912280701754
0 0.5636503067484663 0.23684210526315788 0.0027607361963190185 0.03859649122807018
0 0.5674846625766872 0.45263157894736844 0.004294478527607362 0.06315789473684211
0 0.618558282208589 0.3254385964912281 0.003987730061349694 0.05087719298245614
0 0.5136503067484662 0.3447368421052632 0.003374233128834356 0.05789473684210526
0 0.591717791411043 0.19298245614035087 0.00245398773006135 0.03508771929824561
0 0.5392638036809816 0.24912280701754386 0.003067484662576687 0.04912280701754386
0 0.7627300613496932 0.3447368421052632 0.003374233128834356 0.05789473684210526
0 0.6368098159509202 0.36666666666666664 0.0036809815950920245 0.05964912280701754
0 0.5914110429447853 0.44912280701754387 0.004294478527607362 0.056140350877192984
0 0.616717791411043 0.29385964912280704 0.004601226993865031 0.054385964912280704
0 0.6016871165644172 0.22543859649122808 0.003987730061349694 0.03684210526315789
0 0.6029141104294479 0.5307017543859649 0.005214723926380368 0.07894736842105263
0 0.5352760736196319 0.3508771929824561 0.0036809815950920245 0.04912280701754386
0 0.5331288343558283 0.26228070175438595 0.0036809815950920245 0.05087719298245614
0 0.5746932515337423 0.30350877192982456 0.0027607361963190185 0.0456140350877193
0 0.5453987730061349 0.18421052631578946 0.003067484662576687 0.03859649122807018
0 0.49187116564417177 0.27982456140350875 0.003374233128834356 0.043859649122807015