0 0.3570552147239264 0.3192982456140351 0.0036809815950920245 0.056140350877192984
0 0.6315950920245399 0.4675438596491228 0.004294478527607362 0.06842105263157895
0 0.5437116564417178 0.3447368421052632 0.003374233128834356 0.05789473684210526
0 0.5280674846625767 0.2614035087719298 0.0027607361963190185 0.04912280701754386
0 0.6708588957055215 0.21228070175438596 0.00245398773006135 0.031578947368421054
0 0.7081288343558282 0.27017543859649124 0.003987730061349694 0.03508771929824561
0 0.5946319018404908 0.2543859649122807 0.0027607361963190185 0.0456140350877193
0 0.7314417177914111 0.37719298245614036 0.0027607361963190185 0.05964912280701754
0 0.7153374233128834 0.31666666666666665 0.004294478527607362 0.05789473684210526
0 0.6478527607361964 0.2912280701754386 0.003067484662576687 0.05263157894736842
0 0.587116564417178 0.18596491228070175 0.00245398773006135 0.03508771929824561
0 0.6484662576687117 0.2412280701754386 0.003067484662576687 0.05087719298245614
0 0.7538343558282209 0.29210526315789476 0.0027607361963190185 0.054385964912280704
0 0.7299079754601226 0.2771929824561403 0.003987730061349694 0.056140350877192984
0 0.74079754601227 0.3456140350877193 0.004294478527607362 0.056140350877192984
0 0.698159509202454 0.25263157894736843 0.003067484662576687 0.0456140350877193
0 0.6911042944785276 0.23421052631578948 0.00245398773006135 0.03684210526315789
0 0.6966257668711656 0.44473684210526315 0.004294478527607362 0.06491228070175438
0 0.6687116564417178 0.3017543859649123 0.003067484662576687 0.05263157894736842
0 0.6559815950920246 0.2631578947368421 0.003987730061349694 0.0456140350877193
0 0.6358895705521472 0.2307017543859649 0.0036809815950920245 0.04736842105263158
0 0.6079754601226994 0.1868421052631579 0.003067484662576687 0.03684210526315789
0 0.5302147239263804 0.2912280701754386 0.003374233128834356 0.056140350877192984