0 0.2593558282208589 0.33596491228070174 0.003374233128834356 0.05789473684210526
0 0.4059815950920245 0.49736842105263157 0.004601226993865031 0.05789473684210526
0 0.43006134969325155 0.3570175438596491 0.0036809815950920245 0.05789473684210526
0 0.425920245398773 0.2824561403508772 0.003374233128834356 0.056140350877192984
0 0.4486196319018405 0.17982456140350878 0.002147239263803681 0.02631578947368421
0 0.4745398773006135 0.3824561403508772 0.0036809815950920245 0.04912280701754386
0 0.48021472392638037 0.24912280701754386 0.0027607361963190185 0.03508771929824561
0 0.48819018404907977 0.4763157894736842 0.004601226993865031 0.06491228070175438
0 0.5108895705521472 0.3263157894736842 0.003374233128834356 0.0456140350877193
0 0.5292944785276074 0.2482456140350877 0.0027607361963190185 0.04736842105263158
0 0.48680981595092027 0.20877192982456141 0.00245398773006135 0.03859649122807018
0 0.47162576687116564 0.4052631578947368 0.003374233128834356 0.06666666666666667
0 0.6970858895705522 0.3131578947368421 0.003374233128834356 0.054385964912280704
0 0.6032208588957055 0.4149122807017544 0.003987730061349694 0.06491228070175438
0 0.5136503067484662 0.7149122807017544 0.005828220858895706 0.09298245614035087
0 0.563036809815951 0.24385964912280703 0.0027607361963190185 0.0456140350877193
0 0.5111963190184049 0.16052631578947368 0.002147239263803681 0.04035087719298246
0 0.3923312883435583 0.6359649122807017 0.005521472392638037 0.08596491228070176
0 0.49371165644171777 0.4105263157894737 0.003987730061349694 0.06315789473684211
0 0.5016871165644172 0.23596491228070177 0.0027607361963190185 0.043859649122807015
0 0.5131901840490798 0.2982456140350877 0.003067484662576687 0.05263157894736842
0 0.4625766871165644 0.1675438596491228 0.003067484662576687 0.03684210526315789
0 0.43282208588957055 0.2912280701754386 0.003067484662576687 0.05263157894736842