0 0.2565950920245399 0.34649122807017546 0.0027607361963190185 0.054385964912280704
0 0.39171779141104296 0.537719298245614 0.0049079754601227 0.05789473684210526
0 0.4179447852760736 0.39210526315789473 0.003987730061349694 0.06140350877192982
0 0.4196319018404908 0.3280701754385965 0.0036809815950920245 0.05964912280701754
0 0.4345092024539877 0.2412280701754386 0.0027607361963190185 0.04736842105263158
0 0.45521472392638035 0.4307017543859649 0.004294478527607362 0.06491228070175438
0 0.4638036809815951 0.2912280701754386 0.0036809815950920245 0.04912280701754386
0 0.46855828220858897 0.5859649122807018 0.004601226993865031 0.08070175438596491
0 0.49049079754601227 0.4543859649122807 0.004294478527607362 0.056140350877192984
0 0.5157975460122699 0.3350877192982456 0.003374233128834356 0.05263157894736842
0 0.49892638036809817 0.24035087719298245 0.0027607361963190185 0.0456140350877193
0 0.46855828220858897 0.4666666666666667 0.003987730061349694 0.07017543859649122
0 0.7118098159509203 0.3333333333333333 0.003374233128834356 0.056140350877192984
0 0.5946319018404908 0.47719298245614034 0.004601226993865031 0.07017543859649122
0 0.48895705521472393 0.724561403508772 0.006134969325153374 0.09473684210526316
0 0.5895705521472393 0.2964912280701754 0.003067484662576687 0.05263157894736842
0 0.5245398773006135 0.18771929824561404 0.00245398773006135 0.03859649122807018
0 0.37760736196319017 0.712280701754386 0.006134969325153374 0.0912280701754386
0 0.4619631901840491 0.4412280701754386 0.0036809815950920245 0.07192982456140351
0 0.4838957055214724 0.2657894736842105 0.004601226993865031 0.043859649122807015
0 0.5288343558282208 0.43508771929824563 0.004294478527607362 0.06666666666666667
0 0.4475460122699387 0.17982456140350878 0.00245398773006135 0.04035087719298246
0 0.43190184049079755 0.3587719298245614 0.0036809815950920245 0.054385964912280704