0 0.3495398773006135 0.3298245614035088 0.0027607361963190185 0.05964912280701754
0 0.6050613496932515 0.5 0.004601226993865031 0.06666666666666667
0 0.5432515337423313 0.35175438596491226 0.0036809815950920245 0.05789473684210526
0 0.5280674846625767 0.2614035087719298 0.0027607361963190185 0.04912280701754386
0 0.7078220858895705 0.18771929824561404 0.003987730061349694 0.03508771929824561
0 0.5863496932515337 0.2412280701754386 0.0027607361963190185 0.04736842105263158
0 0.6276073619631902 0.3140350877192982 0.003067484662576687 0.04912280701754386
0 0.7475460122699387 0.3587719298245614 0.0036809815950920245 0.06491228070175438
0 0.6855828220858896 0.30087719298245613 0.003067484662576687 0.05087719298245614
0 0.7312883435582822 0.27631578947368424 0.0036809815950920245 0.04736842105263158
0 0.6461656441717791 0.17894736842105263 0.002147239263803681 0.021052631578947368
0 0.6685582822085889 0.2324561403508772 0.003987730061349694 0.05087719298245614
0 0.7734662576687117 0.3254385964912281 0.004601226993865031 0.054385964912280704
0 0.7412576687116564 0.29473684210526313 0.004601226993865031 0.05263157894736842
0 0.7588957055214723 0.3684210526315789 0.004294478527607362 0.06315789473684211
0 0.7332822085889571 0.2596491228070175 0.002147239263803681 0.042105263157894736
0 0.7098159509202454 0.19824561403508772 0.003067484662576687 0.03859649122807018
0 0.7125766871165644 0.43859649122807015 0.004294478527607362 0.06666666666666667
0 0.7248466257668712 0.28596491228070176 0.0036809815950920245 0.056140350877192984
0 0.6219325153374233 0.2517543859649123 0.0027607361963190185 0.04736842105263158
0 0.699079754601227 0.2885964912280702 0.003067484662576687 0.05087719298245614
0 0.6748466257668712 0.19035087719298247 0.004294478527607362 0.043859649122807015
0 0.5486196319018405 0.35789473684210527 0.003374233128834356 0.05964912280701754