0 0.323159509202454 0.3263157894736842 0.003374233128834356 0.056140350877192984
0 0.7107361963190184 0.637719298245614 0.006748466257668712 0.09298245614035087
0 0.4874233128834356 0.3736842105263158 0.0036809815950920245 0.05964912280701754
0 0.4826687116564417 0.29210526315789476 0.0027607361963190185 0.043859649122807015
0 0.5458588957055215 0.1868421052631579 0.0027607361963190185 0.043859649122807015
0 0.5604294478527607 0.35175438596491226 0.0036809815950920245 0.05789473684210526
0 0.5983128834355829 0.26228070175438595 0.0027607361963190185 0.04736842105263158
0 0.5130368098159509 0.4780701754385965 0.004601226993865031 0.06842105263157895
0 0.6803680981595092 0.36666666666666664 0.0036809815950920245 0.06666666666666667
0 0.6848159509202454 0.356140350877193 0.004601226993865031 0.06666666666666667
0 0.6538343558282208 0.24210526315789474 0.0027607361963190185 0.042105263157894736
0 0.6134969325153374 0.4026315789473684 0.004294478527607362 0.06491228070175438
0 0.7159509202453987 0.2956140350877193 0.00245398773006135 0.043859649122807015
0 0.7179447852760736 0.39035087719298245 0.004601226993865031 0.06140350877192982
0 0.6817484662576687 0.5780701754385965 0.005214723926380368 0.07894736842105263
0 0.6815950920245398 0.26666666666666666 0.003067484662576687 0.04912280701754386
0 0.6918711656441717 0.28596491228070176 0.004601226993865031 0.05263157894736842
0 0.699079754601227 0.6421052631578947 0.0049079754601227 0.07719298245614035
0 0.6368098159509202 0.37543859649122807 0.0036809815950920245 0.05964912280701754
0 0.5825153374233129 0.2982456140350877 0.003067484662576687 0.04912280701754386
0 0.6070552147239264 0.24385964912280703 0.0036809815950920245 0.04912280701754386
0 0.5723926380368098 0.1587719298245614 0.003067484662576687 0.04736842105263158
0 0.47745398773006137 0.31842105263157894 0.0027607361963190185 0.054385964912280704