0 0.2607361963190184 0.3508771929824561 0.0036809815950920245 0.07017543859649122
0 0.36733128834355827 0.6263157894736842 0.005214723926380368 0.08421052631578947
0 0.38588957055214723 0.4807017543859649 0.004294478527607362 0.07017543859649122
0 0.43006134969325155 0.3649122807017544 0.0036809815950920245 0.056140350877192984
0 0.4260736196319018 0.2850877192982456 0.003067484662576687 0.04736842105263158
0 0.4274539877300613 0.4964912280701754 0.004601226993865031 0.07017543859649122
0 0.4771472392638037 0.42543859649122806 0.004601226993865031 0.07192982456140351
0 0.4414110429447853 0.6578947368421053 0.0049079754601227 0.09473684210526316
0 0.4592024539877301 0.631578947368421 0.005521472392638037 0.08421052631578947
0 0.5110429447852761 0.39210526315789473 0.0036809815950920245 0.06140350877192982
0 0.5067484662576687 0.2929824561403509 0.003067484662576687 0.0456140350877193
0 0.47208588957055214 0.4570175438596491 0.0036809815950920245 0.05789473684210526
0 0.7174846625766871 0.36666666666666664 0.0036809815950920245 0.05964912280701754
0 0.5958588957055214 0.5745614035087719 0.005214723926380368 0.07894736842105263
0 0.497239263803681 0.718421052631579 0.006134969325153374 0.09298245614035087
0 0.6067484662576688 0.3868421052631579 0.0036809815950920245 0.06140350877192982
0 0.5389570552147239 0.2754385964912281 0.003067484662576687 0.05263157894736842
0 0.39217791411042946 0.6929824561403509 0.005828220858895706 0.0912280701754386
0 0.4553680981595092 0.5271929824561403 0.004601226993865031 0.08596491228070176
0 0.4648773006134969 0.3394736842105263 0.003374233128834356 0.05087719298245614
0 0.5111963190184049 0.4850877192982456 0.004601226993865031 0.06491228070175438
0 0.4409509202453988 0.2596491228070175 0.0027607361963190185 0.04912280701754386
0 0.375920245398773 0.5140350877192983 0.004601226993865031 0.07719298245614035