0 0.2593558282208589 0.33245614035087717 0.003374233128834356 0.05789473684210526
0 0.40521472392638036 0.4605263157894737 0.004294478527607362 0.05789473684210526
0 0.4208588957055215 0.35 0.0036809815950920245 0.054385964912280704
0 0.4226993865030675 0.2736842105263158 0.0036809815950920245 0.05263157894736842
0 0.43803680981595094 0.1824561403508772 0.00245398773006135 0.042105263157894736
0 0.4513803680981595 0.3429824561403509 0.003374233128834356 0.04736842105263158
0 0.4710122699386503 0.2482456140350877 0.0027607361963190185 0.043859649122807015
0 0.47024539877300614 0.4675438596491228 0.004294478527607362 0.06491228070175438
0 0.5047546012269939 0.3350877192982456 0.003374233128834356 0.056140350877192984
0 0.5127300613496932 0.2412280701754386 0.0027607361963190185 0.04736842105263158
0 0.4883435582822086 0.193859649122807 0.00245398773006135 0.04035087719298246
0 0.47607361963190187 0.3736842105263158 0.0036809815950920245 0.06315789473684211
0 0.6941717791411043 0.30526315789473685 0.003067484662576687 0.05263157894736842
0 0.6001533742331289 0.4149122807017544 0.003987730061349694 0.06491228070175438
0 0.49493865030674844 0.6728070175438596 0.005828220858895706 0.08947368421052632
0 0.5513803680981595 0.23421052631578948 0.0027607361963190185 0.04736842105263158
0 0.5042944785276073 0.16052631578947368 0.00245398773006135 0.03333333333333333
0 0.3906441717791411 0.593859649122807 0.005214723926380368 0.07894736842105263
0 0.4549079754601227 0.39035087719298245 0.0036809815950920245 0.043859649122807015
0 0.4943251533742331 0.22456140350877193 0.0027607361963190185 0.042105263157894736
0 0.524079754601227 0.3175438596491228 0.003374233128834356 0.05263157894736842
0 0.46886503067484664 0.16140350877192983 0.003374233128834356 0.042105263157894736
0 0.4383435582822086 0.2885964912280702 0.003067484662576687 0.05087719298245614