0 0.36503067484662577 0.3219298245614035 0.00245398773006135 0.054385964912280704
0 0.6337423312883436 0.4605263157894737 0.004294478527607362 0.06842105263157895
0 0.5381901840490797 0.34210526315789475 0.003374233128834356 0.056140350877192984
0 0.5257668711656441 0.2631578947368421 0.003067484662576687 0.04912280701754386
0 0.6773006134969325 0.2236842105263158 0.00245398773006135 0.03684210526315789
0 0.7119631901840491 0.2692982456140351 0.0049079754601227 0.02280701754385965
0 0.5952453987730061 0.2596491228070175 0.0027607361963190185 0.04912280701754386
0 0.7334355828220859 0.3605263157894737 0.003067484662576687 0.06140350877192982
0 0.7161042944785276 0.306140350877193 0.004601226993865031 0.05789473684210526
0 0.6506134969325154 0.2929824561403509 0.003067484662576687 0.05263157894736842
0 0.5950920245398773 0.1956140350877193 0.0018404907975460123 0.043859649122807015
0 0.6717791411042945 0.24298245614035088 0.004294478527607362 0.04736842105263158
0 0.7461656441717791 0.2754385964912281 0.003374233128834356 0.07017543859649122
0 0.7360429447852761 0.2412280701754386 0.005214723926380368 0.05087719298245614
0 0.7544478527607362 0.35 0.004601226993865031 0.054385964912280704
0 0.7044478527607362 0.26052631578947366 0.003374233128834356 0.054385964912280704
0 0.6970858895705522 0.24210526315789474 0.003374233128834356 0.03859649122807018
0 0.7070552147239264 0.4587719298245614 0.004294478527607362 0.06842105263157895
0 0.6677914110429448 0.3017543859649123 0.003067484662576687 0.05263157894736842
0 0.6561349693251534 0.26842105263157895 0.004294478527607362 0.04912280701754386
0 0.6348159509202455 0.23157894736842105 0.0027607361963190185 0.0456140350877193
0 0.6102760736196319 0.18333333333333332 0.0027607361963190185 0.03333333333333333
0 0.5299079754601227 0.2912280701754386 0.003374233128834356 0.056140350877192984