0 0.26196319018404907 0.33596491228070174 0.0036809815950920245 0.06140350877192982
0 0.4087423312883436 0.49298245614035086 0.004601226993865031 0.07017543859649122
0 0.42438650306748466 0.356140350877193 0.003374233128834356 0.05263157894736842
0 0.42438650306748466 0.2956140350877193 0.003374233128834356 0.054385964912280704
0 0.4349693251533742 0.2043859649122807 0.00245398773006135 0.02982456140350877
0 0.44969325153374234 0.3736842105263158 0.0036809815950920245 0.05964912280701754
0 0.4647239263803681 0.2789473684210526 0.003067484662576687 0.0456140350877193
0 0.46671779141104297 0.5140350877192983 0.004601226993865031 0.07017543859649122
0 0.5079754601226993 0.3649122807017544 0.0036809815950920245 0.05964912280701754
0 0.5138036809815951 0.28157894736842104 0.003067484662576687 0.05087719298245614
0 0.49233128834355827 0.21666666666666667 0.00245398773006135 0.043859649122807015
0 0.47975460122699387 0.4070175438596491 0.0036809815950920245 0.06666666666666667
0 0.7023006134969325 0.31842105263157894 0.003374233128834356 0.054385964912280704
0 0.5969325153374233 0.443859649122807 0.004294478527607362 0.06666666666666667
0 0.48619631901840493 0.6991228070175438 0.006134969325153374 0.08947368421052632
0 0.5615030674846626 0.24649122807017543 0.0027607361963190185 0.04736842105263158
0 0.5065950920245399 0.16666666666666666 0.0027607361963190185 0.03508771929824561
0 0.38788343558282207 0.6482456140350877 0.005828220858895706 0.08596491228070176
0 0.4368098159509202 0.43333333333333335 0.004294478527607362 0.06666666666666667
0 0.49984662576687117 0.23596491228070177 0.0027607361963190185 0.04736842105263158
0 0.5269938650306748 0.3649122807017544 0.0036809815950920245 0.05964912280701754
0 0.4513803680981595 0.16403508771929826 0.002147239263803681 0.03684210526315789
0 0.4461656441717791 0.30526315789473685 0.003987730061349694 0.05964912280701754