0 0.28067484662576686 0.3929824561403509 0.005521472392638037 0.06315789473684211
0 0.6113496932515338 0.7280701754385965 0.005521472392638037 0.09473684210526316
0 0.49079754601226994 0.5973684210526315 0.005521472392638037 0.0824561403508772
0 0.49601226993865033 0.39035087719298245 0.0036809815950920245 0.06140350877192982
0 0.5164110429447852 0.23333333333333334 0.0027607361963190185 0.0456140350877193
0 0.5656441717791411 0.5780701754385965 0.004294478527607362 0.07894736842105263
0 0.573159509202454 0.42719298245614035 0.003987730061349694 0.06491228070175438
0 0.7406441717791411 0.5894736842105263 0.005214723926380368 0.07368421052631578
0 0.7657975460122699 0.7631578947368421 0.006441717791411043 0.09824561403508772
0 0.625 0.4026315789473684 0.003987730061349694 0.054385964912280704
0 0.6162576687116564 0.28157894736842104 0.003067484662576687 0.05087719298245614
0 0.603680981595092 0.3956140350877193 0.0036809815950920245 0.06140350877192982
0 0.7748466257668711 0.37456140350877193 0.0036809815950920245 0.05789473684210526
0 0.8062883435582822 0.5947368421052631 0.005214723926380368 0.08070175438596491
0 0.813036809815951 0.8061403508771929 0.008282208588957056 0.08947368421052632
0 0.7154907975460123 0.41403508771929826 0.003987730061349694 0.06315789473684211
0 0.6506134969325154 0.2885964912280702 0.003067484662576687 0.05087719298245614
0 0.6173312883435583 0.7280701754385965 0.006441717791411043 0.09473684210526316
0 0.6909509202453987 0.6043859649122807 0.005214723926380368 0.0824561403508772
0 0.5688650306748466 0.531578947368421 0.005828220858895706 0.08070175438596491
0 0.6638036809815951 0.4675438596491228 0.004294478527607362 0.06842105263157895
0 0.5746932515337423 0.26403508771929823 0.003374233128834356 0.043859649122807015
0 0.5078220858895706 0.6026315789473684 0.005214723926380368 0.0824561403508772