0 0.3079754601226994 0.29385964912280704 0.003067484662576687 0.054385964912280704
0 0.5015337423312883 0.47192982456140353 0.004294478527607362 0.05964912280701754
0 0.4507668711656442 0.30964912280701756 0.003374233128834356 0.054385964912280704
0 0.45153374233128835 0.17982456140350878 0.0036809815950920245 0.04736842105263158
0 0.5121165644171779 0.15964912280701754 0.002147239263803681 0.042105263157894736
0 0.5299079754601227 0.2956140350877193 0.003374233128834356 0.04736842105263158
0 0.5148773006134969 0.1868421052631579 0.0027607361963190185 0.03684210526315789
0 0.5946319018404908 0.4026315789473684 0.003987730061349694 0.054385964912280704
0 0.5716257668711656 0.26052631578947366 0.0027607361963190185 0.04035087719298246
0 0.49279141104294477 0.2631578947368421 0.0027607361963190185 0.0456140350877193
0 0.553680981595092 0.16666666666666666 0.00245398773006135 0.031578947368421054
0 0.533282208588957 0.23684210526315788 0.003374233128834356 0.056140350877192984
0 0.7338957055214724 0.31491228070175437 0.003374233128834356 0.054385964912280704
0 0.5966257668711656 0.27982456140350875 0.003067484662576687 0.04736842105263158
0 0.6081288343558282 0.35350877192982455 0.003374233128834356 0.054385964912280704
0 0.5881901840490797 0.2412280701754386 0.0027607361963190185 0.04736842105263158
0 0.5634969325153374 0.17894736842105263 0.003067484662576687 0.03508771929824561
0 0.5371165644171779 0.3850877192982456 0.0036809815950920245 0.06140350877192982
0 0.5283742331288344 0.2754385964912281 0.0027607361963190185 0.04912280701754386
0 0.5015337423312883 0.18596491228070175 0.003067484662576687 0.03859649122807018
0 0.5605828220858896 0.22456140350877193 0.0027607361963190185 0.042105263157894736
0 0.519478527607362 0.17192982456140352 0.003374233128834356 0.042105263157894736
0 0.47929447852760737 0.2131578947368421 0.0027607361963190185 0.05087719298245614