0 0.19493865030674848 0.3956140350877193 0.003374233128834356 0.054385964912280704
0 0.16088957055214723 0.5385964912280702 0.003987730061349694 0.06666666666666667
0 0.3197852760736196 0.5017543859649123 0.004601226993865031 0.06666666666666667
0 0.2656441717791411 0.3868421052631579 0.0036809815950920245 0.06140350877192982
0 0.3440184049079755 0.2868421052631579 0.003374233128834356 0.05087719298245614
0 0.38865030674846623 0.3736842105263158 0.0036809815950920245 0.05964912280701754
0 0.41978527607361965 0.5596491228070175 0.004601226993865031 0.07719298245614035
0 0.45858895705521474 0.612280701754386 0.005521472392638037 0.06666666666666667
0 0.5059815950920246 0.493859649122807 0.004601226993865031 0.07192982456140351
0 0.49309815950920244 0.38859649122807016 0.003987730061349694 0.06140350877192982
0 0.4691717791411043 0.24561403508771928 0.0027607361963190185 0.0456140350877193
0 0.4093558282208589 0.4307017543859649 0.004601226993865031 0.07894736842105263
0 0.6817484662576687 0.34210526315789475 0.003374233128834356 0.056140350877192984
0 0.5539877300613497 0.519298245614035 0.0049079754601227 0.07368421052631578
0 0.4817484662576687 0.6728070175438596 0.005828220858895706 0.08596491228070176
0 0.5453987730061349 0.3631578947368421 0.0036809815950920245 0.05964912280701754
0 0.49984662576687117 0.2578947368421053 0.0027607361963190185 0.04912280701754386
0 0.3219325153374233 0.6763157894736842 0.005828220858895706 0.08596491228070176
0 0.48957055214723927 0.5324561403508772 0.0049079754601227 0.07543859649122807
0 0.35322085889570554 0.5245614035087719 0.004601226993865031 0.06666666666666667
0 0.4358895705521472 0.3798245614035088 0.0036809815950920245 0.06140350877192982
0 0.3450920245398773 0.29473684210526313 0.003067484662576687 0.05263157894736842
0 0.15782208588957056 0.5491228070175439 0.006441717791411043 0.07017543859649122