0 0.3151840490797546 0.3263157894736842 0.003374233128834356 0.056140350877192984
0 0.6542944785276074 0.6105263157894737 0.0049079754601227 0.08070175438596491
0 0.4840490797546012 0.36666666666666664 0.0036809815950920245 0.05964912280701754
0 0.48374233128834354 0.2956140350877193 0.003067484662576687 0.04736842105263158
0 0.5363496932515337 0.19035087719298247 0.0027607361963190185 0.043859649122807015
0 0.558282208588957 0.3570175438596491 0.0036809815950920245 0.05789473684210526
0 0.5895705521472393 0.2657894736842105 0.003067484662576687 0.043859649122807015
0 0.4946319018404908 0.48596491228070177 0.004601226993865031 0.07017543859649122
0 0.6739263803680982 0.37105263157894736 0.003067484662576687 0.054385964912280704
0 0.6593558282208589 0.35350877192982455 0.003374233128834356 0.05789473684210526
0 0.6458588957055215 0.2412280701754386 0.0027607361963190185 0.043859649122807015
0 0.594478527607362 0.41842105263157897 0.004294478527607362 0.06491228070175438
0 0.7207055214723926 0.30350877192982456 0.003374233128834356 0.042105263157894736
0 0.7246932515337423 0.41403508771929826 0.003987730061349694 0.06315789473684211
0 0.6691717791411043 0.5991228070175438 0.005214723926380368 0.07543859649122807
0 0.6730061349693252 0.2535087719298246 0.0036809815950920245 0.04736842105263158
0 0.6739263803680982 0.2710526315789474 0.0036809815950920245 0.04736842105263158
0 0.6484662576687117 0.6491228070175439 0.006134969325153374 0.09824561403508772
0 0.6202453987730061 0.3798245614035088 0.0036809815950920245 0.06140350877192982
0 0.5677914110429448 0.3 0.003067484662576687 0.0456140350877193
0 0.6019938650306749 0.25526315789473686 0.003374233128834356 0.04736842105263158
0 0.55920245398773 0.16403508771929826 0.00245398773006135 0.043859649122807015
0 0.4771472392638037 0.3263157894736842 0.003374233128834356 0.05964912280701754