0 0.23113496932515337 0.38859649122807016 0.003987730061349694 0.054385964912280704
0 0.299079754601227 0.5350877192982456 0.0049079754601227 0.0456140350877193
0 0.3651840490797546 0.5078947368421053 0.005214723926380368 0.07192982456140351
0 0.3214723926380368 0.4456140350877193 0.0049079754601227 0.07017543859649122
0 0.36273006134969327 0.3298245614035088 0.005214723926380368 0.05964912280701754
0 0.4179447852760736 0.4087719298245614 0.003987730061349694 0.06315789473684211
0 0.4294478527607362 0.5622807017543859 0.0049079754601227 0.07543859649122807
0 0.42208588957055215 0.6298245614035087 0.0049079754601227 0.08070175438596491
0 0.5230061349693251 0.5350877192982456 0.0049079754601227 0.07368421052631578
0 0.49371165644171777 0.39035087719298245 0.003987730061349694 0.06140350877192982
0 0.4446319018404908 0.2412280701754386 0.0027607361963190185 0.043859649122807015
0 0.4004601226993865 0.4587719298245614 0.003374233128834356 0.06140350877192982
0 0.6934049079754602 0.3429824561403509 0.003374233128834356 0.05789473684210526
0 0.5661042944785276 0.5877192982456141 0.005214723926380368 0.08070175438596491
0 0.43512269938650305 0.7350877192982456 0.005214723926380368 0.10175438596491228
0 0.5636503067484663 0.34035087719298246 0.003374233128834356 0.056140350877192984
0 0.4995398773006135 0.23771929824561402 0.0027607361963190185 0.04736842105263158
0 0.36717791411042944 0.6938596491228071 0.006134969325153374 0.08596491228070176
0 0.46702453987730064 0.5640350877192982 0.005214723926380368 0.07894736842105263
0 0.3697852760736196 0.5543859649122806 0.004601226993865031 0.07368421052631578
0 0.4464723926380368 0.4201754385964912 0.003987730061349694 0.06491228070175438
0 0.39769938650306746 0.2692982456140351 0.003987730061349694 0.04736842105263158
0 0.29003067484662576 0.512280701754386 0.005828220858895706 0.07017543859649122