0 0.2401840490797546 0.3912280701754386 0.0036809815950920245 0.07368421052631578
0 0.27607361963190186 0.6359649122807017 0.005521472392638037 0.07543859649122807
0 0.29095092024539876 0.49912280701754386 0.004601226993865031 0.07894736842105263
0 0.3562883435582822 0.2596491228070175 0.0027607361963190185 0.04912280701754386
0 0.4457055214723926 0.19298245614035087 0.00245398773006135 0.042105263157894736
0 0.38220858895705523 0.3570175438596491 0.0036809815950920245 0.05789473684210526
0 0.4461656441717791 0.493859649122807 0.004601226993865031 0.06842105263157895
0 0.556441717791411 0.5640350877192982 0.0049079754601227 0.07543859649122807
0 0.523159509202454 0.4017543859649123 0.003987730061349694 0.06315789473684211
0 0.5102760736196319 0.3429824561403509 0.003374233128834356 0.05789473684210526
0 0.49969325153374233 0.22456140350877193 0.00245398773006135 0.0456140350877193
0 0.49401840490797544 0.2833333333333333 0.003987730061349694 0.06491228070175438
0 0.7161042944785276 0.35 0.003374233128834356 0.05789473684210526
0 0.5716257668711656 0.43859649122807015 0.003987730061349694 0.06666666666666667
0 0.5665644171779141 0.5640350877192982 0.0049079754601227 0.07894736842105263
0 0.5438650306748466 0.3482456140350877 0.0036809815950920245 0.05789473684210526
0 0.5343558282208589 0.27017543859649124 0.003067484662576687 0.04912280701754386
0 0.4174846625766871 0.6157894736842106 0.005521472392638037 0.08421052631578947
0 0.5119631901840491 0.46228070175438596 0.004294478527607362 0.06842105263157895
0 0.4226993865030675 0.46228070175438596 0.004294478527607362 0.06842105263157895
0 0.4829754601226994 0.3447368421052632 0.003374233128834356 0.05789473684210526
0 0.4035276073619632 0.2596491228070175 0.003374233128834356 0.05263157894736842
0 0.2986196319018405 0.512280701754386 0.005214723926380368 0.07719298245614035