0 0.2575153374233129 0.3447368421052632 0.0027607361963190185 0.054385964912280704
0 0.41503067484662576 0.47017543859649125 0.004294478527607362 0.07017543859649122
0 0.4297546012269939 0.3868421052631579 0.003067484662576687 0.05789473684210526
0 0.4378834355828221 0.3131578947368421 0.003374233128834356 0.054385964912280704
0 0.4381901840490798 0.23333333333333334 0.0027607361963190185 0.0456140350877193
0 0.47730061349693254 0.4263157894736842 0.004294478527607362 0.07368421052631578
0 0.4883435582822086 0.3043859649122807 0.003067484662576687 0.05087719298245614
0 0.4888036809815951 0.5175438596491229 0.005214723926380368 0.07719298245614035
0 0.5634969325153374 0.3798245614035088 0.0036809815950920245 0.05789473684210526
0 0.5674846625766872 0.28157894736842104 0.003067484662576687 0.04736842105263158
0 0.4995398773006135 0.22982456140350876 0.0027607361963190185 0.0456140350877193
0 0.4733128834355828 0.437719298245614 0.003067484662576687 0.07543859649122807
0 0.7105828220858895 0.3236842105263158 0.003374233128834356 0.054385964912280704
0 0.5911042944785276 0.3824561403508772 0.0036809815950920245 0.056140350877192984
0 0.5628834355828221 0.6947368421052632 0.006134969325153374 0.0912280701754386
0 0.5978527607361963 0.26666666666666666 0.003067484662576687 0.04912280701754386
0 0.5134969325153375 0.17105263157894737 0.00245398773006135 0.03684210526315789
0 0.40828220858895703 0.5271929824561403 0.0049079754601227 0.07543859649122807
0 0.48911042944785277 0.5 0.003987730061349694 0.07017543859649122
0 0.5021472392638037 0.2789473684210526 0.003067484662576687 0.0456140350877193
0 0.46549079754601225 0.362280701754386 0.003987730061349694 0.054385964912280704
0 0.4447852760736196 0.19035087719298247 0.00245398773006135 0.04035087719298246
0 0.4228527607361963 0.3394736842105263 0.003374233128834356 0.05087719298245614