0 0.2630368098159509 0.34035087719298246 0.003374233128834356 0.05964912280701754
0 0.4343558282208589 0.4605263157894737 0.004294478527607362 0.06140350877192982
0 0.45061349693251534 0.36929824561403507 0.003067484662576687 0.06140350877192982
0 0.4601226993865031 0.30350877192982456 0.003067484662576687 0.05263157894736842
0 0.45904907975460124 0.22017543859649122 0.0027607361963190185 0.043859649122807015
0 0.4883435582822086 0.39649122807017545 0.004294478527607362 0.07368421052631578
0 0.501840490797546 0.2833333333333333 0.003067484662576687 0.04736842105263158
0 0.5030674846625767 0.5017543859649123 0.004294478527607362 0.06666666666666667
0 0.5946319018404908 0.34385964912280703 0.003374233128834356 0.056140350877192984
0 0.576840490797546 0.27456140350877195 0.003374233128834356 0.05087719298245614
0 0.5174846625766871 0.21403508771929824 0.00245398773006135 0.042105263157894736
0 0.48420245398773004 0.42543859649122806 0.003374233128834356 0.0824561403508772
0 0.7133435582822086 0.31666666666666665 0.003374233128834356 0.054385964912280704
0 0.6030674846625766 0.3482456140350877 0.0036809815950920245 0.05789473684210526
0 0.5576687116564417 0.6833333333333333 0.006134969325153374 0.08947368421052632
0 0.6053680981595092 0.2517543859649123 0.0027607361963190185 0.04736842105263158
0 0.5177914110429448 0.1675438596491228 0.00245398773006135 0.03684210526315789
0 0.4208588957055215 0.5263157894736842 0.0049079754601227 0.07017543859649122
0 0.49846625766871167 0.4780701754385965 0.0036809815950920245 0.06842105263157895
0 0.49662576687116566 0.27017543859649124 0.003067484662576687 0.042105263157894736
0 0.47638036809815953 0.3412280701754386 0.004294478527607362 0.05789473684210526
0 0.4579754601226994 0.19210526315789472 0.003067484662576687 0.043859649122807015
0 0.4354294478527607 0.33421052631578946 0.003987730061349694 0.05789473684210526