0 0.27039877300613496 0.3473684210526316 0.003374233128834356 0.042105263157894736
0 0.4205521472392638 0.5350877192982456 0.0049079754601227 0.06315789473684211
0 0.4526073619631902 0.4298245614035088 0.003374233128834356 0.06315789473684211
0 0.4315950920245399 0.3385964912280702 0.0036809815950920245 0.056140350877192984
0 0.44171779141104295 0.28421052631578947 0.003067484662576687 0.042105263157894736
0 0.46855828220858897 0.4631578947368421 0.003987730061349694 0.06315789473684211
0 0.5375766871165644 0.36403508771929827 0.003374233128834356 0.05087719298245614
0 0.5430981595092025 0.45614035087719296 0.003987730061349694 0.05964912280701754
0 0.5958588957055214 0.31666666666666665 0.003374233128834356 0.05087719298245614
0 0.5191717791411042 0.3763157894736842 0.004601226993865031 0.06140350877192982
0 0.5857361963190184 0.22543859649122808 0.003374233128834356 0.04736842105263158
0 0.5260736196319018 0.4473684210526316 0.0049079754601227 0.06315789473684211
0 0.7303680981595092 0.33157894736842103 0.003067484662576687 0.04912280701754386
0 0.6085889570552148 0.4368421052631579 0.004294478527607362 0.06666666666666667
0 0.557361963190184 0.5543859649122806 0.0049079754601227 0.06315789473684211
0 0.5937116564417177 0.2929824561403509 0.003987730061349694 0.04912280701754386
0 0.573159509202454 0.24385964912280703 0.0027607361963190185 0.0456140350877193
0 0.4521472392638037 0.6114035087719298 0.005521472392638037 0.0824561403508772
0 0.49187116564417177 0.4710526315789474 0.005828220858895706 0.06491228070175438
0 0.4742331288343558 0.3350877192982456 0.0036809815950920245 0.04912280701754386
0 0.5495398773006135 0.3587719298245614 0.003374233128834356 0.04736842105263158
0 0.4503067484662577 0.22631578947368422 0.0036809815950920245 0.05263157894736842
0 0.46273006134969324 0.443859649122807 0.004601226993865031 0.06666666666666667