0 0.28773006134969326 0.3333333333333333 0.004294478527607362 0.05263157894736842
0 0.4852760736196319 0.4745614035087719 0.004294478527607362 0.05789473684210526
0 0.4785276073619632 0.3429824561403509 0.0036809815950920245 0.06140350877192982
0 0.48328220858895704 0.26666666666666666 0.0027607361963190185 0.04912280701754386
0 0.4897239263803681 0.19210526315789472 0.002147239263803681 0.04035087719298246
0 0.5380368098159509 0.31666666666666665 0.0036809815950920245 0.06491228070175438
0 0.5260736196319018 0.22719298245614036 0.00245398773006135 0.03684210526315789
0 0.5789877300613497 0.40087719298245617 0.003987730061349694 0.05789473684210526
0 0.6065950920245399 0.2833333333333333 0.003987730061349694 0.04736842105263158
0 0.6434049079754601 0.23771929824561402 0.0027607361963190185 0.04736842105263158
0 0.5969325153374233 0.19210526315789472 0.00245398773006135 0.03684210526315789
0 0.5374233128834356 0.33421052631578946 0.003067484662576687 0.05087719298245614
0 0.724079754601227 0.3078947368421053 0.003374233128834356 0.054385964912280704
0 0.730521472392638 0.4324561403508772 0.004601226993865031 0.06842105263157895
0 0.6466257668711657 0.5578947368421052 0.0049079754601227 0.07719298245614035
0 0.6802147239263804 0.20614035087719298 0.003374233128834356 0.04035087719298246
0 0.5904907975460123 0.17017543859649123 0.003067484662576687 0.03859649122807018
0 0.4947852760736196 0.5245614035087719 0.0049079754601227 0.07368421052631578
0 0.5952453987730061 0.3254385964912281 0.003374233128834356 0.054385964912280704
0 0.5015337423312883 0.28596491228070176 0.003067484662576687 0.0456140350877193
0 0.6049079754601226 0.23596491228070177 0.003067484662576687 0.04035087719298246
0 0.48236196319018404 0.1692982456140351 0.0027607361963190185 0.04035087719298246
0 0.4789877300613497 0.3368421052631579 0.003374233128834356 0.05964912280701754