0 0.2679447852760736 0.39035087719298245 0.005214723926380368 0.05789473684210526
0 0.6010736196319019 0.6894736842105263 0.004601226993865031 0.07368421052631578
0 0.46457055214723925 0.5692982456140351 0.005214723926380368 0.07894736842105263
0 0.48634969325153377 0.3605263157894737 0.003374233128834356 0.05789473684210526
0 0.5052147239263803 0.2149122807017544 0.00245398773006135 0.03684210526315789
0 0.5547546012269938 0.5657894736842105 0.003987730061349694 0.07543859649122807
0 0.561042944785276 0.4 0.0036809815950920245 0.056140350877192984
0 0.7165644171779141 0.5596491228070175 0.0049079754601227 0.07368421052631578
0 0.782361963190184 0.7912280701754386 0.00705521472392638 0.09824561403508772
0 0.6141104294478528 0.3798245614035088 0.0036809815950920245 0.06140350877192982
0 0.6113496932515338 0.26666666666666666 0.003067484662576687 0.04912280701754386
0 0.5921779141104294 0.3763157894736842 0.003374233128834356 0.054385964912280704
0 0.7708588957055215 0.3684210526315789 0.0036809815950920245 0.05964912280701754
0 0.7553680981595092 0.5710526315789474 0.005214723926380368 0.07894736842105263
0 0.7963190184049079 0.7973684210526316 0.006748466257668712 0.08596491228070176
0 0.7032208588957055 0.41403508771929826 0.003987730061349694 0.06315789473684211
0 0.6447852760736197 0.2956140350877193 0.003067484662576687 0.05087719298245614
0 0.6211656441717791 0.7280701754385965 0.006134969325153374 0.09473684210526316
0 0.6653374233128835 0.5991228070175438 0.005521472392638037 0.0824561403508772
0 0.5539877300613497 0.5342105263157895 0.0049079754601227 0.06842105263157895
0 0.645398773006135 0.4570175438596491 0.004294478527607362 0.06842105263157895
0 0.573159509202454 0.2675438596491228 0.003374233128834356 0.043859649122807015
0 0.4986196319018405 0.5824561403508772 0.005214723926380368 0.08070175438596491