0 0.250920245398773 0.362280701754386 0.0036809815950920245 0.054385964912280704
0 0.40843558282208586 0.6929824561403509 0.005828220858895706 0.08070175438596491
0 0.40475460122699386 0.5210526315789473 0.004601226993865031 0.05263157894736842
0 0.41687116564417176 0.37105263157894736 0.0036809815950920245 0.05789473684210526
0 0.42822085889570555 0.28771929824561404 0.003067484662576687 0.03859649122807018
0 0.45904907975460124 0.5912280701754385 0.004601226993865031 0.08070175438596491
0 0.48113496932515337 0.40350877192982454 0.003987730061349694 0.056140350877192984
0 0.5053680981595092 0.5710526315789474 0.005214723926380368 0.07192982456140351
0 0.5846625766871165 0.35 0.003067484662576687 0.04736842105263158
0 0.5070552147239263 0.40087719298245617 0.004294478527607362 0.06491228070175438
0 0.5593558282208589 0.22807017543859648 0.003374233128834356 0.04912280701754386
0 0.49371165644171777 0.45614035087719296 0.005214723926380368 0.06666666666666667
0 0.7263803680981595 0.3385964912280702 0.003067484662576687 0.05263157894736842
0 0.6019938650306749 0.4956140350877193 0.004601226993865031 0.07192982456140351
0 0.508282208588957 0.6894736842105263 0.006134969325153374 0.08421052631578947
0 0.5828220858895705 0.32280701754385965 0.004294478527607362 0.05263157894736842
0 0.5670245398773006 0.25526315789473686 0.0027607361963190185 0.04736842105263158
0 0.4187116564417178 0.7263157894736842 0.006134969325153374 0.08771929824561403
0 0.48941717791411044 0.5877192982456141 0.005214723926380368 0.06666666666666667
0 0.45766871165644174 0.3736842105263158 0.0036809815950920245 0.04912280701754386
0 0.5309815950920246 0.39210526315789473 0.004294478527607362 0.054385964912280704
0 0.4432515337423313 0.21052631578947367 0.003067484662576687 0.04912280701754386
0 0.41641104294478526 0.5228070175438596 0.003987730061349694 0.05964912280701754