0 0.3116564417177914 0.3412280701754386 0.0036809815950920245 0.054385964912280704
0 0.744478527607362 0.6298245614035087 0.005521472392638037 0.05964912280701754
0 0.48052147239263804 0.4166666666666667 0.003987730061349694 0.05789473684210526
0 0.48911042944785277 0.256140350877193 0.0027607361963190185 0.04912280701754386
0 0.5391104294478528 0.18596491228070175 0.0027607361963190185 0.03859649122807018
0 0.5197852760736197 0.40350877192982454 0.003987730061349694 0.06315789473684211
0 0.5892638036809816 0.26666666666666666 0.003067484662576687 0.042105263157894736
0 0.5697852760736196 0.5175438596491229 0.004601226993865031 0.06666666666666667
0 0.6680981595092025 0.3526315789473684 0.0036809815950920245 0.0456140350877193
0 0.5570552147239264 0.3649122807017544 0.0036809815950920245 0.05964912280701754
0 0.6208588957055214 0.21842105263157896 0.00245398773006135 0.03333333333333333
0 0.5611963190184049 0.2771929824561403 0.004601226993865031 0.04912280701754386
0 0.7760736196319018 0.35175438596491226 0.0036809815950920245 0.04736842105263158
0 0.68420245398773 0.4087719298245614 0.003987730061349694 0.06315789473684211
0 0.6081288343558282 0.48771929824561405 0.004601226993865031 0.06315789473684211
0 0.6562883435582823 0.3263157894736842 0.005828220858895706 0.07017543859649122
0 0.6262269938650307 0.25526315789473686 0.003987730061349694 0.03684210526315789
0 0.7003067484662576 0.5526315789473685 0.0049079754601227 0.02456140350877193
0 0.5608895705521473 0.3929824561403509 0.003374233128834356 0.05263157894736842
0 0.5723926380368098 0.2912280701754386 0.003067484662576687 0.05263157894736842
0 0.6144171779141104 0.33771929824561403 0.003067484662576687 0.05087719298245614
0 0.5607361963190184 0.19035087719298247 0.003067484662576687 0.04035087719298246
0 0.5029141104294479 0.3140350877192982 0.003374233128834356 0.056140350877192984