0 0.20260736196319018 0.40614035087719297 0.003987730061349694 0.06140350877192982
0 0.17668711656441718 0.5535087719298246 0.0049079754601227 0.06140350877192982
0 0.3102760736196319 0.49298245614035086 0.004601226993865031 0.06666666666666667
0 0.2949386503067485 0.3385964912280702 0.003374233128834356 0.056140350877192984
0 0.37699386503067484 0.25263157894736843 0.0036809815950920245 0.04912280701754386
0 0.3852760736196319 0.35350877192982455 0.0036809815950920245 0.05087719298245614
0 0.42208588957055215 0.5421052631578948 0.0049079754601227 0.06666666666666667
0 0.48773006134969327 0.606140350877193 0.005521472392638037 0.07894736842105263
0 0.508282208588957 0.46228070175438596 0.004294478527607362 0.06842105263157895
0 0.49693251533742333 0.3868421052631579 0.0036809815950920245 0.06140350877192982
0 0.4835889570552147 0.24210526315789474 0.0027607361963190185 0.042105263157894736
0 0.43282208588957055 0.3815789473684211 0.0036809815950920245 0.06491228070175438
0 0.692638036809816 0.34649122807017546 0.0036809815950920245 0.05789473684210526
0 0.5556748466257668 0.4842105263157895 0.004601226993865031 0.07017543859649122
0 0.5081288343558282 0.6456140350877193 0.005828220858895706 0.08421052631578947
0 0.5395705521472393 0.3701754385964912 0.0036809815950920245 0.05964912280701754
0 0.5079754601226993 0.2631578947368421 0.003067484662576687 0.04912280701754386
0 0.3495398773006135 0.6508771929824562 0.005828220858895706 0.08771929824561403
0 0.5039877300613497 0.5236842105263158 0.0049079754601227 0.07543859649122807
0 0.37070552147239266 0.5149122807017544 0.004601226993865031 0.07192982456140351
0 0.44631901840490795 0.3701754385964912 0.0036809815950920245 0.05964912280701754
0 0.36503067484662577 0.2833333333333333 0.0036809815950920245 0.06140350877192982
0 0.18404907975460122 0.543859649122807 0.007361963190184049 0.08070175438596491