0 0.27024539877300613 0.34385964912280703 0.0036809815950920245 0.07017543859649122
0 0.4157975460122699 0.6649122807017543 0.005828220858895706 0.08421052631578947
0 0.39355828220858896 0.45789473684210524 0.004294478527607362 0.05964912280701754
0 0.41886503067484665 0.23596491228070177 0.0027607361963190185 0.04736842105263158
0 0.5190184049079755 0.17017543859649123 0.0018404907975460123 0.042105263157894736
0 0.44877300613496934 0.28596491228070176 0.003067484662576687 0.04912280701754386
0 0.4656441717791411 0.44649122807017544 0.004294478527607362 0.06140350877192982
0 0.6029141104294479 0.5912280701754385 0.005214723926380368 0.08421052631578947
0 0.5766871165644172 0.39210526315789473 0.0036809815950920245 0.05087719298245614
0 0.5470858895705522 0.33771929824561403 0.003374233128834356 0.054385964912280704
0 0.46457055214723925 0.3447368421052632 0.003374233128834356 0.05789473684210526
0 0.525 0.2710526315789474 0.003987730061349694 0.06140350877192982
0 0.7219325153374233 0.33157894736842103 0.003374233128834356 0.056140350877192984
0 0.6012269938650306 0.3956140350877193 0.0036809815950920245 0.06140350877192982
0 0.6085889570552148 0.5350877192982456 0.0049079754601227 0.07368421052631578
0 0.5860429447852761 0.3263157894736842 0.003374233128834356 0.05263157894736842
0 0.5615030674846626 0.23157894736842105 0.0027607361963190185 0.042105263157894736
0 0.5176380368098159 0.5561403508771929 0.005214723926380368 0.07719298245614035
0 0.5427914110429448 0.39649122807017545 0.003987730061349694 0.06315789473684211
0 0.48665644171779143 0.3456140350877193 0.003374233128834356 0.03859649122807018
0 0.5389570552147239 0.3254385964912281 0.0049079754601227 0.05087719298245614
0 0.49371165644171777 0.2850877192982456 0.003374233128834356 0.043859649122807015
0 0.45 0.4570175438596491 0.0036809815950920245 0.06140350877192982