0 0.28957055214723926 0.3429824561403509 0.004294478527607362 0.054385964912280704
0 0.4934049079754601 0.5210526315789473 0.004601226993865031 0.05964912280701754
0 0.48113496932515337 0.37280701754385964 0.003374233128834356 0.054385964912280704
0 0.4843558282208589 0.2929824561403509 0.003067484662576687 0.05263157894736842
0 0.4924846625766871 0.20175438596491227 0.003374233128834356 0.0456140350877193
0 0.5501533742331288 0.3456140350877193 0.0027607361963190185 0.04912280701754386
0 0.5326687116564417 0.24736842105263157 0.0027607361963190185 0.03859649122807018
0 0.5868098159509203 0.45087719298245615 0.004294478527607362 0.06315789473684211
0 0.6280674846625767 0.32280701754385965 0.003374233128834356 0.042105263157894736
0 0.6510736196319018 0.25701754385964914 0.0027607361963190185 0.043859649122807015
0 0.5874233128834356 0.20175438596491227 0.00245398773006135 0.03859649122807018
0 0.536963190184049 0.36403508771929827 0.003374233128834356 0.054385964912280704
0 0.7302147239263803 0.30964912280701756 0.003374233128834356 0.05087719298245614
0 0.750920245398773 0.48333333333333334 0.004294478527607362 0.06491228070175438
0 0.6604294478527607 0.637719298245614 0.005521472392638037 0.08596491228070176
0 0.6791411042944785 0.21666666666666667 0.003067484662576687 0.03684210526315789
0 0.5779141104294478 0.1736842105263158 0.00245398773006135 0.03508771929824561
0 0.5127300613496932 0.5728070175438597 0.005214723926380368 0.07894736842105263
0 0.5969325153374233 0.3684210526315789 0.0036809815950920245 0.05964912280701754
0 0.5062883435582822 0.3219298245614035 0.003374233128834356 0.054385964912280704
0 0.6072085889570552 0.25877192982456143 0.003374233128834356 0.043859649122807015
0 0.4906441717791411 0.17105263157894737 0.003374233128834356 0.03684210526315789
0 0.4812883435582822 0.3587719298245614 0.003067484662576687 0.06140350877192982