0 0.19800613496932515 0.4166666666666667 0.004601226993865031 0.07192982456140351
0 0.23496932515337424 0.775438596491228 0.006748466257668712 0.09824561403508772
0 0.18911042944785275 0.6464912280701754 0.005828220858895706 0.08596491228070176
0 0.31993865030674845 0.443859649122807 0.004294478527607362 0.06666666666666667
0 0.3558282208588957 0.34649122807017546 0.0036809815950920245 0.05789473684210526
0 0.3220858895705521 0.6631578947368421 0.005521472392638037 0.0912280701754386
0 0.3726993865030675 0.5280701754385965 0.0049079754601227 0.07017543859649122
0 0.4699386503067485 0.6385964912280702 0.006134969325153374 0.09824561403508772
0 0.5407975460122699 0.6938596491228071 0.006134969325153374 0.07894736842105263
0 0.4897239263803681 0.4105263157894737 0.003987730061349694 0.06315789473684211
0 0.4924846625766871 0.3236842105263158 0.003374233128834356 0.054385964912280704
0 0.4233128834355828 0.4956140350877193 0.004294478527607362 0.07543859649122807
0 0.697239263803681 0.3736842105263158 0.0036809815950920245 0.05964912280701754
0 0.5300613496932516 0.6078947368421053 0.005521472392638037 0.0824561403508772
0 0.48021472392638037 0.6701754385964912 0.005214723926380368 0.08771929824561403
0 0.5312883435582823 0.44035087719298244 0.004294478527607362 0.06666666666666667
0 0.5024539877300613 0.3236842105263158 0.003067484662576687 0.05087719298245614
0 0.34049079754601225 0.7219298245614035 0.006134969325153374 0.09298245614035087
0 0.34708588957055214 0.6657894736842105 0.004601226993865031 0.0824561403508772
0 0.3432515337423313 0.47017543859649125 0.004294478527607362 0.06666666666666667
0 0.3929447852760736 0.5412280701754386 0.0049079754601227 0.07192982456140351
0 0.36503067484662577 0.35350877192982455 0.003067484662576687 0.054385964912280704
0 0.24233128834355827 0.606140350877193 0.006748466257668712 0.07894736842105263