0 0.330521472392638 0.29035087719298247 0.003374233128834356 0.06491228070175438
0 0.49555214723926383 0.4166666666666667 0.003987730061349694 0.04035087719298246
0 0.46411042944785275 0.22280701754385965 0.00245398773006135 0.03859649122807018
0 0.48512269938650304 0.19035087719298247 0.0027607361963190185 0.03684210526315789
0 0.5817484662576687 0.1824561403508772 0.003374233128834356 0.04912280701754386
0 0.5976993865030675 0.2307017543859649 0.0027607361963190185 0.04035087719298246
0 0.5346625766871166 0.21052631578947367 0.00245398773006135 0.03859649122807018
0 0.6062883435582822 0.393859649122807 0.003987730061349694 0.06140350877192982
0 0.6087423312883435 0.26228070175438595 0.0027607361963190185 0.06140350877192982
0 0.551840490797546 0.27017543859649124 0.003067484662576687 0.04912280701754386
0 0.5588957055214724 0.19298245614035087 0.00245398773006135 0.042105263157894736
0 0.548159509202454 0.24912280701754386 0.003067484662576687 0.05263157894736842
0 0.730521472392638 0.30964912280701756 0.003374233128834356 0.05087719298245614
0 0.6524539877300614 0.27280701754385966 0.0036809815950920245 0.043859649122807015
0 0.6294478527607362 0.37543859649122807 0.0036809815950920245 0.05964912280701754
0 0.6219325153374233 0.23596491228070177 0.003987730061349694 0.05087719298245614
0 0.6173312883435583 0.2149122807017544 0.003374233128834356 0.04736842105263158
0 0.5473926380368098 0.42543859649122806 0.003987730061349694 0.06491228070175438
0 0.5754601226993865 0.2833333333333333 0.003067484662576687 0.05087719298245614
0 0.5372699386503067 0.2649122807017544 0.0027607361963190185 0.03859649122807018
0 0.5559815950920245 0.20701754385964913 0.003374233128834356 0.04912280701754386
0 0.4920245398773006 0.1649122807017544 0.00245398773006135 0.0456140350877193
0 0.48957055214723927 0.2236842105263158 0.0036809815950920245 0.054385964912280704