0 0.3432515337423313 0.2789473684210526 0.003067484662576687 0.05263157894736842
0 0.4950920245398773 0.41228070175438597 0.003067484662576687 0.03859649122807018
0 0.4544478527607362 0.24298245614035088 0.0027607361963190185 0.04736842105263158
0 0.47116564417177914 0.20087719298245615 0.00245398773006135 0.043859649122807015
0 0.5357361963190184 0.156140350877193 0.002147239263803681 0.03859649122807018
0 0.5624233128834356 0.23771929824561402 0.003374233128834356 0.04736842105263158
0 0.5242331288343558 0.19298245614035087 0.00245398773006135 0.042105263157894736
0 0.6177914110429448 0.38333333333333336 0.0036809815950920245 0.05789473684210526
0 0.5872699386503067 0.2535087719298246 0.0027607361963190185 0.04736842105263158
0 0.5325153374233129 0.2710526315789474 0.003067484662576687 0.05087719298245614
0 0.5541411042944785 0.1675438596491228 0.0027607361963190185 0.043859649122807015
0 0.5489263803680982 0.2324561403508772 0.003374233128834356 0.054385964912280704
0 0.7107361963190184 0.30350877192982456 0.003067484662576687 0.0456140350877193
0 0.6110429447852761 0.27017543859649124 0.003067484662576687 0.04912280701754386
0 0.6265337423312883 0.3368421052631579 0.003374233128834356 0.056140350877192984
0 0.5984662576687116 0.2219298245614035 0.004294478527607362 0.06140350877192982
0 0.5906441717791411 0.19210526315789472 0.003374233128834356 0.04736842105263158
0 0.5493865030674847 0.37719298245614036 0.0036809815950920245 0.05964912280701754
0 0.5644171779141104 0.27280701754385966 0.003067484662576687 0.05087719298245614
0 0.5271472392638037 0.22982456140350876 0.0027607361963190185 0.0456140350877193
0 0.5558282208588957 0.20701754385964913 0.003067484662576687 0.04912280701754386
0 0.5242331288343558 0.1649122807017544 0.003067484662576687 0.03508771929824561
0 0.4815950920245399 0.2149122807017544 0.003067484662576687 0.05087719298245614