0 0.2728527607361963 0.34649122807017546 0.003374233128834356 0.043859649122807015
0 0.424079754601227 0.5342105263157895 0.003987730061349694 0.07543859649122807
0 0.4570552147239264 0.4263157894736842 0.003067484662576687 0.05263157894736842
0 0.43190184049079755 0.33596491228070174 0.0036809815950920245 0.05789473684210526
0 0.4429447852760736 0.29035087719298247 0.003067484662576687 0.05087719298245614
0 0.4662576687116564 0.45263157894736844 0.004294478527607362 0.05964912280701754
0 0.5407975460122699 0.3587719298245614 0.0036809815950920245 0.04736842105263158
0 0.5452453987730062 0.45 0.003987730061349694 0.06140350877192982
0 0.5976993865030675 0.3105263157894737 0.003374233128834356 0.04912280701754386
0 0.519478527607362 0.37543859649122807 0.004601226993865031 0.06315789473684211
0 0.5874233128834356 0.22543859649122808 0.003067484662576687 0.043859649122807015
0 0.5260736196319018 0.4482456140350877 0.0049079754601227 0.06491228070175438
0 0.7303680981595092 0.33157894736842103 0.003067484662576687 0.05263157894736842
0 0.6104294478527608 0.4307017543859649 0.004294478527607362 0.06491228070175438
0 0.5595092024539877 0.5473684210526316 0.0049079754601227 0.06315789473684211
0 0.5946319018404908 0.28771929824561404 0.003987730061349694 0.04912280701754386
0 0.5728527607361963 0.24298245614035088 0.0027607361963190185 0.04736842105263158
0 0.4573619631901841 0.5982456140350877 0.0049079754601227 0.07368421052631578
0 0.49125766871165644 0.4587719298245614 0.005214723926380368 0.05789473684210526
0 0.4742331288343558 0.3333333333333333 0.0036809815950920245 0.04912280701754386
0 0.5513803680981595 0.35350877192982455 0.003374233128834356 0.04736842105263158
0 0.4503067484662577 0.22719298245614036 0.0036809815950920245 0.054385964912280704
0 0.4662576687116564 0.43157894736842106 0.0036809815950920245 0.06315789473684211