0 0.2294478527607362 0.3894736842105263 0.004294478527607362 0.07017543859649122
0 0.2861963190184049 0.7473684210526316 0.006134969325153374 0.09473684210526316
0 0.2883435582822086 0.6078947368421053 0.0049079754601227 0.07894736842105263
0 0.3588957055214724 0.46228070175438596 0.004294478527607362 0.06842105263157895
0 0.38404907975460123 0.36666666666666664 0.0036809815950920245 0.04912280701754386
0 0.3432515337423313 0.6236842105263158 0.004294478527607362 0.07894736842105263
0 0.3937116564417178 0.5692982456140351 0.005214723926380368 0.07192982456140351
0 0.36012269938650304 0.706140350877193 0.0049079754601227 0.08596491228070176
0 0.4208588957055215 0.7315789473684211 0.0049079754601227 0.09473684210526316
0 0.47438650306748464 0.42894736842105263 0.003987730061349694 0.06491228070175438
0 0.49371165644171777 0.3570175438596491 0.003374233128834356 0.05789473684210526
0 0.4386503067484663 0.4587719298245614 0.004294478527607362 0.07192982456140351
0 0.7021472392638037 0.38333333333333336 0.0036809815950920245 0.06140350877192982
0 0.5315950920245399 0.6263157894736842 0.005521472392638037 0.08421052631578947
0 0.4260736196319018 0.7201754385964912 0.004294478527607362 0.09298245614035087
0 0.5253067484662577 0.4921052631578947 0.004601226993865031 0.07192982456140351
0 0.5072085889570552 0.362280701754386 0.003987730061349694 0.06491228070175438
0 0.37791411042944784 0.7175438596491228 0.006134969325153374 0.06315789473684211
0 0.36119631901840493 0.6394736842105263 0.004601226993865031 0.08596491228070176
0 0.3803680981595092 0.4885964912280702 0.004294478527607362 0.06491228070175438
0 0.42484662576687116 0.6228070175438597 0.005521472392638037 0.08070175438596491
0 0.40782208588957053 0.3956140350877193 0.003987730061349694 0.06140350877192982
0 0.29279141104294476 0.6201754385964913 0.005214723926380368 0.07543859649122807