0 0.25812883435582823 0.34912280701754383 0.003987730061349694 0.05964912280701754
0 0.425 0.5991228070175438 0.004601226993865031 0.09649122807017543
0 0.4208588957055215 0.5052631578947369 0.0036809815950920245 0.08070175438596491
0 0.43987730061349695 0.3587719298245614 0.0036809815950920245 0.05789473684210526
0 0.4411042944785276 0.27017543859649124 0.003067484662576687 0.04912280701754386
0 0.49493865030674844 0.4824561403508772 0.004601226993865031 0.07017543859649122
0 0.4897239263803681 0.4070175438596491 0.003987730061349694 0.056140350877192984
0 0.528680981595092 0.5771929824561404 0.005214723926380368 0.07368421052631578
0 0.5950920245398773 0.5473684210526316 0.0049079754601227 0.07017543859649122
0 0.5503067484662577 0.44912280701754387 0.004294478527607362 0.06666666666666667
0 0.4924846625766871 0.25263157894736843 0.0027607361963190185 0.04912280701754386
0 0.46411042944785275 0.4675438596491228 0.004294478527607362 0.06842105263157895
0 0.7217791411042945 0.35 0.0036809815950920245 0.05789473684210526
0 0.628680981595092 0.48596491228070177 0.004601226993865031 0.07017543859649122
0 0.3773006134969325 0.7 0.006134969325153374 0.08771929824561403
0 0.61579754601227 0.32456140350877194 0.003374233128834356 0.05263157894736842
0 0.5411042944785276 0.21140350877192982 0.00245398773006135 0.04035087719298246
0 0.4196319018404908 0.5473684210526316 0.0049079754601227 0.07719298245614035
0 0.5530674846625767 0.4412280701754386 0.005521472392638037 0.07192982456140351
0 0.47960122699386504 0.3201754385964912 0.003374233128834356 0.054385964912280704
0 0.5251533742331288 0.3719298245614035 0.0036809815950920245 0.05964912280701754
0 0.452760736196319 0.18070175438596492 0.00245398773006135 0.042105263157894736
0 0.45429447852760735 0.6570175438596492 0.006748466257668712 0.08596491228070176