0 0.3558282208588957 0.32280701754385965 0.003067484662576687 0.06315789473684211
0 0.5892638036809816 0.46578947368421053 0.004294478527607362 0.04736842105263158
0 0.49785276073619633 0.29736842105263156 0.003067484662576687 0.05087719298245614
0 0.5085889570552147 0.24649122807017543 0.003067484662576687 0.03684210526315789
0 0.6733128834355828 0.21403508771929824 0.0036809815950920245 0.0456140350877193
0 0.7 0.2517543859649123 0.0036809815950920245 0.054385964912280704
0 0.573159509202454 0.24210526315789474 0.0027607361963190185 0.03508771929824561
0 0.6900306748466257 0.356140350877193 0.003374233128834356 0.05263157894736842
0 0.6719325153374233 0.24912280701754386 0.0027607361963190185 0.042105263157894736
0 0.625 0.2657894736842105 0.0027607361963190185 0.04035087719298246
0 0.6076687116564418 0.19649122807017544 0.00245398773006135 0.042105263157894736
0 0.6349693251533742 0.26052631578947366 0.003067484662576687 0.043859649122807015
0 0.7605828220858896 0.31666666666666665 0.003374233128834356 0.054385964912280704
0 0.7133435582822086 0.22807017543859648 0.003987730061349694 0.04912280701754386
0 0.7171779141104294 0.3719298245614035 0.0036809815950920245 0.04912280701754386
0 0.6980061349693252 0.2535087719298246 0.003374233128834356 0.054385964912280704
0 0.6696319018404908 0.23333333333333334 0.003067484662576687 0.0456140350877193
0 0.632361963190184 0.5008771929824561 0.004601226993865031 0.02280701754385965
0 0.6400306748466258 0.30526315789473685 0.003374233128834356 0.05263157894736842
0 0.5947852760736196 0.2692982456140351 0.003067484662576687 0.043859649122807015
0 0.6383435582822086 0.22982456140350876 0.004294478527607362 0.05263157894736842
0 0.5549079754601227 0.17192982456140352 0.003067484662576687 0.0456140350877193
0 0.5096625766871166 0.2596491228070175 0.003374233128834356 0.03859649122807018