0 0.28251533742331286 0.35526315789473684 0.003067484662576687 0.04736842105263158
0 0.47975460122699387 0.537719298245614 0.0049079754601227 0.06491228070175438
0 0.4817484662576687 0.4017543859649123 0.003374233128834356 0.05263157894736842
0 0.48865030674846627 0.3175438596491228 0.001226993865030675 0.031578947368421054
0 0.49831288343558283 0.22982456140350876 0.003987730061349694 0.0456140350877193
0 0.6179447852760737 0.3991228070175439 0.003987730061349694 0.043859649122807015
0 0.5440184049079755 0.33771929824561403 0.003374233128834356 0.054385964912280704
0 0.6035276073619632 0.5771929824561404 0.005214723926380368 0.08070175438596491
0 0.7064417177914111 0.44473684210526315 0.004294478527607362 0.06491228070175438
0 0.6151840490797545 0.2649122807017544 0.0027607361963190185 0.04912280701754386
0 0.5489263803680982 0.23508771929824562 0.0027607361963190185 0.042105263157894736
0 0.5345092024539877 0.4192982456140351 0.004601226993865031 0.05964912280701754
0 0.7486196319018404 0.3456140350877193 0.003374233128834356 0.056140350877192984
0 0.7196319018404908 0.5245614035087719 0.005521472392638037 0.07719298245614035
0 0.6211656441717791 0.7385964912280701 0.006134969325153374 0.09473684210526316
0 0.6368098159509202 0.2043859649122807 0.00245398773006135 0.03684210526315789
0 0.5300613496932516 0.17017543859649123 0.0018404907975460123 0.031578947368421054
0 0.4874233128834356 0.6447368421052632 0.005521472392638037 0.08596491228070176
0 0.6383435582822086 0.46578947368421053 0.004294478527607362 0.06842105263157895
0 0.5242331288343558 0.2868421052631579 0.003067484662576687 0.05087719298245614
0 0.644478527607362 0.36666666666666664 0.0036809815950920245 0.05964912280701754
0 0.5 0.19824561403508772 0.0036809815950920245 0.042105263157894736
0 0.48098159509202454 0.3675438596491228 0.0036809815950920245 0.05789473684210526