0 0.21671779141104294 0.3894736842105263 0.003374233128834356 0.07017543859649122
0 0.2588957055214724 0.5201754385964912 0.0049079754601227 0.06140350877192982
0 0.35107361963190187 0.4964912280701754 0.005214723926380368 0.07017543859649122
0 0.2871165644171779 0.443859649122807 0.0036809815950920245 0.06666666666666667
0 0.34217791411042947 0.3350877192982456 0.003374233128834356 0.056140350877192984
0 0.4059815950920245 0.3973684210526316 0.003987730061349694 0.05789473684210526
0 0.4242331288343558 0.5517543859649123 0.004294478527607362 0.054385964912280704
0 0.4233128834355828 0.6192982456140351 0.005521472392638037 0.08421052631578947
0 0.5193251533742331 0.5289473684210526 0.0049079754601227 0.07543859649122807
0 0.49095092024539877 0.39035087719298245 0.003987730061349694 0.06140350877192982
0 0.4476993865030675 0.24385964912280703 0.0027607361963190185 0.0456140350877193
0 0.39662576687116563 0.4535087719298246 0.004294478527607362 0.07192982456140351
0 0.6878834355828221 0.34035087719298246 0.003374233128834356 0.056140350877192984
0 0.5621165644171779 0.5771929824561404 0.005214723926380368 0.08070175438596491
0 0.44355828220858895 0.7201754385964912 0.0049079754601227 0.10350877192982456
0 0.5581288343558283 0.3447368421052632 0.003374233128834356 0.05789473684210526
0 0.49831288343558283 0.2412280701754386 0.0027607361963190185 0.04736842105263158
0 0.34340490797546014 0.6921052631578948 0.005828220858895706 0.06491228070175438
0 0.4673312883435583 0.5587719298245614 0.005214723926380368 0.07894736842105263
0 0.3539877300613497 0.5412280701754386 0.0049079754601227 0.07192982456140351
0 0.43236196319018405 0.4166666666666667 0.003987730061349694 0.06491228070175438
0 0.37515337423312883 0.2807017543859649 0.004294478527607362 0.05263157894736842
0 0.2446319018404908 0.519298245614035 0.004601226993865031 0.07017543859649122