0 0.350920245398773 0.312280701754386 0.00245398773006135 0.05263157894736842
0 0.6127300613496932 0.4903508771929825 0.004601226993865031 0.07192982456140351
0 0.5498466257668712 0.3385964912280702 0.003374233128834356 0.056140350877192984
0 0.5167177914110429 0.25263157894736843 0.0027607361963190185 0.04912280701754386
0 0.6065950920245399 0.17105263157894737 0.003374233128834356 0.043859649122807015
0 0.5998466257668712 0.20877192982456141 0.003374233128834356 0.03859649122807018
0 0.5857361963190184 0.23333333333333334 0.0027607361963190185 0.042105263157894736
0 0.6883435582822086 0.39473684210526316 0.0036809815950920245 0.056140350877192984
0 0.6728527607361963 0.3456140350877193 0.003374233128834356 0.06315789473684211
0 0.6440184049079755 0.2578947368421053 0.0027607361963190185 0.04912280701754386
0 0.5711656441717792 0.17280701754385966 0.00245398773006135 0.03333333333333333
0 0.6082822085889571 0.22894736842105262 0.0036809815950920245 0.05087719298245614
0 0.7651840490797546 0.3157894736842105 0.003374233128834356 0.03859649122807018
0 0.6685582822085889 0.30350877192982456 0.003374233128834356 0.06315789473684211
0 0.6976993865030675 0.38596491228070173 0.004601226993865031 0.07017543859649122
0 0.6409509202453988 0.23771929824561402 0.003374233128834356 0.054385964912280704
0 0.6239263803680981 0.2043859649122807 0.00245398773006135 0.03684210526315789
0 0.6435582822085889 0.4324561403508772 0.004294478527607362 0.06491228070175438
0 0.6480061349693251 0.32456140350877194 0.003374233128834356 0.056140350877192984
0 0.5903374233128834 0.21754385964912282 0.003374233128834356 0.042105263157894736
0 0.5978527607361963 0.22017543859649122 0.003067484662576687 0.043859649122807015
0 0.5760736196319018 0.18947368421052632 0.00245398773006135 0.042105263157894736
0 0.5319018404907976 0.29385964912280704 0.004294478527607362 0.054385964912280704