0 0.35138036809815953 0.3140350877192982 0.002147239263803681 0.05263157894736842
0 0.6159509202453988 0.47192982456140353 0.004294478527607362 0.06666666666666667
0 0.5498466257668712 0.3385964912280702 0.003374233128834356 0.056140350877192984
0 0.519478527607362 0.25263157894736843 0.0027607361963190185 0.04912280701754386
0 0.6308282208588957 0.18947368421052632 0.003987730061349694 0.0456140350877193
0 0.6401840490797546 0.22456140350877193 0.0036809815950920245 0.03859649122807018
0 0.5872699386503067 0.2412280701754386 0.0027607361963190185 0.043859649122807015
0 0.683282208588957 0.3894736842105263 0.003987730061349694 0.06666666666666667
0 0.6883435582822086 0.3333333333333333 0.003067484662576687 0.0456140350877193
0 0.6383435582822086 0.27631578947368424 0.003067484662576687 0.05087719298245614
0 0.5765337423312883 0.17894736842105263 0.0027607361963190185 0.03508771929824561
0 0.6141104294478528 0.23508771929824562 0.0036809815950920245 0.05263157894736842
0 0.7753067484662577 0.33421052631578946 0.003987730061349694 0.043859649122807015
0 0.6797546012269938 0.2982456140350877 0.003067484662576687 0.05263157894736842
0 0.7052147239263804 0.3815789473684211 0.0049079754601227 0.06491228070175438
0 0.6585889570552147 0.24561403508771928 0.004294478527607362 0.04912280701754386
0 0.6418711656441718 0.2131578947368421 0.0027607361963190185 0.03684210526315789
0 0.6567484662576687 0.443859649122807 0.004294478527607362 0.06666666666666667
0 0.6556748466257669 0.30964912280701756 0.003374233128834356 0.054385964912280704
0 0.6134969325153374 0.23421052631578948 0.003067484662576687 0.03333333333333333
0 0.6133435582822085 0.20964912280701756 0.003374233128834356 0.04035087719298246
0 0.5895705521472393 0.1850877192982456 0.003067484662576687 0.04035087719298246
0 0.5299079754601227 0.2929824561403509 0.003374233128834356 0.05263157894736842