0 0.2894171779141104 0.3254385964912281 0.003374233128834356 0.06140350877192982
0 0.47929447852760737 0.47192982456140353 0.004601226993865031 0.07017543859649122
0 0.4822085889570552 0.34385964912280703 0.003067484662576687 0.056140350877192984
0 0.48052147239263804 0.26052631578947366 0.002147239263803681 0.04736842105263158
0 0.4950920245398773 0.1912280701754386 0.003067484662576687 0.03859649122807018
0 0.6151840490797545 0.26403508771929823 0.003374233128834356 0.04736842105263158
0 0.5320552147239264 0.24385964912280703 0.0027607361963190185 0.03859649122807018
0 0.5604294478527607 0.45087719298245615 0.004294478527607362 0.06315789473684211
0 0.6498466257668711 0.3956140350877193 0.003987730061349694 0.05789473684210526
0 0.6150306748466258 0.19824561403508772 0.00245398773006135 0.03859649122807018
0 0.558282208588957 0.18947368421052632 0.00245398773006135 0.03859649122807018
0 0.5489263803680982 0.31491228070175437 0.003374233128834356 0.054385964912280704
0 0.7365030674846625 0.28157894736842104 0.003067484662576687 0.04736842105263158
0 0.6992331288343558 0.42719298245614035 0.003987730061349694 0.06491228070175438
0 0.6145705521472392 0.6464912280701754 0.005828220858895706 0.08596491228070176
0 0.6207055214723927 0.18070175438596492 0.002147239263803681 0.02456140350877193
0 0.5308282208588957 0.16228070175438597 0.002147239263803681 0.03684210526315789
0 0.48726993865030677 0.5807017543859649 0.005214723926380368 0.08070175438596491
0 0.6090490797546012 0.3385964912280702 0.003374233128834356 0.056140350877192984
0 0.5047546012269939 0.22631578947368422 0.0027607361963190185 0.03859649122807018
0 0.6110429447852761 0.26403508771929823 0.003067484662576687 0.05087719298245614
0 0.5188650306748466 0.1912280701754386 0.0027607361963190185 0.0456140350877193
0 0.4794478527607362 0.30701754385964913 0.003067484662576687 0.056140350877192984