0 0.36257668711656443 0.31666666666666665 0.003067484662576687 0.06491228070175438
0 0.6073619631901841 0.45964912280701753 0.004294478527607362 0.056140350877192984
0 0.5121165644171779 0.31140350877192985 0.003374233128834356 0.054385964912280704
0 0.5098159509202455 0.24473684210526317 0.003067484662576687 0.04035087719298246
0 0.6806748466257668 0.2149122807017544 0.00245398773006135 0.03333333333333333
0 0.7075153374233129 0.2543859649122807 0.0027607361963190185 0.04912280701754386
0 0.5854294478527607 0.24736842105263157 0.0027607361963190185 0.0456140350877193
0 0.7067484662576687 0.3526315789473684 0.0036809815950920245 0.04912280701754386
0 0.6872699386503067 0.25263157894736843 0.0027607361963190185 0.03508771929824561
0 0.6377300613496932 0.27280701754385966 0.003067484662576687 0.04736842105263158
0 0.6070552147239264 0.19473684210526315 0.00245398773006135 0.042105263157894736
0 0.653680981595092 0.2482456140350877 0.003067484662576687 0.04035087719298246
0 0.751840490797546 0.2912280701754386 0.003067484662576687 0.042105263157894736
0 0.7102760736196319 0.22456140350877193 0.003987730061349694 0.0456140350877193
0 0.7334355828220859 0.3780701754385965 0.0036809815950920245 0.054385964912280704
0 0.7039877300613497 0.2535087719298246 0.003067484662576687 0.04736842105263158
0 0.6780674846625767 0.23421052631578948 0.003987730061349694 0.05087719298245614
0 0.6633435582822086 0.5035087719298246 0.004601226993865031 0.05964912280701754
0 0.652760736196319 0.30526315789473685 0.003067484662576687 0.04912280701754386
0 0.6153374233128834 0.27017543859649124 0.003067484662576687 0.0456140350877193
0 0.6424846625766871 0.22807017543859648 0.0027607361963190185 0.0456140350877193
0 0.5743865030674846 0.17017543859649123 0.003987730061349694 0.04912280701754386
0 0.5133435582822086 0.27807017543859647 0.003374233128834356 0.054385964912280704