0 0.2254601226993865 0.3192982456140351 0.00245398773006135 0.056140350877192984
0 0.24877300613496933 0.40087719298245617 0.004294478527607362 0.06842105263157895
0 0.2401840490797546 0.36140350877192984 0.003067484662576687 0.06315789473684211
0 0.25337423312883434 0.2929824561403509 0.003067484662576687 0.056140350877192984
0 0.27975460122699386 0.21666666666666667 0.004294478527607362 0.04035087719298246
0 0.3047546012269939 0.3368421052631579 0.003374233128834356 0.06315789473684211
0 0.2894171779141104 0.2912280701754386 0.003987730061349694 0.05964912280701754
0 0.34616564417177914 0.4903508771929825 0.004601226993865031 0.06842105263157895
0 0.5010736196319019 0.40614035087719297 0.003987730061349694 0.06140350877192982
0 0.4087423312883436 0.3307017543859649 0.003374233128834356 0.05087719298245614
0 0.3015337423312883 0.22280701754385965 0.00245398773006135 0.03859649122807018
0 0.3351226993865031 0.3815789473684211 0.004601226993865031 0.07543859649122807
0 0.6812883435582822 0.31666666666666665 0.003067484662576687 0.05789473684210526
0 0.5115030674846626 0.39210526315789473 0.003987730061349694 0.06140350877192982
0 0.4171779141104294 0.5228070175438596 0.0049079754601227 0.07368421052631578
0 0.5070552147239263 0.27631578947368424 0.003067484662576687 0.05087719298245614
0 0.4429447852760736 0.20701754385964913 0.00245398773006135 0.03508771929824561
0 0.25444785276073617 0.39210526315789473 0.003374233128834356 0.06140350877192982
0 0.3599693251533742 0.3263157894736842 0.003374233128834356 0.05964912280701754
0 0.27361963190184047 0.3201754385964912 0.0036809815950920245 0.04736842105263158
0 0.41595092024539876 0.27631578947368424 0.003067484662576687 0.05087719298245614
0 0.28159509202453986 0.20350877192982456 0.003067484662576687 0.03508771929824561
0 0.2263803680981595 0.38859649122807016 0.0036809815950920245 0.06491228070175438