0 0.27131901840490796 0.37456140350877193 0.004601226993865031 0.07192982456140351
0 0.4292944785276074 0.593859649122807 0.003374233128834356 0.07192982456140351
0 0.4427914110429448 0.49736842105263157 0.004601226993865031 0.07192982456140351
0 0.43650306748466255 0.3912280701754386 0.004294478527607362 0.05964912280701754
0 0.4358895705521472 0.4070175438596491 0.0036809815950920245 0.05964912280701754
0 0.5033742331288343 0.45087719298245615 0.004294478527607362 0.06666666666666667
0 0.4808282208588957 0.5333333333333333 0.00705521472392638 0.05964912280701754
0 0.5584355828220859 0.5903508771929824 0.005214723926380368 0.06842105263157895
0 0.6309815950920246 0.5473684210526316 0.0049079754601227 0.07017543859649122
0 0.6065950920245399 0.41228070175438597 0.003987730061349694 0.05263157894736842
0 0.5435582822085889 0.28596491228070176 0.003067484662576687 0.0456140350877193
0 0.46855828220858897 0.39473684210526316 0.0027607361963190185 0.056140350877192984
0 0.7325153374233129 0.36140350877192984 0.0036809815950920245 0.05964912280701754
0 0.6001533742331289 0.5008771929824561 0.004601226993865031 0.07192982456140351
0 0.5133435582822086 0.6526315789473685 0.005828220858895706 0.08771929824561403
0 0.5909509202453987 0.32456140350877194 0.003374233128834356 0.05263157894736842
0 0.537883435582822 0.23508771929824562 0.0027607361963190185 0.0456140350877193
0 0.4199386503067485 0.6964912280701754 0.006134969325153374 0.0912280701754386
0 0.5289877300613497 0.47543859649122805 0.004601226993865031 0.07017543859649122
0 0.5101226993865031 0.5333333333333333 0.0049079754601227 0.056140350877192984
0 0.5438650306748466 0.38421052631578945 0.0036809815950920245 0.05964912280701754
0 0.4530674846625767 0.4666666666666667 0.004294478527607362 0.06315789473684211
0 0.4575153374233129 0.4236842105263158 0.003374233128834356 0.054385964912280704