0 0.2668711656441718 0.34210526315789475 0.003067484662576687 0.05964912280701754
0 0.39969325153374236 0.55 0.0049079754601227 0.07192982456140351
0 0.4148773006134969 0.41842105263157897 0.003987730061349694 0.06491228070175438
0 0.4427914110429448 0.3105263157894737 0.003374233128834356 0.05964912280701754
0 0.43849693251533745 0.23333333333333334 0.0027607361963190185 0.0456140350877193
0 0.4526073619631902 0.42543859649122806 0.003987730061349694 0.06491228070175438
0 0.4808282208588957 0.306140350877193 0.003374233128834356 0.04736842105263158
0 0.4593558282208589 0.5929824561403508 0.005214723926380368 0.07368421052631578
0 0.4742331288343558 0.5210526315789473 0.0049079754601227 0.06666666666666667
0 0.5216257668711657 0.3298245614035088 0.003374233128834356 0.056140350877192984
0 0.5130368098159509 0.25263157894736843 0.0027607361963190185 0.04912280701754386
0 0.4838957055214724 0.43333333333333335 0.003987730061349694 0.06315789473684211
0 0.7124233128834356 0.3368421052631579 0.003374233128834356 0.056140350877192984
0 0.6115030674846625 0.5087719298245614 0.004601226993865031 0.07368421052631578
0 0.5084355828220859 0.6885964912280702 0.005828220858895706 0.08947368421052632
0 0.5934049079754601 0.3307017543859649 0.003374233128834356 0.04736842105263158
0 0.5423312883435583 0.21140350877192982 0.00245398773006135 0.043859649122807015
0 0.3924846625766871 0.6614035087719298 0.005828220858895706 0.08771929824561403
0 0.4656441717791411 0.4394736842105263 0.003067484662576687 0.06491228070175438
0 0.48098159509202454 0.26666666666666666 0.003067484662576687 0.0456140350877193
0 0.5449386503067485 0.42719298245614035 0.003987730061349694 0.06491228070175438
0 0.455521472392638 0.20614035087719298 0.00245398773006135 0.043859649122807015
0 0.40751533742331286 0.4263157894736842 0.004601226993865031 0.06666666666666667