0 0.2081288343558282 0.38333333333333336 0.003374233128834356 0.05789473684210526
0 0.17638036809815952 0.8210526315789474 0.006748466257668712 0.042105263157894736
0 0.2441717791411043 0.5578947368421052 0.0049079754601227 0.06315789473684211
0 0.3375766871165644 0.3868421052631579 0.003374233128834356 0.06140350877192982
0 0.3615030674846626 0.3140350877192982 0.003374233128834356 0.05263157894736842
0 0.4395705521472393 0.6 0.005521472392638037 0.08070175438596491
0 0.4121165644171779 0.4394736842105263 0.004601226993865031 0.07192982456140351
0 0.4733128834355828 0.643859649122807 0.004294478527607362 0.08070175438596491
0 0.5930981595092024 0.5877192982456141 0.005214723926380368 0.08070175438596491
0 0.5196319018404908 0.3605263157894737 0.0036809815950920245 0.05789473684210526
0 0.5070552147239263 0.2771929824561403 0.003067484662576687 0.04912280701754386
0 0.4032208588957055 0.4807017543859649 0.003987730061349694 0.08070175438596491
0 0.7058282208588957 0.3719298245614035 0.0036809815950920245 0.05964912280701754
0 0.575920245398773 0.5754385964912281 0.005828220858895706 0.0912280701754386
0 0.4785276073619632 0.6912280701754386 0.006134969325153374 0.0912280701754386
0 0.5622699386503067 0.35 0.0036809815950920245 0.05789473684210526
0 0.5207055214723927 0.22631578947368422 0.003987730061349694 0.03859649122807018
0 0.20828220858895705 0.7859649122807018 0.006748466257668712 0.08421052631578947
0 0.4794478527607362 0.5491228070175439 0.0049079754601227 0.07368421052631578
0 0.39263803680981596 0.3719298245614035 0.0036809815950920245 0.05263157894736842
0 0.42530674846625766 0.45789473684210524 0.003987730061349694 0.06315789473684211
0 0.3670245398773006 0.27982456140350875 0.003374233128834356 0.043859649122807015
0 0.2983128834355828 0.5447368421052632 0.004601226993865031 0.06842105263157895