0 0.2799079754601227 0.3412280701754386 0.003987730061349694 0.054385964912280704
0 0.48282208588957054 0.4605263157894737 0.004294478527607362 0.06842105263157895
0 0.4822085889570552 0.35526315789473684 0.0036809815950920245 0.05789473684210526
0 0.48987730061349694 0.2885964912280702 0.003067484662576687 0.05087719298245614
0 0.49984662576687117 0.21140350877192982 0.0027607361963190185 0.03684210526315789
0 0.5547546012269938 0.34035087719298246 0.003987730061349694 0.06666666666666667
0 0.5276073619631901 0.27631578947368424 0.003067484662576687 0.043859649122807015
0 0.5613496932515337 0.5157894736842106 0.0049079754601227 0.07017543859649122
0 0.6771472392638037 0.3394736842105263 0.003374233128834356 0.043859649122807015
0 0.6072085889570552 0.25 0.0027607361963190185 0.04736842105263158
0 0.549079754601227 0.21052631578947367 0.00245398773006135 0.042105263157894736
0 0.5148773006134969 0.4026315789473684 0.003987730061349694 0.07192982456140351
0 0.6992331288343558 0.30964912280701756 0.003374233128834356 0.054385964912280704
0 0.6865030674846626 0.443859649122807 0.004294478527607362 0.07017543859649122
0 0.6076687116564418 0.6947368421052632 0.006134969325153374 0.0912280701754386
0 0.6300613496932516 0.20877192982456141 0.00245398773006135 0.042105263157894736
0 0.5233128834355828 0.16578947368421051 0.003067484662576687 0.03333333333333333
0 0.4843558282208589 0.543859649122807 0.0049079754601227 0.07719298245614035
0 0.5575153374233128 0.4342105263157895 0.003987730061349694 0.06491228070175438
0 0.5084355828220859 0.2614035087719298 0.0027607361963190185 0.04912280701754386
0 0.5636503067484663 0.312280701754386 0.004601226993865031 0.06315789473684211
0 0.49923312883435583 0.1912280701754386 0.003374233128834356 0.03859649122807018
0 0.48236196319018404 0.3192982456140351 0.003374233128834356 0.056140350877192984