0 0.3691717791411043 0.3201754385964912 0.0027607361963190185 0.06140350877192982
0 0.6309815950920246 0.4605263157894737 0.004294478527607362 0.06842105263157895
0 0.531441717791411 0.3350877192982456 0.003374233128834356 0.056140350877192984
0 0.522239263803681 0.2543859649122807 0.003374233128834356 0.0456140350877193
0 0.6745398773006135 0.21228070175438596 0.00245398773006135 0.017543859649122806
0 0.7113496932515337 0.2657894736842105 0.0049079754601227 0.02280701754385965
0 0.5943251533742331 0.2543859649122807 0.0027607361963190185 0.0456140350877193
0 0.7283742331288343 0.3543859649122807 0.0027607361963190185 0.056140350877192984
0 0.7096625766871165 0.2956140350877193 0.003987730061349694 0.05789473684210526
0 0.6487730061349694 0.2868421052631579 0.003067484662576687 0.05087719298245614
0 0.5987730061349693 0.19736842105263158 0.00245398773006135 0.04035087719298246
0 0.6726993865030675 0.24210526315789474 0.0049079754601227 0.04912280701754386
0 0.7424846625766871 0.27017543859649124 0.003374233128834356 0.06315789473684211
0 0.728680981595092 0.22456140350877193 0.003987730061349694 0.04912280701754386
0 0.7533742331288343 0.3543859649122807 0.004294478527607362 0.05263157894736842
0 0.7044478527607362 0.26052631578947366 0.003374233128834356 0.054385964912280704
0 0.6955521472392638 0.2412280701754386 0.0027607361963190185 0.04736842105263158
0 0.7026073619631902 0.4789473684210526 0.004601226993865031 0.06666666666666667
0 0.6667177914110429 0.3078947368421053 0.003374233128834356 0.054385964912280704
0 0.6440184049079755 0.2692982456140351 0.003374233128834356 0.04736842105263158
0 0.6345092024539877 0.22631578947368422 0.0027607361963190185 0.0456140350877193
0 0.6069018404907975 0.17719298245614035 0.003374233128834356 0.03859649122807018
0 0.527760736196319 0.2868421052631579 0.003374233128834356 0.054385964912280704