0 0.26150306748466257 0.3684210526315789 0.003374233128834356 0.04912280701754386
0 0.4377300613496933 0.7271929824561404 0.004294478527607362 0.0824561403508772
0 0.4325153374233129 0.49298245614035086 0.003067484662576687 0.05964912280701754
0 0.44447852760736195 0.3649122807017544 0.0036809815950920245 0.05964912280701754
0 0.4611963190184049 0.2596491228070175 0.0027607361963190185 0.04912280701754386
0 0.5225460122699387 0.493859649122807 0.004601226993865031 0.06842105263157895
0 0.48680981595092027 0.3675438596491228 0.003067484662576687 0.054385964912280704
0 0.5673312883435583 0.7008771929824561 0.006441717791411043 0.0824561403508772
0 0.6253067484662577 0.5131578947368421 0.004601226993865031 0.07192982456140351
0 0.5446319018404908 0.34649122807017546 0.003374233128834356 0.05789473684210526
0 0.5354294478527607 0.2535087719298246 0.0027607361963190185 0.04035087719298246
0 0.4838957055214724 0.47368421052631576 0.003987730061349694 0.06666666666666667
0 0.7438650306748467 0.3605263157894737 0.0036809815950920245 0.05789473684210526
0 0.6726993865030675 0.543859649122807 0.0049079754601227 0.07719298245614035
0 0.5650306748466257 0.7447368421052631 0.007975460122699387 0.08596491228070176
0 0.6070552147239264 0.2929824561403509 0.003067484662576687 0.05263157894736842
0 0.5124233128834356 0.17719298245614035 0.0027607361963190185 0.03859649122807018
0 0.4424846625766871 0.7736842105263158 0.005828220858895706 0.08421052631578947
0 0.5615030674846626 0.48771929824561405 0.004601226993865031 0.06666666666666667
0 0.4892638036809816 0.2956140350877193 0.003067484662576687 0.04736842105263158
0 0.47484662576687114 0.3815789473684211 0.0036809815950920245 0.06140350877192982
0 0.4605828220858896 0.193859649122807 0.0027607361963190185 0.03684210526315789
0 0.4349693251533742 0.45614035087719296 0.004294478527607362 0.05964912280701754