0 0.30782208588957055 0.3131578947368421 0.003374233128834356 0.04736842105263158
0 0.49846625766871167 0.5263157894736842 0.0049079754601227 0.07368421052631578
0 0.4661042944785276 0.33771929824561403 0.003374233128834356 0.05087719298245614
0 0.4550613496932515 0.2964912280701754 0.003374233128834356 0.04912280701754386
0 0.48006134969325154 0.22105263157894736 0.00245398773006135 0.03508771929824561
0 0.5150306748466258 0.29912280701754385 0.0036809815950920245 0.054385964912280704
0 0.5828220858895705 0.2807017543859649 0.003067484662576687 0.042105263157894736
0 0.5214723926380368 0.44473684210526315 0.004294478527607362 0.06491228070175438
0 0.6730061349693252 0.3 0.0036809815950920245 0.0456140350877193
0 0.5797546012269938 0.36140350877192984 0.0036809815950920245 0.028070175438596492
0 0.6228527607361963 0.22719298245614036 0.0027607361963190185 0.043859649122807015
0 0.5415644171779141 0.4131578947368421 0.004601226993865031 0.06140350877192982
0 0.7243865030674846 0.31666666666666665 0.003374233128834356 0.04736842105263158
0 0.6894171779141104 0.42543859649122806 0.003987730061349694 0.06491228070175438
0 0.6351226993865031 0.5412280701754386 0.004601226993865031 0.07543859649122807
0 0.6345092024539877 0.22456140350877193 0.0027607361963190185 0.042105263157894736
0 0.6010736196319019 0.23333333333333334 0.0027607361963190185 0.042105263157894736
0 0.5167177914110429 0.5675438596491228 0.005214723926380368 0.07894736842105263
0 0.567638036809816 0.3736842105263158 0.004601226993865031 0.05964912280701754
0 0.5067484662576687 0.2789473684210526 0.003067484662576687 0.0456140350877193
0 0.6102760736196319 0.29210526315789476 0.003987730061349694 0.05789473684210526
0 0.49079754601226994 0.22105263157894736 0.003067484662576687 0.0456140350877193
0 0.4691717791411043 0.3307017543859649 0.003374233128834356 0.05087719298245614