0 0.26180981595092023 0.3350877192982456 0.003987730061349694 0.05964912280701754
0 0.4808282208588957 0.7535087719298246 0.006441717791411043 0.08596491228070176
0 0.4087423312883436 0.4149122807017544 0.003987730061349694 0.054385964912280704
0 0.4242331288343558 0.2850877192982456 0.003067484662576687 0.05087719298245614
0 0.4484662576687117 0.19736842105263158 0.00245398773006135 0.03333333333333333
0 0.4414110429447853 0.3587719298245614 0.0036809815950920245 0.05789473684210526
0 0.4532208588957055 0.3192982456140351 0.003374233128834356 0.042105263157894736
0 0.5062883435582822 0.5078947368421053 0.004601226993865031 0.07192982456140351
0 0.5016871165644172 0.3473684210526316 0.003374233128834356 0.04912280701754386
0 0.501840490797546 0.27280701754385966 0.003067484662576687 0.05087719298245614
0 0.5006134969325153 0.19649122807017544 0.00245398773006135 0.042105263157894736
0 0.48021472392638037 0.256140350877193 0.0027607361963190185 0.042105263157894736
0 0.7458588957055214 0.3368421052631579 0.003374233128834356 0.056140350877192984
0 0.6312883435582822 0.3736842105263158 0.0036809815950920245 0.05964912280701754
0 0.6118098159509202 0.5 0.004601226993865031 0.07017543859649122
0 0.6030674846625766 0.29473684210526313 0.003067484662576687 0.05263157894736842
0 0.5884969325153374 0.26228070175438595 0.0027607361963190185 0.04736842105263158
0 0.558282208588957 0.5394736842105263 0.0049079754601227 0.07543859649122807
0 0.5638036809815951 0.38333333333333336 0.0036809815950920245 0.06140350877192982
0 0.5273006134969325 0.3736842105263158 0.0036809815950920245 0.05263157894736842
0 0.5349693251533743 0.3017543859649123 0.003067484662576687 0.05263157894736842
0 0.5446319018404908 0.22807017543859648 0.0027607361963190185 0.0456140350877193
0 0.4771472392638037 0.41228070175438597 0.003987730061349694 0.06315789473684211