0 0.19907975460122698 0.41578947368421054 0.0049079754601227 0.07719298245614035
0 0.2371165644171779 0.775438596491228 0.006748466257668712 0.09824561403508772
0 0.19294478527607362 0.6359649122807017 0.005521472392638037 0.07543859649122807
0 0.3205521472392638 0.4456140350877193 0.004294478527607362 0.06666666666666667
0 0.35598159509202454 0.34385964912280703 0.003374233128834356 0.04912280701754386
0 0.31809815950920245 0.6684210526315789 0.005521472392638037 0.08771929824561403
0 0.37208588957055216 0.5298245614035088 0.0049079754601227 0.07017543859649122
0 0.46457055214723925 0.6350877192982456 0.006441717791411043 0.10175438596491228
0 0.5383435582822086 0.7026315789473684 0.006134969325153374 0.08596491228070176
0 0.48911042944785277 0.41228070175438597 0.003987730061349694 0.06315789473684211
0 0.4924846625766871 0.3236842105263158 0.003374233128834356 0.054385964912280704
0 0.4236196319018405 0.4956140350877193 0.004294478527607362 0.07543859649122807
0 0.6975460122699386 0.3719298245614035 0.0036809815950920245 0.056140350877192984
0 0.5291411042944786 0.6131578947368421 0.005521472392638037 0.0824561403508772
0 0.4754601226993865 0.6692982456140351 0.005521472392638037 0.08596491228070176
0 0.5309815950920246 0.4421052631578947 0.004294478527607362 0.06666666666666667
0 0.5024539877300613 0.3254385964912281 0.003067484662576687 0.05087719298245614
0 0.34309815950920247 0.7280701754385965 0.006441717791411043 0.09473684210526316
0 0.34432515337423314 0.6614035087719298 0.004601226993865031 0.08421052631578947
0 0.3432515337423313 0.47368421052631576 0.004294478527607362 0.06315789473684211
0 0.3923312883435583 0.5447368421052632 0.0049079754601227 0.07192982456140351
0 0.3651840490797546 0.35526315789473684 0.0027607361963190185 0.054385964912280704
0 0.2441717791411043 0.6078947368421053 0.006748466257668712 0.07894736842105263