0 0.24478527607361963 0.3675438596491228 0.00245398773006135 0.054385964912280704
0 0.36549079754601227 0.6868421052631579 0.005828220858895706 0.07543859649122807
0 0.40061349693251536 0.5412280701754386 0.0049079754601227 0.05789473684210526
0 0.36779141104294477 0.4473684210526316 0.004294478527607362 0.06666666666666667
0 0.3875766871165644 0.3350877192982456 0.003374233128834356 0.056140350877192984
0 0.4371165644171779 0.44649122807017544 0.004294478527607362 0.06140350877192982
0 0.43895705521472395 0.6552631578947369 0.005521472392638037 0.07543859649122807
0 0.4615030674846626 0.6701754385964912 0.005214723926380368 0.09824561403508772
0 0.5065950920245399 0.5307017543859649 0.003987730061349694 0.07543859649122807
0 0.5220858895705521 0.3763157894736842 0.0036809815950920245 0.05789473684210526
0 0.44309815950920245 0.24385964912280703 0.0027607361963190185 0.0456140350877193
0 0.41886503067484665 0.4807017543859649 0.003987730061349694 0.07368421052631578
0 0.7245398773006135 0.3587719298245614 0.0036809815950920245 0.05789473684210526
0 0.5572085889570552 0.5763157894736842 0.005214723926380368 0.07894736842105263
0 0.427760736196319 0.7052631578947368 0.00705521472392638 0.08421052631578947
0 0.561963190184049 0.36666666666666664 0.0036809815950920245 0.05964912280701754
0 0.5056748466257669 0.22631578947368422 0.0027607361963190185 0.0456140350877193
0 0.3754601226993865 0.7219298245614035 0.006134969325153374 0.09298245614035087
0 0.4648773006134969 0.6166666666666667 0.006441717791411043 0.1
0 0.41273006134969326 0.5578947368421052 0.004601226993865031 0.05964912280701754
0 0.46180981595092024 0.47543859649122805 0.004601226993865031 0.07017543859649122
0 0.4030674846625767 0.2850877192982456 0.003067484662576687 0.054385964912280704
0 0.33773006134969324 0.5894736842105263 0.004294478527607362 0.07719298245614035