0 0.26487730061349696 0.36578947368421055 0.004601226993865031 0.06842105263157895
0 0.41088957055214725 0.5859649122807018 0.003374233128834356 0.07368421052631578
0 0.4107361963190184 0.49736842105263157 0.004294478527607362 0.06491228070175438
0 0.422239263803681 0.41228070175438597 0.003987730061349694 0.05263157894736842
0 0.42760736196319016 0.362280701754386 0.0036809815950920245 0.07543859649122807
0 0.49555214723926383 0.42894736842105263 0.003987730061349694 0.06140350877192982
0 0.47653374233128837 0.543859649122807 0.004601226993865031 0.07719298245614035
0 0.502760736196319 0.6263157894736842 0.005521472392638037 0.07368421052631578
0 0.5966257668711656 0.5289473684210526 0.0049079754601227 0.07192982456140351
0 0.5710122699386503 0.39824561403508774 0.003987730061349694 0.0456140350877193
0 0.5110429447852761 0.2807017543859649 0.003067484662576687 0.042105263157894736
0 0.4484662576687117 0.41403508771929826 0.00245398773006135 0.06315789473684211
0 0.7211656441717792 0.36140350877192984 0.0036809815950920245 0.05964912280701754
0 0.5843558282208589 0.5140350877192983 0.0049079754601227 0.07368421052631578
0 0.4941717791411043 0.6894736842105263 0.006134969325153374 0.08421052631578947
0 0.5802147239263804 0.31491228070175437 0.003374233128834356 0.054385964912280704
0 0.5121165644171779 0.22631578947368422 0.0027607361963190185 0.0456140350877193
0 0.3941717791411043 0.7201754385964912 0.006134969325153374 0.09298245614035087
0 0.536963190184049 0.49912280701754386 0.004601226993865031 0.07192982456140351
0 0.5119631901840491 0.5307017543859649 0.0049079754601227 0.07192982456140351
0 0.5352760736196319 0.38421052631578945 0.0036809815950920245 0.05964912280701754
0 0.4559815950920245 0.40789473684210525 0.003374233128834356 0.06842105263157895
0 0.4200920245398773 0.4535087719298246 0.004601226993865031 0.054385964912280704