0 0.18911042944785275 0.4219298245614035 0.003987730061349694 0.06140350877192982
0 0.21595092024539878 0.7807017543859649 0.006748466257668712 0.09824561403508772
0 0.16395705521472392 0.6464912280701754 0.005828220858895706 0.07543859649122807
0 0.3164110429447853 0.42105263157894735 0.003374233128834356 0.06666666666666667
0 0.35690184049079754 0.3298245614035088 0.003374233128834356 0.056140350877192984
0 0.3693251533742331 0.6578947368421053 0.0036809815950920245 0.08070175438596491
0 0.3820552147239264 0.506140350877193 0.004601226993865031 0.06842105263157895
0 0.49785276073619633 0.6596491228070176 0.0049079754601227 0.08070175438596491
0 0.556441717791411 0.6666666666666666 0.005521472392638037 0.08771929824561403
0 0.4946319018404908 0.3956140350877193 0.003987730061349694 0.06140350877192982
0 0.49217791411042944 0.3105263157894737 0.003374233128834356 0.05263157894736842
0 0.4233128834355828 0.4807017543859649 0.004294478527607362 0.07719298245614035
0 0.694478527607362 0.3701754385964912 0.0036809815950920245 0.05964912280701754
0 0.5394171779141105 0.5877192982456141 0.005214723926380368 0.08070175438596491
0 0.5065950920245399 0.6807017543859649 0.005214723926380368 0.10175438596491228
0 0.5397239263803681 0.42719298245614035 0.003987730061349694 0.06491228070175438
0 0.5038343558282209 0.30526315789473685 0.003374233128834356 0.04912280701754386
0 0.32085889570552145 0.7149122807017544 0.006134969325153374 0.09298245614035087
0 0.37837423312883434 0.6491228070175439 0.005828220858895706 0.08771929824561403
0 0.3450920245398773 0.45526315789473687 0.004294478527607362 0.06491228070175438
0 0.4012269938650307 0.5105263157894737 0.004294478527607362 0.06666666666666667
0 0.36441717791411044 0.32719298245614037 0.003067484662576687 0.05087719298245614
0 0.23634969325153374 0.5956140350877193 0.006441717791411043 0.07543859649122807