0 0.35552147239263804 0.31666666666666665 0.0036809815950920245 0.054385964912280704
0 0.6282208588957056 0.46578947368421053 0.004294478527607362 0.06842105263157895
0 0.5470858895705522 0.34035087719298246 0.003374233128834356 0.056140350877192984
0 0.5262269938650307 0.2596491228070175 0.0027607361963190185 0.04912280701754386
0 0.6622699386503067 0.21403508771929824 0.00245398773006135 0.042105263157894736
0 0.6960122699386503 0.26052631578947366 0.003067484662576687 0.02631578947368421
0 0.5930981595092024 0.2517543859649123 0.0027607361963190185 0.043859649122807015
0 0.7180981595092024 0.3780701754385965 0.003067484662576687 0.06140350877192982
0 0.7096625766871165 0.3219298245614035 0.003987730061349694 0.05789473684210526
0 0.645398773006135 0.2929824561403509 0.003067484662576687 0.05263157894736842
0 0.5838957055214724 0.18596491228070175 0.0027607361963190185 0.03859649122807018
0 0.6380368098159509 0.24035087719298245 0.003067484662576687 0.05263157894736842
0 0.7627300613496932 0.3131578947368421 0.005214723926380368 0.06140350877192982
0 0.7184049079754601 0.28596491228070176 0.004294478527607362 0.05964912280701754
0 0.7289877300613496 0.35 0.004601226993865031 0.06140350877192982
0 0.6878834355828221 0.24649122807017543 0.003374233128834356 0.04736842105263158
0 0.6817484662576687 0.23333333333333334 0.0027607361963190185 0.03859649122807018
0 0.6871165644171779 0.443859649122807 0.004294478527607362 0.06666666666666667
0 0.6656441717791411 0.3017543859649123 0.003067484662576687 0.05263157894736842
0 0.649079754601227 0.2543859649122807 0.004294478527607362 0.04912280701754386
0 0.632361963190184 0.22543859649122808 0.003987730061349694 0.05087719298245614
0 0.6041411042944785 0.18421052631578946 0.003374233128834356 0.042105263157894736
0 0.5299079754601227 0.29210526315789476 0.003374233128834356 0.054385964912280704