0 0.19923312883435582 0.40087719298245617 0.003374233128834356 0.05789473684210526
0 0.1745398773006135 0.5535087719298246 0.0049079754601227 0.07192982456140351
0 0.3111963190184049 0.49736842105263157 0.004601226993865031 0.07192982456140351
0 0.29095092024539876 0.34649122807017546 0.003374233128834356 0.05789473684210526
0 0.37147239263803683 0.2578947368421053 0.0036809815950920245 0.05263157894736842
0 0.38466257668711656 0.3631578947368421 0.0036809815950920245 0.05964912280701754
0 0.4217791411042945 0.55 0.0049079754601227 0.07543859649122807
0 0.4831288343558282 0.6096491228070176 0.005521472392638037 0.07894736842105263
0 0.508282208588957 0.46842105263157896 0.004294478527607362 0.07017543859649122
0 0.49693251533742333 0.3868421052631579 0.0036809815950920245 0.06140350877192982
0 0.48144171779141104 0.24385964912280703 0.0027607361963190185 0.0456140350877193
0 0.4285276073619632 0.3912280701754386 0.004294478527607362 0.07368421052631578
0 0.689877300613497 0.34649122807017546 0.0036809815950920245 0.05789473684210526
0 0.5544478527607362 0.48596491228070177 0.004601226993865031 0.07017543859649122
0 0.5033742331288343 0.6482456140350877 0.005521472392638037 0.08596491228070176
0 0.5407975460122699 0.3684210526315789 0.0036809815950920245 0.05964912280701754
0 0.5056748466257669 0.2631578947368421 0.0027607361963190185 0.04912280701754386
0 0.34524539877300614 0.6543859649122807 0.005828220858895706 0.08771929824561403
0 0.5030674846625767 0.5324561403508772 0.0049079754601227 0.07543859649122807
0 0.36687116564417177 0.5210526315789473 0.0049079754601227 0.07368421052631578
0 0.4447852760736196 0.37543859649122807 0.0036809815950920245 0.05964912280701754
0 0.36226993865030677 0.2833333333333333 0.0036809815950920245 0.06491228070175438
0 0.1794478527607362 0.5447368421052632 0.007361963190184049 0.0824561403508772