0 0.3450920245398773 0.2789473684210526 0.003067484662576687 0.04912280701754386
0 0.49524539877300616 0.41578947368421054 0.003987730061349694 0.03859649122807018
0 0.4516871165644172 0.23596491228070177 0.0027607361963190185 0.04736842105263158
0 0.4756134969325153 0.20789473684210527 0.003374233128834356 0.04736842105263158
0 0.5437116564417178 0.15526315789473685 0.002147239263803681 0.04736842105263158
0 0.5673312883435583 0.23771929824561402 0.0027607361963190185 0.04736842105263158
0 0.5257668711656441 0.2026315789473684 0.00245398773006135 0.04035087719298246
0 0.6147239263803681 0.393859649122807 0.0036809815950920245 0.06140350877192982
0 0.5915644171779141 0.2596491228070175 0.0027607361963190185 0.04912280701754386
0 0.5361963190184049 0.27456140350877195 0.003067484662576687 0.05087719298245614
0 0.5541411042944785 0.17280701754385966 0.002147239263803681 0.03684210526315789
0 0.5516871165644172 0.23596491228070177 0.003374233128834356 0.054385964912280704
0 0.7105828220858895 0.30701754385964913 0.003374233128834356 0.04912280701754386
0 0.6202453987730061 0.2736842105263158 0.0036809815950920245 0.056140350877192984
0 0.625920245398773 0.3429824561403509 0.003374233128834356 0.05789473684210526
0 0.6006134969325153 0.22543859649122808 0.0036809815950920245 0.054385964912280704
0 0.5970858895705522 0.20350877192982456 0.003374233128834356 0.04912280701754386
0 0.5516871165644172 0.38859649122807016 0.003987730061349694 0.06140350877192982
0 0.5641104294478527 0.27456140350877195 0.003067484662576687 0.05087719298245614
0 0.5283742331288344 0.24298245614035088 0.0027607361963190185 0.04736842105263158
0 0.5576687116564417 0.21052631578947367 0.003067484662576687 0.0456140350877193
0 0.5138036809815951 0.1649122807017544 0.003067484662576687 0.042105263157894736
0 0.4820552147239264 0.21578947368421053 0.0027607361963190185 0.04912280701754386