0 0.26334355828220857 0.3763157894736842 0.003987730061349694 0.054385964912280704
0 0.38788343558282207 0.6807017543859649 0.004601226993865031 0.07368421052631578
0 0.41932515337423315 0.5052631578947369 0.005521472392638037 0.07017543859649122
0 0.4404907975460123 0.38859649122807016 0.0036809815950920245 0.05789473684210526
0 0.4615030674846626 0.27456140350877195 0.0027607361963190185 0.05087719298245614
0 0.5460122699386503 0.5368421052631579 0.0049079754601227 0.07368421052631578
0 0.4825153374233129 0.4 0.0036809815950920245 0.05964912280701754
0 0.524079754601227 0.6570175438596492 0.006441717791411043 0.09649122807017543
0 0.6355828220858896 0.5394736842105263 0.0049079754601227 0.07543859649122807
0 0.5498466257668712 0.3412280701754386 0.003374233128834356 0.04736842105263158
0 0.5444785276073619 0.2675438596491228 0.003067484662576687 0.04736842105263158
0 0.48466257668711654 0.4745614035087719 0.0036809815950920245 0.06491228070175438
0 0.7432515337423313 0.3570175438596491 0.0036809815950920245 0.05789473684210526
0 0.6785276073619632 0.6114035087719298 0.005521472392638037 0.0824561403508772
0 0.5725460122699386 0.7429824561403509 0.006441717791411043 0.09649122807017543
0 0.6101226993865031 0.29035087719298247 0.003067484662576687 0.04736842105263158
0 0.5177914110429448 0.1850877192982456 0.00245398773006135 0.03684210526315789
0 0.37883435582822084 0.7166666666666667 0.005521472392638037 0.1
0 0.5665644171779141 0.5175438596491229 0.0049079754601227 0.07368421052631578
0 0.49095092024539877 0.3131578947368421 0.003374233128834356 0.04736842105263158
0 0.4838957055214724 0.41403508771929826 0.004601226993865031 0.056140350877192984
0 0.46088957055214724 0.19298245614035087 0.0027607361963190185 0.03859649122807018
0 0.4311349693251534 0.4780701754385965 0.004601226993865031 0.06140350877192982