0 0.2532208588957055 0.36578947368421055 0.003987730061349694 0.054385964912280704
0 0.4901840490797546 0.7447368421052631 0.006134969325153374 0.08596491228070176
0 0.41226993865030676 0.5201754385964912 0.0049079754601227 0.06842105263157895
0 0.4424846625766871 0.31140350877192985 0.003374233128834356 0.054385964912280704
0 0.48588957055214727 0.19210526315789472 0.00245398773006135 0.03684210526315789
0 0.47208588957055214 0.5035087719298246 0.0036809815950920245 0.05964912280701754
0 0.5072085889570552 0.31842105263157894 0.003374233128834356 0.043859649122807015
0 0.5947852760736196 0.5517543859649123 0.0049079754601227 0.05087719298245614
0 0.6282208588957056 0.6429824561403509 0.005521472392638037 0.07543859649122807
0 0.588036809815951 0.3605263157894737 0.0036809815950920245 0.05789473684210526
0 0.5670245398773006 0.22017543859649122 0.003374233128834356 0.04736842105263158
0 0.5386503067484663 0.3385964912280702 0.0036809815950920245 0.056140350877192984
0 0.7423312883435583 0.3570175438596491 0.0036809815950920245 0.05789473684210526
0 0.6430981595092025 0.5710526315789474 0.005214723926380368 0.07894736842105263
0 0.6030674846625766 0.625438596491228 0.006134969325153374 0.06842105263157895
0 0.6190184049079754 0.3929824561403509 0.0036809815950920245 0.05964912280701754
0 0.5938650306748466 0.27982456140350875 0.003067484662576687 0.05087719298245614
0 0.5098159509202455 0.7157894736842105 0.006134969325153374 0.0912280701754386
0 0.5521472392638037 0.5508771929824562 0.0049079754601227 0.07368421052631578
0 0.48190184049079754 0.4763157894736842 0.004294478527607362 0.05789473684210526
0 0.5605828220858896 0.40350877192982454 0.003987730061349694 0.06315789473684211
0 0.5329754601226994 0.2543859649122807 0.003374233128834356 0.0456140350877193
0 0.44831288343558284 0.5456140350877193 0.004601226993865031 0.07719298245614035