0 0.3273006134969325 0.29035087719298247 0.003067484662576687 0.05789473684210526
0 0.49524539877300616 0.4114035087719298 0.003374233128834356 0.04035087719298246
0 0.4611963190184049 0.2631578947368421 0.0027607361963190185 0.04912280701754386
0 0.46319018404907975 0.16666666666666666 0.003067484662576687 0.03859649122807018
0 0.5302147239263804 0.15175438596491228 0.002147239263803681 0.03684210526315789
0 0.5562883435582822 0.2614035087719298 0.0027607361963190185 0.04912280701754386
0 0.5139570552147239 0.18333333333333332 0.002147239263803681 0.02982456140350877
0 0.6076687116564418 0.37280701754385964 0.0036809815950920245 0.05789473684210526
0 0.5866564417177914 0.25 0.0027607361963190185 0.043859649122807015
0 0.5297546012269939 0.2710526315789474 0.003067484662576687 0.05087719298245614
0 0.5579754601226994 0.16052631578947368 0.00245398773006135 0.03333333333333333
0 0.5391104294478528 0.23157894736842105 0.003374233128834356 0.05263157894736842
0 0.7162576687116564 0.3017543859649123 0.003067484662576687 0.05263157894736842
0 0.602760736196319 0.27017543859649124 0.003067484662576687 0.04912280701754386
0 0.6280674846625767 0.3368421052631579 0.003374233128834356 0.056140350877192984
0 0.5996932515337423 0.22105263157894736 0.0036809815950920245 0.04912280701754386
0 0.5808282208588957 0.1780701754385965 0.0027607361963190185 0.03684210526315789
0 0.5484662576687117 0.3798245614035088 0.0036809815950920245 0.06140350877192982
0 0.5644171779141104 0.2710526315789474 0.003067484662576687 0.05087719298245614
0 0.5226993865030675 0.21140350877192982 0.00245398773006135 0.043859649122807015
0 0.5687116564417178 0.20877192982456141 0.0036809815950920245 0.0456140350877193
0 0.5380368098159509 0.16842105263157894 0.00245398773006135 0.03859649122807018
0 0.48190184049079754 0.21754385964912282 0.003067484662576687 0.04912280701754386