0 0.2719325153374233 0.3412280701754386 0.004601226993865031 0.07192982456140351
0 0.42484662576687116 0.5342105263157895 0.0049079754601227 0.06842105263157895
0 0.4378834355828221 0.41842105263157897 0.003987730061349694 0.06491228070175438
0 0.4539877300613497 0.3 0.003067484662576687 0.05263157894736842
0 0.4406441717791411 0.22807017543859648 0.0027607361963190185 0.0456140350877193
0 0.4840490797546012 0.3850877192982456 0.0036809815950920245 0.06140350877192982
0 0.5058282208588957 0.2912280701754386 0.003067484662576687 0.042105263157894736
0 0.4946319018404908 0.5008771929824561 0.004601226993865031 0.06842105263157895
0 0.5638036809815951 0.45263157894736844 0.004294478527607362 0.06315789473684211
0 0.5377300613496933 0.3649122807017544 0.0036809815950920245 0.05964912280701754
0 0.5059815950920246 0.2219298245614035 0.003374233128834356 0.04736842105263158
0 0.4746932515337423 0.4219298245614035 0.003987730061349694 0.06491228070175438
0 0.7096625766871165 0.32456140350877194 0.003374233128834356 0.056140350877192984
0 0.6207055214723927 0.4219298245614035 0.003987730061349694 0.06491228070175438
0 0.43941717791411045 0.6771929824561403 0.005828220858895706 0.08421052631578947
0 0.5812883435582822 0.30350877192982456 0.003067484662576687 0.0456140350877193
0 0.528680981595092 0.1780701754385965 0.002147239263803681 0.02631578947368421
0 0.4148773006134969 0.5412280701754386 0.004601226993865031 0.07543859649122807
0 0.5177914110429448 0.3701754385964912 0.0036809815950920245 0.05964912280701754
0 0.5150306748466258 0.27017543859649124 0.003067484662576687 0.04912280701754386
0 0.5157975460122699 0.30350877192982456 0.004601226993865031 0.05964912280701754
0 0.4570552147239264 0.16666666666666666 0.003067484662576687 0.0456140350877193
0 0.4269938650306748 0.5517543859649123 0.0049079754601227 0.07543859649122807