0 0.2860429447852761 0.34649122807017546 0.0027607361963190185 0.06491228070175438
0 0.45291411042944785 0.6824561403508772 0.005828220858895706 0.08070175438596491
0 0.42208588957055215 0.45087719298245615 0.004294478527607362 0.06666666666666667
0 0.45015337423312884 0.24473684210526317 0.0027607361963190185 0.04736842105263158
0 0.526840490797546 0.17543859649122806 0.003374233128834356 0.03859649122807018
0 0.46748466257668714 0.2982456140350877 0.003067484662576687 0.05263157894736842
0 0.499079754601227 0.47543859649122805 0.004294478527607362 0.07017543859649122
0 0.599079754601227 0.5087719298245614 0.004294478527607362 0.06666666666666667
0 0.5987730061349693 0.4482456140350877 0.004294478527607362 0.05789473684210526
0 0.5780674846625767 0.3280701754385965 0.003374233128834356 0.05263157894736842
0 0.4901840490797546 0.3649122807017544 0.003067484662576687 0.056140350877192984
0 0.5374233128834356 0.28157894736842104 0.003067484662576687 0.05087719298245614
0 0.7302147239263803 0.3368421052631579 0.003374233128834356 0.056140350877192984
0 0.6225460122699387 0.42719298245614035 0.003987730061349694 0.06491228070175438
0 0.6096625766871165 0.506140350877193 0.004601226993865031 0.07192982456140351
0 0.6053680981595092 0.3333333333333333 0.003374233128834356 0.056140350877192984
0 0.5789877300613497 0.24385964912280703 0.0027607361963190185 0.0456140350877193
0 0.5418711656441718 0.5991228070175438 0.005214723926380368 0.0824561403508772
0 0.5654907975460123 0.4324561403508772 0.003987730061349694 0.06491228070175438
0 0.49754601226993866 0.3631578947368421 0.0036809815950920245 0.05964912280701754
0 0.5789877300613497 0.33157894736842103 0.005214723926380368 0.05964912280701754
0 0.498159509202454 0.2956140350877193 0.004294478527607362 0.05087719298245614
0 0.48067484662576687 0.45526315789473687 0.0036809815950920245 0.06140350877192982