0 0.25291411042944784 0.3798245614035088 0.003374233128834356 0.05087719298245614
0 0.4157975460122699 0.5622807017543859 0.005214723926380368 0.06842105263157895
0 0.420398773006135 0.6912280701754386 0.005828220858895706 0.06315789473684211
0 0.41411042944785276 0.42280701754385963 0.004294478527607362 0.07368421052631578
0 0.4411042944785276 0.2964912280701754 0.003067484662576687 0.04912280701754386
0 0.5288343558282208 0.6271929824561403 0.005521472392638037 0.0824561403508772
0 0.47484662576687114 0.4780701754385965 0.004294478527607362 0.05087719298245614
0 0.4878834355828221 0.7219298245614035 0.005828220858895706 0.09298245614035087
0 0.691717791411043 0.6105263157894737 0.005521472392638037 0.07017543859649122
0 0.5746932515337423 0.42719298245614035 0.003987730061349694 0.06491228070175438
0 0.536963190184049 0.2657894736842105 0.0027607361963190185 0.04035087719298246
0 0.49447852760736194 0.45263157894736844 0.0036809815950920245 0.06315789473684211
0 0.7358895705521472 0.3605263157894737 0.0036809815950920245 0.05789473684210526
0 0.6791411042944785 0.5570175438596491 0.004294478527607362 0.07894736842105263
0 0.4648773006134969 0.6877192982456141 0.00705521472392638 0.09473684210526316
0 0.6354294478527608 0.31140350877192985 0.003374233128834356 0.054385964912280704
0 0.5671779141104294 0.21842105263157896 0.00245398773006135 0.04035087719298246
0 0.4361963190184049 0.5263157894736842 0.0049079754601227 0.06315789473684211
0 0.5952453987730061 0.5675438596491228 0.005214723926380368 0.07894736842105263
0 0.4690184049079755 0.362280701754386 0.0036809815950920245 0.05087719298245614
0 0.5585889570552147 0.46403508771929824 0.004294478527607362 0.06842105263157895
0 0.46595092024539875 0.2131578947368421 0.00245398773006135 0.043859649122807015
0 0.4708588957055215 0.762280701754386 0.005521472392638037 0.07894736842105263