0 0.2647239263803681 0.35350877192982455 0.0036809815950920245 0.043859649122807015
0 0.4138036809815951 0.5605263157894737 0.0049079754601227 0.05789473684210526
0 0.43941717791411045 0.4473684210526316 0.003987730061349694 0.06666666666666667
0 0.4292944785276074 0.34649122807017546 0.003374233128834356 0.054385964912280704
0 0.4383435582822086 0.2929824561403509 0.003067484662576687 0.05263157894736842
0 0.47070552147239264 0.4885964912280702 0.003987730061349694 0.06491228070175438
0 0.5257668711656441 0.3631578947368421 0.004294478527607362 0.042105263157894736
0 0.5371165644171779 0.47368421052631576 0.004294478527607362 0.05964912280701754
0 0.5921779141104294 0.32105263157894737 0.003374233128834356 0.05263157894736842
0 0.5177914110429448 0.3798245614035088 0.0049079754601227 0.06140350877192982
0 0.5826687116564417 0.23421052631578948 0.0027607361963190185 0.03684210526315789
0 0.5226993865030675 0.4473684210526316 0.0049079754601227 0.06315789473684211
0 0.7308282208588958 0.33596491228070174 0.0027607361963190185 0.043859649122807015
0 0.6058282208588958 0.4456140350877193 0.004294478527607362 0.06666666666666667
0 0.5483128834355828 0.5780701754385965 0.005214723926380368 0.07543859649122807
0 0.5906441717791411 0.30087719298245613 0.003987730061349694 0.04736842105263158
0 0.5734662576687116 0.24649122807017543 0.0027607361963190185 0.04736842105263158
0 0.4397239263803681 0.6447368421052632 0.005828220858895706 0.08596491228070176
0 0.4947852760736196 0.5070175438596491 0.0049079754601227 0.06315789473684211
0 0.4736196319018405 0.34649122807017546 0.0036809815950920245 0.05087719298245614
0 0.5449386503067485 0.37105263157894736 0.004601226993865031 0.06140350877192982
0 0.44877300613496934 0.2219298245614035 0.0036809815950920245 0.054385964912280704
0 0.4523006134969325 0.4631578947368421 0.003987730061349694 0.05964912280701754