0 0.3001533742331288 0.3333333333333333 0.003374233128834356 0.056140350877192984
0 0.4883435582822086 0.4824561403508772 0.004294478527607362 0.07017543859649122
0 0.4915644171779141 0.3368421052631579 0.003987730061349694 0.06315789473684211
0 0.49079754601226994 0.26403508771929823 0.0036809815950920245 0.04736842105263158
0 0.495398773006135 0.2026315789473684 0.00245398773006135 0.03684210526315789
0 0.6156441717791411 0.2894736842105263 0.003067484662576687 0.0456140350877193
0 0.5409509202453988 0.23684210526315788 0.0027607361963190185 0.031578947368421054
0 0.5734662576687116 0.4236842105263158 0.003987730061349694 0.05087719298245614
0 0.6515337423312884 0.36666666666666664 0.0036809815950920245 0.0456140350877193
0 0.646319018404908 0.20877192982456141 0.00245398773006135 0.031578947368421054
0 0.5653374233128834 0.20614035087719298 0.00245398773006135 0.043859649122807015
0 0.558282208588957 0.32719298245614037 0.003067484662576687 0.05087719298245614
0 0.7242331288343559 0.27456140350877195 0.003067484662576687 0.04035087719298246
0 0.7430981595092024 0.4789473684210526 0.004601226993865031 0.07017543859649122
0 0.6366564417177915 0.6649122807017543 0.005828220858895706 0.08421052631578947
0 0.6435582822085889 0.16403508771929826 0.003067484662576687 0.043859649122807015
0 0.5365030674846626 0.15964912280701754 0.003067484662576687 0.042105263157894736
0 0.498159509202454 0.5508771929824562 0.0049079754601227 0.07719298245614035
0 0.6256134969325153 0.3280701754385965 0.003374233128834356 0.056140350877192984
0 0.5059815950920246 0.2614035087719298 0.0027607361963190185 0.03859649122807018
0 0.6062883435582822 0.23421052631578948 0.0027607361963190185 0.043859649122807015
0 0.5220858895705521 0.20087719298245615 0.0036809815950920245 0.043859649122807015
0 0.48680981595092027 0.30087719298245613 0.004294478527607362 0.05087719298245614