0 0.2950920245398773 0.3587719298245614 0.00245398773006135 0.043859649122807015
0 0.5236196319018405 0.6175438596491228 0.005521472392638037 0.07719298245614035
0 0.5403374233128835 0.4842105263157895 0.004601226993865031 0.07017543859649122
0 0.48819018404907977 0.35526315789473684 0.0027607361963190185 0.06140350877192982
0 0.5004601226993866 0.23771929824561402 0.0027607361963190185 0.04736842105263158
0 0.6726993865030675 0.4324561403508772 0.004294478527607362 0.06491228070175438
0 0.5625766871165644 0.3824561403508772 0.0036809815950920245 0.056140350877192984
0 0.6912576687116564 0.5859649122807018 0.005214723926380368 0.06315789473684211
0 0.7898773006134969 0.5535087719298246 0.0049079754601227 0.06491228070175438
0 0.7697852760736197 0.41842105263157897 0.003987730061349694 0.06491228070175438
0 0.5863496932515337 0.24473684210526317 0.0027607361963190185 0.043859649122807015
0 0.5719325153374233 0.4105263157894737 0.003374233128834356 0.06666666666666667
0 0.7946319018404908 0.39824561403508774 0.003987730061349694 0.06315789473684211
0 0.7973926380368098 0.5877192982456141 0.005214723926380368 0.08070175438596491
0 0.7535276073619632 0.7333333333333333 0.006441717791411043 0.08421052631578947
0 0.6608895705521473 0.2149122807017544 0.0027607361963190185 0.03684210526315789
0 0.554601226993865 0.17894736842105263 0.003067484662576687 0.03859649122807018
0 0.5412576687116565 0.6596491228070176 0.005828220858895706 0.08421052631578947
0 0.6495398773006135 0.49736842105263157 0.004601226993865031 0.07192982456140351
0 0.549079754601227 0.47192982456140353 0.004294478527607362 0.06666666666666667
0 0.6845092024539877 0.38070175438596493 0.003374233128834356 0.05263157894736842
0 0.5075153374233129 0.23508771929824562 0.0027607361963190185 0.0456140350877193
0 0.49493865030674844 0.3780701754385965 0.003374233128834356 0.054385964912280704