0 0.3039877300613497 0.30701754385964913 0.003067484662576687 0.05263157894736842
0 0.5279141104294478 0.6228070175438597 0.005521472392638037 0.08421052631578947
0 0.47745398773006137 0.393859649122807 0.003374233128834356 0.06140350877192982
0 0.4845092024539877 0.22982456140350876 0.0027607361963190185 0.0456140350877193
0 0.5556748466257668 0.17280701754385966 0.003374233128834356 0.03684210526315789
0 0.5141104294478528 0.21929824561403508 0.00245398773006135 0.0456140350877193
0 0.522239263803681 0.33245614035087717 0.003374233128834356 0.04736842105263158
0 0.662883435582822 0.4885964912280702 0.004294478527607362 0.06842105263157895
0 0.6312883435582822 0.27982456140350875 0.003067484662576687 0.04736842105263158
0 0.6029141104294479 0.29210526315789476 0.005214723926380368 0.05789473684210526
0 0.5421779141104295 0.21140350877192982 0.0027607361963190185 0.04035087719298246
0 0.561042944785276 0.24210526315789474 0.003067484662576687 0.04912280701754386
0 0.7452453987730061 0.31842105263157894 0.003374233128834356 0.054385964912280704
0 0.6417177914110429 0.34649122807017546 0.0036809815950920245 0.05789473684210526
0 0.6608895705521473 0.44035087719298244 0.004601226993865031 0.07368421052631578
0 0.6361963190184049 0.2771929824561403 0.0036809815950920245 0.05964912280701754
0 0.5753067484662576 0.18596491228070175 0.003374233128834356 0.0456140350877193
0 0.5970858895705522 0.4921052631578947 0.004601226993865031 0.07192982456140351
0 0.5986196319018405 0.34035087719298246 0.003374233128834356 0.05263157894736842
0 0.5641104294478527 0.27807017543859647 0.003067484662576687 0.05087719298245614
0 0.5846625766871165 0.2517543859649123 0.0036809815950920245 0.054385964912280704
0 0.5572085889570552 0.19912280701754387 0.003987730061349694 0.043859649122807015
0 0.5154907975460122 0.37280701754385964 0.003987730061349694 0.07543859649122807