0 0.24846625766871167 0.3570175438596491 0.00245398773006135 0.06140350877192982
0 0.38220858895705523 0.5456140350877193 0.0036809815950920245 0.06666666666666667
0 0.3901840490797546 0.4631578947368421 0.004294478527607362 0.07368421052631578
0 0.39355828220858896 0.37543859649122807 0.003067484662576687 0.04912280701754386
0 0.41042944785276075 0.29473684210526313 0.003067484662576687 0.06315789473684211
0 0.4549079754601227 0.3701754385964912 0.0036809815950920245 0.05964912280701754
0 0.42868098159509205 0.49298245614035086 0.003987730061349694 0.07017543859649122
0 0.42392638036809815 0.6043859649122807 0.0036809815950920245 0.0824561403508772
0 0.49079754601226994 0.4956140350877193 0.004294478527607362 0.07192982456140351
0 0.5226993865030675 0.3719298245614035 0.0036809815950920245 0.05964912280701754
0 0.4470858895705521 0.24298245614035088 0.0027607361963190185 0.043859649122807015
0 0.4101226993865031 0.5666666666666667 0.004294478527607362 0.08771929824561403
0 0.7180981595092024 0.3482456140350877 0.0036809815950920245 0.05789473684210526
0 0.5256134969325154 0.5429824561403509 0.004601226993865031 0.07894736842105263
0 0.421319018404908 0.7666666666666667 0.006441717791411043 0.09824561403508772
0 0.6044478527607362 0.3105263157894737 0.003374233128834356 0.05263157894736842
0 0.4699386503067485 0.1824561403508772 0.00245398773006135 0.03508771929824561
0 0.35874233128834354 0.7280701754385965 0.006441717791411043 0.09473684210526316
0 0.4325153374233129 0.5271929824561403 0.0036809815950920245 0.06491228070175438
0 0.4026073619631902 0.48596491228070177 0.004601226993865031 0.06666666666666667
0 0.4726993865030675 0.37719298245614036 0.0036809815950920245 0.05263157894736842
0 0.42300613496932515 0.2833333333333333 0.003067484662576687 0.05087719298245614
0 0.39447852760736196 0.4131578947368421 0.004294478527607362 0.07192982456140351