0 0.2753067484662577 0.34649122807017546 0.003987730061349694 0.05789473684210526
0 0.4452453987730061 0.5201754385964912 0.003987730061349694 0.06491228070175438
0 0.4661042944785276 0.39824561403508774 0.003987730061349694 0.06315789473684211
0 0.46748466257668714 0.2868421052631579 0.003067484662576687 0.05087719298245614
0 0.47208588957055214 0.2149122807017544 0.00245398773006135 0.043859649122807015
0 0.4947852760736196 0.35175438596491226 0.0036809815950920245 0.05789473684210526
0 0.5134969325153375 0.26228070175438595 0.0036809815950920245 0.04736842105263158
0 0.48098159509202454 0.4745614035087719 0.004294478527607362 0.06140350877192982
0 0.553680981595092 0.38421052631578945 0.0036809815950920245 0.04912280701754386
0 0.5421779141104295 0.31140350877192985 0.003374233128834356 0.054385964912280704
0 0.521319018404908 0.20789473684210527 0.003374233128834356 0.04035087719298246
0 0.49003067484662577 0.4087719298245614 0.003987730061349694 0.06315789473684211
0 0.722239263803681 0.32456140350877194 0.003374233128834356 0.056140350877192984
0 0.6308282208588957 0.4070175438596491 0.003987730061349694 0.06315789473684211
0 0.5569018404907975 0.724561403508772 0.006441717791411043 0.09473684210526316
0 0.602760736196319 0.27280701754385966 0.003067484662576687 0.05087719298245614
0 0.5251533742331288 0.16666666666666666 0.00245398773006135 0.0456140350877193
0 0.4489263803680982 0.631578947368421 0.005214723926380368 0.08421052631578947
0 0.5556748466257668 0.3447368421052632 0.003374233128834356 0.05789473684210526
0 0.5115030674846626 0.22543859649122808 0.003374233128834356 0.04035087719298246
0 0.48466257668711654 0.28421052631578947 0.003067484662576687 0.04912280701754386
0 0.47208588957055214 0.17280701754385966 0.003067484662576687 0.04035087719298246
0 0.45674846625766874 0.4087719298245614 0.0036809815950920245 0.06666666666666667