0 0.28819018404907976 0.3543859649122807 0.003987730061349694 0.04912280701754386
0 0.4920245398773006 0.5894736842105263 0.0049079754601227 0.08070175438596491
0 0.47883435582822087 0.41228070175438597 0.003067484662576687 0.056140350877192984
0 0.48420245398773004 0.3236842105263158 0.003374233128834356 0.054385964912280704
0 0.49187116564417177 0.21140350877192982 0.003987730061349694 0.054385964912280704
0 0.5427914110429448 0.4 0.003374233128834356 0.056140350877192984
0 0.5346625766871166 0.29210526315789476 0.003067484662576687 0.04035087719298246
0 0.5978527607361963 0.5157894736842106 0.0049079754601227 0.07368421052631578
0 0.6466257668711657 0.38859649122807016 0.0036809815950920245 0.06140350877192982
0 0.6512269938650307 0.2868421052631579 0.003067484662576687 0.05087719298245614
0 0.5773006134969325 0.21842105263157896 0.00245398773006135 0.04035087719298246
0 0.5375766871165644 0.4043859649122807 0.003374233128834356 0.054385964912280704
0 0.7498466257668711 0.34649122807017546 0.003374233128834356 0.05789473684210526
0 0.7654907975460122 0.5070175438596491 0.004601226993865031 0.07368421052631578
0 0.6739263803680982 0.7219298245614035 0.006134969325153374 0.09298245614035087
0 0.6766871165644172 0.2324561403508772 0.003067484662576687 0.03684210526315789
0 0.5682515337423313 0.17719298245614035 0.0027607361963190185 0.0456140350877193
0 0.49601226993865033 0.6570175438596492 0.006134969325153374 0.08947368421052632
0 0.5912576687116564 0.4245614035087719 0.003987730061349694 0.056140350877192984
0 0.5050613496932516 0.3350877192982456 0.003374233128834356 0.05263157894736842
0 0.6164110429447853 0.3078947368421053 0.003374233128834356 0.054385964912280704
0 0.49570552147239266 0.17543859649122806 0.003067484662576687 0.0456140350877193
0 0.47883435582822087 0.3956140350877193 0.0036809815950920245 0.06140350877192982