0 0.24877300613496933 0.3824561403508772 0.003067484662576687 0.04912280701754386
0 0.39723926380368096 0.5640350877192982 0.0049079754601227 0.054385964912280704
0 0.4049079754601227 0.6982456140350877 0.006134969325153374 0.08421052631578947
0 0.4026073619631902 0.42894736842105263 0.003987730061349694 0.06140350877192982
0 0.43374233128834355 0.30526315789473685 0.003067484662576687 0.042105263157894736
0 0.5079754601226993 0.6166666666666667 0.005521472392638037 0.054385964912280704
0 0.4575153374233129 0.5026315789473684 0.004601226993865031 0.04736842105263158
0 0.46365030674846625 0.737719298245614 0.005214723926380368 0.07192982456140351
0 0.6846625766871166 0.6140350877192983 0.005521472392638037 0.06315789473684211
0 0.566717791411043 0.4219298245614035 0.003987730061349694 0.05789473684210526
0 0.5266871165644171 0.26666666666666666 0.003067484662576687 0.042105263157894736
0 0.48052147239263804 0.45614035087719296 0.003987730061349694 0.06315789473684211
0 0.7306748466257669 0.3649122807017544 0.0036809815950920245 0.05964912280701754
0 0.6634969325153375 0.5543859649122806 0.004294478527607362 0.08070175438596491
0 0.4306748466257669 0.6754385964912281 0.006748466257668712 0.09473684210526316
0 0.6271472392638037 0.31491228070175437 0.003374233128834356 0.05087719298245614
0 0.5605828220858896 0.2236842105263158 0.0027607361963190185 0.043859649122807015
0 0.4352760736196319 0.5307017543859649 0.0049079754601227 0.06842105263157895
0 0.5794478527607362 0.5596491228070175 0.0049079754601227 0.05964912280701754
0 0.46319018404907975 0.35964912280701755 0.0036809815950920245 0.05263157894736842
0 0.5503067484662577 0.4649122807017544 0.004294478527607362 0.06666666666666667
0 0.4584355828220859 0.2131578947368421 0.0027607361963190185 0.04736842105263158
0 0.4624233128834356 0.7675438596491229 0.005214723926380368 0.07543859649122807