0 0.252760736196319 0.36403508771929827 0.003067484662576687 0.05087719298245614
0 0.41886503067484665 0.606140350877193 0.003987730061349694 0.0824561403508772
0 0.4124233128834356 0.5368421052631579 0.005214723926380368 0.08070175438596491
0 0.42714723926380366 0.38859649122807016 0.003987730061349694 0.06140350877192982
0 0.4312883435582822 0.2833333333333333 0.003067484662576687 0.05087719298245614
0 0.49938650306748467 0.5228070175438596 0.0049079754601227 0.07368421052631578
0 0.47822085889570554 0.45 0.004294478527607362 0.05789473684210526
0 0.5312883435582823 0.6192982456140351 0.005521472392638037 0.08070175438596491
0 0.6059815950920245 0.5894736842105263 0.005214723926380368 0.08070175438596491
0 0.5480061349693252 0.47192982456140353 0.004601226993865031 0.05964912280701754
0 0.4855828220858896 0.2649122807017544 0.003067484662576687 0.0456140350877193
0 0.4570552147239264 0.4728070175438597 0.0036809815950920245 0.07192982456140351
0 0.7220858895705522 0.3649122807017544 0.0036809815950920245 0.05964912280701754
0 0.6216257668711657 0.5087719298245614 0.004601226993865031 0.07368421052631578
0 0.3579754601226994 0.6947368421052632 0.006134969325153374 0.0912280701754386
0 0.617638036809816 0.32894736842105265 0.003374233128834356 0.054385964912280704
0 0.5388036809815951 0.2219298245614035 0.0027607361963190185 0.043859649122807015
0 0.41932515337423315 0.543859649122807 0.0049079754601227 0.07719298245614035
0 0.551840490797546 0.4824561403508772 0.005521472392638037 0.07368421052631578
0 0.47438650306748464 0.3350877192982456 0.003374233128834356 0.056140350877192984
0 0.5256134969325154 0.40350877192982454 0.003987730061349694 0.06315789473684211
0 0.44877300613496934 0.1912280701754386 0.00245398773006135 0.042105263157894736
0 0.4657975460122699 0.6973684210526315 0.00705521472392638 0.08947368421052632