0 0.19003067484662578 0.4201754385964912 0.003374233128834356 0.05087719298245614
0 0.2102760736196319 0.7868421052631579 0.006441717791411043 0.1
0 0.1579754601226994 0.6403508771929824 0.005521472392638037 0.07368421052631578
0 0.3173312883435583 0.4114035087719298 0.003374233128834356 0.06491228070175438
0 0.3590490797546012 0.31842105263157894 0.003374233128834356 0.04035087719298246
0 0.3803680981595092 0.6421052631578947 0.004294478527607362 0.0912280701754386
0 0.38788343558282207 0.4903508771929825 0.004601226993865031 0.06491228070175438
0 0.499079754601227 0.6675438596491228 0.0049079754601227 0.07894736842105263
0 0.5628834355828221 0.6526315789473685 0.005521472392638037 0.08421052631578947
0 0.498159509202454 0.3850877192982456 0.0036809815950920245 0.06140350877192982
0 0.496319018404908 0.3026315789473684 0.003067484662576687 0.04736842105263158
0 0.4233128834355828 0.4728070175438597 0.004294478527607362 0.07543859649122807
0 0.695398773006135 0.3736842105263158 0.0036809815950920245 0.05964912280701754
0 0.5437116564417178 0.5771929824561404 0.005214723926380368 0.08070175438596491
0 0.5044478527607362 0.6850877192982456 0.005214723926380368 0.09649122807017543
0 0.5446319018404908 0.4087719298245614 0.003987730061349694 0.06315789473684211
0 0.5072085889570552 0.29385964912280704 0.003374233128834356 0.04736842105263158
0 0.3085889570552147 0.7201754385964912 0.006134969325153374 0.09298245614035087
0 0.3861963190184049 0.6403508771929824 0.005521472392638037 0.08421052631578947
0 0.3496932515337423 0.443859649122807 0.004294478527607362 0.06315789473684211
0 0.40904907975460125 0.4982456140350877 0.004601226993865031 0.07368421052631578
0 0.3651840490797546 0.3175438596491228 0.003374233128834356 0.05263157894736842
0 0.24386503067484663 0.5912280701754385 0.005521472392638037 0.06666666666666667