0 0.26226993865030673 0.32105263157894737 0.004294478527607362 0.06315789473684211
0 0.45475460122699385 0.7596491228070176 0.006441717791411043 0.08771929824561403
0 0.374079754601227 0.493859649122807 0.004601226993865031 0.07192982456140351
0 0.40736196319018403 0.2964912280701754 0.003067484662576687 0.05263157894736842
0 0.46656441717791414 0.1850877192982456 0.00245398773006135 0.04035087719298246
0 0.4447852760736196 0.3456140350877193 0.00245398773006135 0.042105263157894736
0 0.48726993865030677 0.2517543859649123 0.0027607361963190185 0.04035087719298246
0 0.6033742331288343 0.531578947368421 0.004294478527607362 0.07719298245614035
0 0.5878834355828221 0.4263157894736842 0.003374233128834356 0.05263157894736842
0 0.5645705521472393 0.31491228070175437 0.003374233128834356 0.054385964912280704
0 0.5412576687116565 0.18771929824561404 0.002147239263803681 0.03508771929824561
0 0.5130368098159509 0.2719298245614035 0.003374233128834356 0.04912280701754386
0 0.729601226993865 0.34035087719298246 0.003374233128834356 0.056140350877192984
0 0.5869631901840491 0.3956140350877193 0.003987730061349694 0.06140350877192982
0 0.6049079754601226 0.4982456140350877 0.004294478527607362 0.07017543859649122
0 0.5762269938650306 0.3219298245614035 0.003374233128834356 0.054385964912280704
0 0.5661042944785276 0.23771929824561402 0.0027607361963190185 0.04736842105263158
0 0.5033742331288343 0.5473684210526316 0.0049079754601227 0.07719298245614035
0 0.5322085889570553 0.38333333333333336 0.0036809815950920245 0.06140350877192982
0 0.4776073619631902 0.3043859649122807 0.003067484662576687 0.05087719298245614
0 0.5243865030674847 0.30526315789473685 0.003374233128834356 0.05263157894736842
0 0.49493865030674844 0.22105263157894736 0.0027607361963190185 0.0456140350877193
0 0.4386503067484663 0.3798245614035088 0.0036809815950920245 0.06140350877192982