0 0.2869631901840491 0.34210526315789475 0.003987730061349694 0.07368421052631578
0 0.47868098159509204 0.5228070175438596 0.004601226993865031 0.07017543859649122
0 0.4825153374233129 0.4043859649122807 0.004294478527607362 0.07192982456140351
0 0.4906441717791411 0.3201754385964912 0.003374233128834356 0.054385964912280704
0 0.4915644171779141 0.22456140350877193 0.0027607361963190185 0.042105263157894736
0 0.661963190184049 0.3368421052631579 0.0036809815950920245 0.056140350877192984
0 0.5501533742331288 0.3192982456140351 0.003374233128834356 0.04912280701754386
0 0.5773006134969325 0.5359649122807018 0.0049079754601227 0.07543859649122807
0 0.6723926380368098 0.4710526315789474 0.004294478527607362 0.06842105263157895
0 0.6269938650306749 0.2692982456140351 0.003067484662576687 0.04736842105263158
0 0.5572085889570552 0.22982456140350876 0.0027607361963190185 0.0456140350877193
0 0.5317484662576687 0.4017543859649123 0.003987730061349694 0.06315789473684211
0 0.7532208588957056 0.34035087719298246 0.003374233128834356 0.056140350877192984
0 0.7133435582822086 0.5052631578947369 0.004601226993865031 0.07368421052631578
0 0.5946319018404908 0.7263157894736842 0.006441717791411043 0.09473684210526316
0 0.6368098159509202 0.18947368421052632 0.00245398773006135 0.042105263157894736
0 0.5343558282208589 0.17280701754385966 0.003067484662576687 0.03333333333333333
0 0.4745398773006135 0.6912280701754386 0.006134969325153374 0.0912280701754386
0 0.6418711656441718 0.4307017543859649 0.003987730061349694 0.05789473684210526
0 0.5414110429447853 0.2833333333333333 0.003067484662576687 0.04736842105263158
0 0.6668711656441718 0.3412280701754386 0.003067484662576687 0.054385964912280704
0 0.5026073619631902 0.21052631578947367 0.0027607361963190185 0.0456140350877193
0 0.48021472392638037 0.36929824561403507 0.004601226993865031 0.06491228070175438