0 0.25291411042944784 0.3587719298245614 0.0027607361963190185 0.06842105263157895
0 0.37285276073619633 0.5570175438596491 0.003987730061349694 0.06491228070175438
0 0.39892638036809813 0.4614035087719298 0.003987730061349694 0.07368421052631578
0 0.38374233128834356 0.40789473684210525 0.003067484662576687 0.06140350877192982
0 0.4072085889570552 0.2885964912280702 0.004601226993865031 0.054385964912280704
0 0.4657975460122699 0.39210526315789473 0.003987730061349694 0.06140350877192982
0 0.4335889570552147 0.5052631578947369 0.003374233128834356 0.06666666666666667
0 0.4325153374233129 0.6210526315789474 0.005521472392638037 0.07719298245614035
0 0.4808282208588957 0.4982456140350877 0.004601226993865031 0.07017543859649122
0 0.5245398773006135 0.3701754385964912 0.0036809815950920245 0.05964912280701754
0 0.4470858895705521 0.2307017543859649 0.0027607361963190185 0.043859649122807015
0 0.4088957055214724 0.5570175438596491 0.004294478527607362 0.08947368421052632
0 0.7188650306748466 0.34649122807017546 0.003374233128834356 0.054385964912280704
0 0.5237730061349694 0.5201754385964912 0.005214723926380368 0.08596491228070176
0 0.42024539877300615 0.7640350877192983 0.006134969325153374 0.09649122807017543
0 0.6078220858895705 0.30964912280701756 0.003374233128834356 0.054385964912280704
0 0.47530674846625764 0.17982456140350878 0.002147239263803681 0.03333333333333333
0 0.35276073619631904 0.7201754385964912 0.006134969325153374 0.09298245614035087
0 0.4653374233128834 0.6157894736842106 0.005521472392638037 0.08421052631578947
0 0.4162576687116564 0.45 0.004294478527607362 0.05789473684210526
0 0.5001533742331289 0.41228070175438597 0.003987730061349694 0.06315789473684211
0 0.42346625766871165 0.26403508771929823 0.003374233128834356 0.054385964912280704
0 0.3889570552147239 0.4245614035087719 0.003067484662576687 0.04912280701754386