0 0.26196319018404907 0.37543859649122807 0.0036809815950920245 0.056140350877192984
0 0.45061349693251534 0.5605263157894737 0.0049079754601227 0.05789473684210526
0 0.43696319018404906 0.6666666666666666 0.005828220858895706 0.08771929824561403
0 0.44033742331288345 0.40789473684210525 0.003987730061349694 0.06491228070175438
0 0.4638036809815951 0.2789473684210526 0.003067484662576687 0.03859649122807018
0 0.5671779141104294 0.6087719298245614 0.006134969325153374 0.09824561403508772
0 0.5069018404907976 0.44298245614035087 0.005214723926380368 0.06140350877192982
0 0.548159509202454 0.7017543859649122 0.006134969325153374 0.056140350877192984
0 0.7039877300613497 0.6078947368421053 0.005521472392638037 0.0824561403508772
0 0.5940184049079754 0.4236842105263158 0.003987730061349694 0.054385964912280704
0 0.556441717791411 0.2736842105263158 0.003067484662576687 0.042105263157894736
0 0.5174846625766871 0.4473684210526316 0.0036809815950920245 0.05964912280701754
0 0.7450920245398773 0.362280701754386 0.0036809815950920245 0.05789473684210526
0 0.7102760736196319 0.5807017543859649 0.005828220858895706 0.08421052631578947
0 0.5191717791411042 0.6921052631578948 0.005214723926380368 0.09298245614035087
0 0.6487730061349694 0.3 0.003067484662576687 0.05263157894736842
0 0.5742331288343558 0.20877192982456141 0.00245398773006135 0.042105263157894736
0 0.46503067484662575 0.5359649122807018 0.0049079754601227 0.07192982456140351
0 0.625920245398773 0.5745614035087719 0.005214723926380368 0.07894736842105263
0 0.4892638036809816 0.36578947368421055 0.0036809815950920245 0.054385964912280704
0 0.5776073619631902 0.4543859649122807 0.004294478527607362 0.06666666666666667
0 0.47822085889570554 0.20877192982456141 0.00245398773006135 0.042105263157894736
0 0.4845092024539877 0.730701754385965 0.005828220858895706 0.0824561403508772