0 0.25966257668711656 0.33596491228070174 0.005214723926380368 0.05789473684210526
0 0.4495398773006135 0.7728070175438596 0.006441717791411043 0.09298245614035087
0 0.3955521472392638 0.512280701754386 0.004601226993865031 0.06315789473684211
0 0.4174846625766871 0.2982456140350877 0.003067484662576687 0.05263157894736842
0 0.47254601226993864 0.1824561403508772 0.002147239263803681 0.028070175438596492
0 0.44631901840490795 0.3780701754385965 0.00245398773006135 0.04035087719298246
0 0.49125766871165644 0.2614035087719298 0.0027607361963190185 0.03859649122807018
0 0.5937116564417177 0.5710526315789474 0.005214723926380368 0.06140350877192982
0 0.59079754601227 0.45789473684210524 0.0036809815950920245 0.056140350877192984
0 0.570398773006135 0.32719298245614037 0.003374233128834356 0.043859649122807015
0 0.5492331288343558 0.1956140350877193 0.0027607361963190185 0.043859649122807015
0 0.5167177914110429 0.28596491228070176 0.003374233128834356 0.05263157894736842
0 0.7299079754601226 0.34035087719298246 0.003374233128834356 0.056140350877192984
0 0.5943251533742331 0.42894736842105263 0.003987730061349694 0.06491228070175438
0 0.6019938650306749 0.5342105263157895 0.003987730061349694 0.06842105263157895
0 0.5872699386503067 0.3385964912280702 0.003374233128834356 0.056140350877192984
0 0.5700920245398773 0.2543859649122807 0.0027607361963190185 0.04912280701754386
0 0.5042944785276073 0.5745614035087719 0.0049079754601227 0.07894736842105263
0 0.5388036809815951 0.4166666666666667 0.003987730061349694 0.06491228070175438
0 0.47684049079754603 0.3333333333333333 0.003374233128834356 0.056140350877192984
0 0.5317484662576687 0.3298245614035088 0.003374233128834356 0.056140350877192984
0 0.504601226993865 0.22807017543859648 0.003067484662576687 0.04912280701754386
0 0.44033742331288345 0.4166666666666667 0.003987730061349694 0.06491228070175438