0 0.2383435582822086 0.36578947368421055 0.00245398773006135 0.054385964912280704
0 0.4003067484662577 0.6947368421052632 0.006134969325153374 0.07368421052631578
0 0.39892638036809813 0.5666666666666667 0.005214723926380368 0.056140350877192984
0 0.3806748466257669 0.4473684210526316 0.004294478527607362 0.06666666666666667
0 0.39217791411042946 0.3333333333333333 0.003374233128834356 0.05263157894736842
0 0.4331288343558282 0.4587719298245614 0.004294478527607362 0.06842105263157895
0 0.42622699386503066 0.6587719298245615 0.005828220858895706 0.0824561403508772
0 0.4480061349693252 0.6850877192982456 0.005214723926380368 0.09649122807017543
0 0.5067484662576687 0.5342105263157895 0.004294478527607362 0.07543859649122807
0 0.5190184049079755 0.37719298245614036 0.0036809815950920245 0.05964912280701754
0 0.43757668711656444 0.24649122807017543 0.0027607361963190185 0.04736842105263158
0 0.41411042944785276 0.4885964912280702 0.004294478527607362 0.07894736842105263
0 0.7239263803680982 0.3631578947368421 0.0036809815950920245 0.05964912280701754
0 0.5498466257668712 0.5710526315789474 0.005214723926380368 0.07894736842105263
0 0.4124233128834356 0.7535087719298246 0.007668711656441718 0.09298245614035087
0 0.5579754601226994 0.36666666666666664 0.0036809815950920245 0.05964912280701754
0 0.5062883435582822 0.2307017543859649 0.0027607361963190185 0.043859649122807015
0 0.39631901840490796 0.706140350877193 0.007361963190184049 0.0824561403508772
0 0.45199386503067485 0.5789473684210527 0.005828220858895706 0.07719298245614035
0 0.40843558282208586 0.5885964912280702 0.005214723926380368 0.06842105263157895
0 0.45812883435582824 0.4842105263157895 0.004601226993865031 0.07017543859649122
0 0.404601226993865 0.2807017543859649 0.004294478527607362 0.056140350877192984
0 0.3432515337423313 0.5903508771929824 0.004294478527607362 0.07894736842105263