0 0.25950920245398773 0.33771929824561403 0.0049079754601227 0.05789473684210526
0 0.4507668711656442 0.7684210526315789 0.006441717791411043 0.09824561403508772
0 0.4012269938650307 0.519298245614035 0.0049079754601227 0.07368421052631578
0 0.41840490797546015 0.30350877192982456 0.003067484662576687 0.05263157894736842
0 0.4736196319018405 0.18859649122807018 0.00245398773006135 0.04035087719298246
0 0.4470858895705521 0.38421052631578945 0.002147239263803681 0.03859649122807018
0 0.49217791411042944 0.2657894736842105 0.0027607361963190185 0.03684210526315789
0 0.5866564417177914 0.5719298245614035 0.005214723926380368 0.07017543859649122
0 0.5927914110429447 0.4649122807017544 0.003987730061349694 0.05964912280701754
0 0.5719325153374233 0.3280701754385965 0.003374233128834356 0.042105263157894736
0 0.5504601226993865 0.19824561403508772 0.0027607361963190185 0.0456140350877193
0 0.5179447852760736 0.29210526315789476 0.003374233128834356 0.054385964912280704
0 0.7299079754601226 0.34035087719298246 0.003374233128834356 0.056140350877192984
0 0.5960122699386503 0.4368421052631579 0.004294478527607362 0.06666666666666667
0 0.5975460122699386 0.5359649122807018 0.004294478527607362 0.06842105263157895
0 0.5891104294478527 0.34210526315789475 0.003374233128834356 0.056140350877192984
0 0.5710122699386503 0.2543859649122807 0.0027607361963190185 0.0456140350877193
0 0.5039877300613497 0.5728070175438597 0.0049079754601227 0.07894736842105263
0 0.5406441717791411 0.4219298245614035 0.003987730061349694 0.06491228070175438
0 0.4762269938650307 0.3385964912280702 0.003374233128834356 0.04912280701754386
0 0.53420245398773 0.3350877192982456 0.003374233128834356 0.056140350877192984
0 0.506441717791411 0.2324561403508772 0.003067484662576687 0.05087719298245614
0 0.4400306748466258 0.4298245614035088 0.003987730061349694 0.06315789473684211