0 0.34049079754601225 0.2789473684210526 0.003067484662576687 0.056140350877192984
0 0.49524539877300616 0.41228070175438597 0.003374233128834356 0.03859649122807018
0 0.4553680981595092 0.2482456140350877 0.0027607361963190185 0.04736842105263158
0 0.4696319018404908 0.19473684210526315 0.00245398773006135 0.042105263157894736
0 0.5320552147239264 0.156140350877193 0.0027607361963190185 0.03859649122807018
0 0.5596625766871166 0.24210526315789474 0.0027607361963190185 0.04912280701754386
0 0.5211656441717791 0.19210526315789472 0.00245398773006135 0.03684210526315789
0 0.6177914110429448 0.37894736842105264 0.0036809815950920245 0.05964912280701754
0 0.5869631901840491 0.2543859649122807 0.0027607361963190185 0.04912280701754386
0 0.5319018404907976 0.27456140350877195 0.003067484662576687 0.05087719298245614
0 0.5547546012269938 0.16666666666666666 0.0027607361963190185 0.0456140350877193
0 0.5467791411042945 0.23157894736842105 0.003374233128834356 0.05263157894736842
0 0.7107361963190184 0.306140350877193 0.003067484662576687 0.043859649122807015
0 0.6073619631901841 0.27017543859649124 0.003067484662576687 0.04912280701754386
0 0.6283742331288343 0.3385964912280702 0.003374233128834356 0.056140350877192984
0 0.5983128834355829 0.2219298245614035 0.003987730061349694 0.05789473684210526
0 0.5886503067484663 0.18859649122807018 0.003067484662576687 0.043859649122807015
0 0.5487730061349694 0.37719298245614036 0.0036809815950920245 0.05964912280701754
0 0.5644171779141104 0.27280701754385966 0.003067484662576687 0.05087719298245614
0 0.526840490797546 0.23157894736842105 0.0027607361963190185 0.0456140350877193
0 0.5576687116564417 0.20877192982456141 0.003067484662576687 0.0456140350877193
0 0.5265337423312884 0.1649122807017544 0.003374233128834356 0.03859649122807018
0 0.48190184049079754 0.21666666666666667 0.003067484662576687 0.05087719298245614