0 0.36073619631901843 0.3192982456140351 0.0036809815950920245 0.056140350877192984
0 0.6331288343558282 0.4605263157894737 0.004294478527607362 0.06842105263157895
0 0.5415644171779141 0.3385964912280702 0.003374233128834356 0.05263157894736842
0 0.527760736196319 0.2614035087719298 0.0027607361963190185 0.04912280701754386
0 0.6760736196319018 0.2219298245614035 0.00245398773006135 0.03684210526315789
0 0.7119631901840491 0.2692982456140351 0.0049079754601227 0.02280701754385965
0 0.5955521472392638 0.2578947368421053 0.0027607361963190185 0.04912280701754386
0 0.7349693251533742 0.36578947368421055 0.003067484662576687 0.06140350877192982
0 0.7170245398773006 0.30964912280701756 0.004601226993865031 0.05789473684210526
0 0.6506134969325154 0.2929824561403509 0.003067484662576687 0.05263157894736842
0 0.5914110429447853 0.193859649122807 0.0018404907975460123 0.04035087719298246
0 0.6622699386503067 0.24473684210526317 0.003067484662576687 0.054385964912280704
0 0.7487730061349693 0.27982456140350875 0.003067484662576687 0.05789473684210526
0 0.7352760736196319 0.26052631578947366 0.0049079754601227 0.06140350877192982
0 0.7507668711656442 0.3482456140350877 0.004601226993865031 0.05087719298245614
0 0.7029141104294478 0.256140350877193 0.003374233128834356 0.04912280701754386
0 0.6967791411042945 0.2394736842105263 0.003374233128834356 0.04035087719298246
0 0.7036809815950921 0.4535087719298246 0.004294478527607362 0.06842105263157895
0 0.6684049079754601 0.3017543859649123 0.003067484662576687 0.05263157894736842
0 0.6595092024539877 0.2675438596491228 0.004294478527607362 0.04736842105263158
0 0.6369631901840491 0.2324561403508772 0.003374233128834356 0.043859649122807015
0 0.6101226993865031 0.18421052631578946 0.003067484662576687 0.03508771929824561
0 0.5302147239263804 0.29210526315789476 0.003374233128834356 0.054385964912280704