0 0.2656441717791411 0.3701754385964912 0.0036809815950920245 0.05263157894736842
0 0.42208588957055215 0.7043859649122807 0.0049079754601227 0.07894736842105263
0 0.43144171779141105 0.493859649122807 0.003374233128834356 0.06140350877192982
0 0.44539877300613495 0.37543859649122807 0.0036809815950920245 0.05964912280701754
0 0.4621165644171779 0.26666666666666666 0.0027607361963190185 0.04912280701754386
0 0.5449386503067485 0.5114035087719299 0.004601226993865031 0.054385964912280704
0 0.4865030674846626 0.38421052631578945 0.0036809815950920245 0.05964912280701754
0 0.5510736196319018 0.6807017543859649 0.006441717791411043 0.0912280701754386
0 0.6334355828220859 0.5245614035087719 0.0049079754601227 0.07017543859649122
0 0.5478527607361963 0.34649122807017546 0.0036809815950920245 0.05789473684210526
0 0.5421779141104295 0.2631578947368421 0.0027607361963190185 0.042105263157894736
0 0.48803680981595093 0.4763157894736842 0.0036809815950920245 0.06491228070175438
0 0.745398773006135 0.35350877192982455 0.0036809815950920245 0.05789473684210526
0 0.6835889570552147 0.5815789473684211 0.005214723926380368 0.07894736842105263
0 0.561042944785276 0.7456140350877193 0.007975460122699387 0.08421052631578947
0 0.6101226993865031 0.2912280701754386 0.003067484662576687 0.05263157894736842
0 0.5145705521472392 0.17982456140350878 0.0027607361963190185 0.04035087719298246
0 0.42024539877300615 0.7517543859649123 0.007975460122699387 0.08947368421052632
0 0.566717791411043 0.5236842105263158 0.004601226993865031 0.07192982456140351
0 0.49325153374233127 0.3017543859649123 0.003067484662576687 0.0456140350877193
0 0.4817484662576687 0.3956140350877193 0.003987730061349694 0.06140350877192982
0 0.4611963190184049 0.19210526315789472 0.0027607361963190185 0.04035087719298246
0 0.43742331288343556 0.46578947368421053 0.004294478527607362 0.06140350877192982