0 0.26319018404907973 0.3192982456140351 0.004294478527607362 0.06315789473684211
0 0.4582822085889571 0.7552631578947369 0.006134969325153374 0.09649122807017543
0 0.36825153374233127 0.4824561403508772 0.004601226993865031 0.05964912280701754
0 0.40429447852760736 0.2912280701754386 0.003067484662576687 0.05263157894736842
0 0.46503067484662575 0.1850877192982456 0.00245398773006135 0.04035087719298246
0 0.4460122699386503 0.3385964912280702 0.003067484662576687 0.04912280701754386
0 0.48665644171779143 0.2517543859649123 0.0027607361963190185 0.043859649122807015
0 0.6015337423312883 0.5228070175438596 0.0036809815950920245 0.06666666666666667
0 0.5849693251533742 0.4219298245614035 0.0036809815950920245 0.054385964912280704
0 0.5638036809815951 0.30964912280701756 0.003067484662576687 0.054385964912280704
0 0.5384969325153375 0.18421052631578946 0.002147239263803681 0.03508771929824561
0 0.5125766871165645 0.27017543859649124 0.003067484662576687 0.04912280701754386
0 0.7292944785276073 0.34035087719298246 0.003374233128834356 0.056140350877192984
0 0.5842024539877301 0.38859649122807016 0.003987730061349694 0.06140350877192982
0 0.6026073619631902 0.49298245614035086 0.003987730061349694 0.06666666666666667
0 0.5737730061349693 0.31666666666666665 0.003374233128834356 0.054385964912280704
0 0.564877300613497 0.23771929824561402 0.0027607361963190185 0.043859649122807015
0 0.503680981595092 0.5342105263157895 0.0049079754601227 0.07543859649122807
0 0.5319018404907976 0.3736842105263158 0.0036809815950920245 0.05964912280701754
0 0.4776073619631902 0.29736842105263156 0.003067484662576687 0.05087719298245614
0 0.5223926380368098 0.29473684210526313 0.003067484662576687 0.05263157894736842
0 0.49187116564417177 0.22017543859649122 0.0027607361963190185 0.04736842105263158
0 0.4386503067484663 0.3701754385964912 0.0036809815950920245 0.056140350877192984