0 0.28328220858895703 0.3219298245614035 0.003987730061349694 0.054385964912280704
0 0.4699386503067485 0.44298245614035087 0.004294478527607362 0.06140350877192982
0 0.46656441717791414 0.33771929824561403 0.003067484662576687 0.054385964912280704
0 0.4789877300613497 0.25263157894736843 0.0027607361963190185 0.04912280701754386
0 0.4794478527607362 0.17894736842105263 0.00245398773006135 0.03859649122807018
0 0.5199386503067485 0.2912280701754386 0.003067484662576687 0.042105263157894736
0 0.5190184049079755 0.21754385964912282 0.00245398773006135 0.042105263157894736
0 0.5633435582822086 0.39824561403508774 0.003987730061349694 0.05263157894736842
0 0.5894171779141104 0.25877192982456143 0.0027607361963190185 0.043859649122807015
0 0.621319018404908 0.22982456140350876 0.0027607361963190185 0.031578947368421054
0 0.5957055214723926 0.1868421052631579 0.00245398773006135 0.03333333333333333
0 0.5283742331288344 0.3219298245614035 0.003374233128834356 0.054385964912280704
0 0.7403374233128834 0.3078947368421053 0.003374233128834356 0.05087719298245614
0 0.6857361963190184 0.3929824561403509 0.004601226993865031 0.07719298245614035
0 0.6360429447852761 0.49736842105263157 0.004601226993865031 0.06140350877192982
0 0.6638036809815951 0.20964912280701756 0.00245398773006135 0.043859649122807015
0 0.6004601226993865 0.18070175438596492 0.002147239263803681 0.031578947368421054
0 0.48374233128834354 0.47017543859649125 0.004294478527607362 0.07017543859649122
0 0.5710122699386503 0.3201754385964912 0.003374233128834356 0.05087719298245614
0 0.49984662576687117 0.24298245614035088 0.0027607361963190185 0.04035087719298246
0 0.5958588957055214 0.24298245614035088 0.0027607361963190185 0.043859649122807015
0 0.48420245398773004 0.17105263157894737 0.004601226993865031 0.04035087719298246
0 0.4690184049079755 0.3307017543859649 0.003067484662576687 0.05789473684210526