0 0.2558282208588957 0.37719298245614036 0.0036809815950920245 0.05263157894736842
0 0.3576687116564417 0.6894736842105263 0.0049079754601227 0.07017543859649122
0 0.40475460122699386 0.512280701754386 0.004601226993865031 0.04912280701754386
0 0.42822085889570555 0.39035087719298245 0.0036809815950920245 0.054385964912280704
0 0.4570552147239264 0.28421052631578947 0.003067484662576687 0.04912280701754386
0 0.5386503067484663 0.5464912280701755 0.0049079754601227 0.07543859649122807
0 0.4737730061349693 0.41228070175438597 0.0027607361963190185 0.056140350877192984
0 0.5076687116564417 0.6491228070175439 0.005521472392638037 0.08771929824561403
0 0.6343558282208589 0.5473684210526316 0.0049079754601227 0.07719298245614035
0 0.5486196319018405 0.3447368421052632 0.003374233128834356 0.05789473684210526
0 0.5429447852760736 0.2692982456140351 0.003067484662576687 0.043859649122807015
0 0.4737730061349693 0.4763157894736842 0.003374233128834356 0.06842105263157895
0 0.7395705521472392 0.35789473684210527 0.0036809815950920245 0.056140350877192984
0 0.6690184049079755 0.6131578947368421 0.005521472392638037 0.0824561403508772
0 0.5687116564417178 0.7175438596491228 0.006134969325153374 0.07368421052631578
0 0.6067484662576688 0.2912280701754386 0.003067484662576687 0.05263157894736842
0 0.5190184049079755 0.1868421052631579 0.00245398773006135 0.03684210526315789
0 0.34754601226993864 0.7096491228070175 0.005521472392638037 0.09649122807017543
0 0.563957055214724 0.512280701754386 0.004601226993865031 0.07368421052631578
0 0.4838957055214724 0.31842105263157894 0.003374233128834356 0.04035087719298246
0 0.47699386503067487 0.42543859649122806 0.004294478527607362 0.054385964912280704
0 0.4569018404907976 0.19824561403508772 0.0027607361963190185 0.03859649122807018
0 0.420398773006135 0.4903508771929825 0.004601226993865031 0.06140350877192982