0 0.36395705521472393 0.3175438596491228 0.002147239263803681 0.056140350877192984
0 0.6220858895705521 0.4710526315789474 0.004294478527607362 0.06842105263157895
0 0.5403374233128835 0.3254385964912281 0.003374233128834356 0.05087719298245614
0 0.528680981595092 0.2614035087719298 0.0027607361963190185 0.0456140350877193
0 0.6377300613496932 0.1631578947368421 0.00245398773006135 0.042105263157894736
0 0.5748466257668712 0.2026315789473684 0.00245398773006135 0.043859649122807015
0 0.6214723926380368 0.26842105263157895 0.003067484662576687 0.0456140350877193
0 0.7184049079754601 0.3815789473684211 0.0036809815950920245 0.06140350877192982
0 0.6746932515337424 0.3280701754385965 0.003374233128834356 0.056140350877192984
0 0.6662576687116565 0.2307017543859649 0.003067484662576687 0.043859649122807015
0 0.6239263803680981 0.17894736842105263 0.0036809815950920245 0.0456140350877193
0 0.6455521472392638 0.23421052631578948 0.003987730061349694 0.05087719298245614
0 0.7679447852760736 0.3236842105263158 0.003987730061349694 0.06140350877192982
0 0.7087423312883435 0.306140350877193 0.005214723926380368 0.05789473684210526
0 0.7269938650306749 0.37456140350877193 0.0036809815950920245 0.054385964912280704
0 0.6684049079754601 0.23157894736842105 0.003067484662576687 0.04912280701754386
0 0.6542944785276074 0.17894736842105263 0.003067484662576687 0.042105263157894736
0 0.6940184049079755 0.4105263157894737 0.003987730061349694 0.06315789473684211
0 0.6906441717791411 0.3201754385964912 0.003374233128834356 0.054385964912280704
0 0.6081288343558282 0.2149122807017544 0.0027607361963190185 0.04736842105263158
0 0.6526073619631901 0.25877192982456143 0.003987730061349694 0.05087719298245614
0 0.6335889570552147 0.1850877192982456 0.003374233128834356 0.043859649122807015
0 0.5450920245398773 0.32105263157894737 0.0036809815950920245 0.05964912280701754