0 0.24355828220858897 0.36666666666666664 0.00245398773006135 0.05263157894736842
0 0.36901840490797544 0.6964912280701754 0.006134969325153374 0.08070175438596491
0 0.4 0.5482456140350878 0.0049079754601227 0.06491228070175438
0 0.37024539877300616 0.4456140350877193 0.004294478527607362 0.06666666666666667
0 0.3875766871165644 0.3298245614035088 0.003374233128834356 0.056140350877192984
0 0.4361963190184049 0.45087719298245615 0.004294478527607362 0.06666666666666667
0 0.43696319018404906 0.6535087719298246 0.005828220858895706 0.0824561403508772
0 0.4598159509202454 0.6710526315789473 0.005521472392638037 0.1
0 0.5065950920245399 0.5289473684210526 0.003987730061349694 0.07543859649122807
0 0.5217791411042945 0.37543859649122807 0.0036809815950920245 0.05964912280701754
0 0.44217791411042945 0.24473684210526317 0.0027607361963190185 0.04736842105263158
0 0.4179447852760736 0.4824561403508772 0.003987730061349694 0.07368421052631578
0 0.7242331288343559 0.3587719298245614 0.0036809815950920245 0.05789473684210526
0 0.556441717791411 0.5745614035087719 0.0049079754601227 0.07894736842105263
0 0.425920245398773 0.7070175438596491 0.00705521472392638 0.08421052631578947
0 0.5613496932515337 0.36666666666666664 0.0036809815950920245 0.05964912280701754
0 0.5059815950920246 0.22631578947368422 0.0027607361963190185 0.0456140350877193
0 0.37791411042944784 0.7236842105263158 0.006134969325153374 0.09298245614035087
0 0.46411042944785275 0.6 0.006134969325153374 0.08421052631578947
0 0.4115030674846626 0.5614035087719298 0.004601226993865031 0.06315789473684211
0 0.4615030674846626 0.47719298245614034 0.004601226993865031 0.07017543859649122
0 0.4032208588957055 0.28421052631578947 0.0027607361963190185 0.05263157894736842
0 0.3380368098159509 0.5903508771929824 0.004294478527607362 0.07543859649122807