0 0.28328220858895703 0.3219298245614035 0.003987730061349694 0.054385964912280704
0 0.46840490797546014 0.443859649122807 0.004294478527607362 0.05964912280701754
0 0.46595092024539875 0.34385964912280703 0.004294478527607362 0.05964912280701754
0 0.47868098159509204 0.25263157894736843 0.0027607361963190185 0.04912280701754386
0 0.4799079754601227 0.17894736842105263 0.002147239263803681 0.03508771929824561
0 0.5199386503067485 0.2912280701754386 0.003067484662576687 0.05263157894736842
0 0.5190184049079755 0.2149122807017544 0.00245398773006135 0.043859649122807015
0 0.564877300613497 0.40614035087719297 0.003987730061349694 0.05789473684210526
0 0.5894171779141104 0.25877192982456143 0.0027607361963190185 0.04736842105263158
0 0.616717791411043 0.23771929824561402 0.0027607361963190185 0.04736842105263158
0 0.5938650306748466 0.18859649122807018 0.00245398773006135 0.04035087719298246
0 0.526840490797546 0.3236842105263158 0.003374233128834356 0.054385964912280704
0 0.7398773006134969 0.30350877192982456 0.003067484662576687 0.05263157894736842
0 0.6820552147239264 0.3929824561403509 0.004601226993865031 0.07368421052631578
0 0.6372699386503068 0.49736842105263157 0.004601226993865031 0.07192982456140351
0 0.661963190184049 0.21228070175438596 0.00245398773006135 0.042105263157894736
0 0.6004601226993865 0.18157894736842106 0.002147239263803681 0.03333333333333333
0 0.48374233128834354 0.4710526315789474 0.004294478527607362 0.06842105263157895
0 0.5710122699386503 0.3219298245614035 0.003374233128834356 0.054385964912280704
0 0.5001533742331289 0.24035087719298245 0.0027607361963190185 0.042105263157894736
0 0.5976993865030675 0.2482456140350877 0.0027607361963190185 0.04736842105263158
0 0.4852760736196319 0.17280701754385966 0.004294478527607362 0.03684210526315789
0 0.4677914110429448 0.33421052631578946 0.003067484662576687 0.05789473684210526